3.936329            
6.592899            
7.153804            
5.032152            
6.168735            
5.287104            
7.165620            
4.403342            
10.876869           
5.206160            
3.852679            
3.897318            
4.070389            
4.433268            
4.588857            
5.504872            
5.515297            
4.918587            
8.706676            
5.440256            
8.143235            
4.397325            
5.024372            
5.851822            
6.681381            
6.299961            
4.679886            
7.862783            
4.834020            
9.493173            
5.290598            
5.133367            
8.855813            
11.593852           
5.635887            
3.703107            
5.467369            
5.049258            
7.556651            
7.997100            
5.831010            
5.632045            
3.735827            
3.745619            
6.268752            
5.542732            
7.636355            
5.108369            
4.339452            
5.248795            
4.903650            
9.667801            
4.638111            
4.133085            
7.969670            
7.357838            
3.957298            
5.999196            
6.374379            
3.214602            
3.250341            
7.735855            
6.455272            
8.746805            
7.330592            
5.714351            
6.848625            
4.681587            
6.382979            
5.067483            
6.753409            
6.428984            
6.554052            
5.858868            
5.763835            
6.896509            
7.373284            
4.835431            
3.612598            
6.210170            
4.773255            
6.092915            
3.785738            
3.612598            
5.553903            
4.363199            
6.827273            
4.490281            
5.661350            
4.671522            
3.548506            
4.629862            
5.196924            
5.575265            
4.338458            
5.748252            
3.527762            
3.828273            
5.132319            
3.758940            
5.179924            
5.820031            
5.955387            
6.054481            
4.936362            
4.111709            
5.298348            
9.862446            
6.949592            
6.043090            
4.978107            
5.611346            
6.531990            
4.987298            
3.885480            
4.685364            
7.389939            
4.936234            
4.886415            
5.084071            
4.937064            
7.608474            
3.657906            
4.715422            
4.238432            
5.150708            
6.680507            
6.727029            
5.765556            
3.646084            
4.938450            
5.335685            
4.337675            
3.699001            
5.603826            
3.300408            
3.719815            
7.374298            
5.061436            
5.700300            
3.834060            
4.816505            
5.898665            
4.985739            
4.195927            
4.195807            
5.246542            
5.057729            
4.129070            
5.094454            
3.139035            
4.747677            
7.771186            
6.371439            
6.297377            
5.127954            
4.643693            
3.947591            
4.613507            
4.687043            
4.924488            
6.346845            
3.793846            
5.061436            
4.643879            
3.634735            
5.789534            
4.218365            
8.386855            
4.679138            
5.447063            
3.653937            
6.540994            
4.522961            
9.315266            
4.019693            
4.303178            
4.441822            
4.799276            
4.488618            
6.537638            
5.377790            
5.894601            
3.826280            
6.129527            
5.031679            
4.247394            
5.564806            
4.268548            
5.260065            
5.882523            
3.575586            
4.617613            
5.147861            
4.198453            
6.403365            
4.924214            
6.989154            
3.292503            
6.900615            
5.525407            
4.376688            
7.351332            
9.277535            
6.135436            
4.419753            
4.830504            
6.604033            
5.771882            
6.719851            
3.449607            
4.554568            
3.678244            
6.386097            
5.110713            
9.821320            
6.656638            
6.710090            
5.973436            
5.617139            
6.889127            
4.096211            
5.725709            
3.558153            
4.672583            
5.479171            
4.644767            
7.539045            
4.720132            
6.223126            
7.028232            
5.993466            
5.838484            
4.657677            
5.691014            
5.361282            
6.316496            
6.085926            
4.855876            
3.940430            
6.586260            
4.871542            
8.048201            
6.621639            
4.939749            
5.667864            
4.990183            
4.086881            
9.773835            
4.344310            
7.025495            
3.758561            
3.762751            
6.729204            
4.312983            
5.422430            
3.718818            
6.242385            
4.869221            
5.227305            
5.101339            
7.648075            
4.948070            
7.470236            
4.299262            
7.484574            
9.060209            
3.742795            
5.068884            
6.165345            
7.773370            
8.518792            
5.381660            
12.773389           
4.431624            
6.045395            
4.207605            
5.822347            
5.162814            
6.671146            
5.055951            
5.058658            
4.203963            
3.688573            
4.664820            
6.194566            
3.112318            
8.255243            
5.814830            
4.082612            
4.491612            
4.079792            
7.120746            
4.295734            
6.456611            
5.712620            
5.512816            
6.430071            
5.767972            
5.630852            
4.012753            
5.634155            
8.038304            
6.451391            
3.473756            
5.061443            
4.293446            
5.620542            
5.113178            
4.683444            
6.430352            
4.700333            
5.479171            
7.618588            
4.052900            
4.470609            
5.705129            
4.065538            
4.420843            
7.454448            
5.216552            
9.717448            
6.718373            
4.630873            
5.013904            
5.781868            
6.559731            
4.592484            
4.837208            
5.570758            
4.811176            
5.895205            
5.463119            
5.668716            
4.915048            
4.048544            
3.957298            
6.703435            
6.189976            
4.512502            
5.572074            
6.518748            
6.662638            
4.065308            
5.072432            
5.254818            
3.433533            
4.189211            
4.865574            
8.623794            
4.439847            
3.638742            
5.961613            
6.072971            
4.110164            
5.899714            
6.207766            
5.863171            
4.261955            
7.573395            
5.119233            
8.522707            
6.311745            
3.465324            
3.396110            
8.158068            
4.372182            
5.155591            
4.121837            
4.142833            
4.853352            
4.443583            
7.795848            
5.264660            
6.156519            
6.640664            
4.051750            
4.880303            
5.409793            
8.146586            
4.489613            
4.169009            
5.369545            
3.750750            
4.934382            
5.395223            
5.634155            
6.378006            
5.816804            
4.596222            
5.004884            
11.326048           
3.158711            
7.332184            
5.933619            
9.492452            
9.351788            
4.479630            
5.952315            
6.095589            
8.217413            
5.980309            
4.586857            
5.107439            
8.256984            
4.598310            
3.804291            
6.764340            
6.423527            
4.932319            
5.786422            
5.953985            
6.888911            
4.781431            
5.885947            
5.503345            
8.150656            
3.878458            
7.813341            
4.793217            
3.588753            
4.366825            
5.553707            
3.369016            
3.277200            
6.151249            
4.514669            
4.483734            
4.485287            
4.164113            
5.354144            
3.812206            
5.784372            
6.475624            
5.854371            
5.278094            
3.223117            
7.270785            
4.507735            
4.905526            
5.931724            
8.185842            
5.349676            
4.158834            
3.582243            
6.861590            
4.692020            
4.277143            
5.349454            
3.112749            
3.368728            
6.385721            
4.203256            
4.963250            
7.771325            
4.629190            
4.968944            
5.471829            
6.403059            
3.304115            
5.805648            
4.276027            
5.945722            
6.767295            
4.101090            
6.990241            
4.372923            
4.439545            
6.280279            
3.918760            
5.831306            
5.366450            
7.225692            
5.863577            
6.197122            
5.952162            
3.983497            
5.018801            
7.464954            
6.586673            
4.607629            
4.490140            
3.588404            
3.228372            
6.460637            
6.237355            
6.548590            
5.000643            
4.395194            
4.376688            
5.090929            
4.977456            
4.240475            
4.108770            
6.320431            
7.039405            
4.857987            
5.014302            
4.853352            
6.603302            
5.062842            
7.504760            
8.982939            
4.826383            
6.657500            
4.270107            
6.409763            
4.841813            
9.095908            
5.472605            
4.689542            
4.731952            
4.748458            
4.948070            
5.928787            
4.472858            
5.143274            
4.282861            
5.928451            
6.448856            
5.339356            
5.614639            
5.191459            
3.649146            
4.852866            
4.624327            
5.573706            
6.044350            
7.924912            
4.712139            
6.397344            
4.136299            
4.334053            
5.485764            
6.087446            
3.760783            
4.826085            
6.173423            
5.833748            
4.432217            
5.167965            
7.374930            
6.860987            
3.395076            
5.580446            
5.559824            
3.976463            
4.370553            
7.653196            
6.440799            
5.219128            
4.205013            
6.113983            
3.870415            
4.996559            
7.055460            
4.265879            
5.358176            
3.852044            
6.560639            
4.596755            
8.059402            
5.021730            
3.728510            
5.921274            
4.378839            
7.116673            
3.241529            
4.450368            
6.375979            
5.370122            
3.938946            
6.471650            
4.817763            
5.601731            
4.849418            
6.168735            
2.983027            
4.035526            
9.392043            
6.944353            
8.285535            
7.616182            
3.620648            
8.019079            
5.397670            
4.830297            
5.070364            
4.168100            
8.644812            
6.896313            
6.216665            
4.174652            
7.971831            
9.116150            
10.654896           
5.040569            
4.343535            
6.779570            
5.686241            
5.019368            
4.808792            
5.571790            
5.618597            
4.041408            
4.069544            
4.136299            
7.501090            
3.758747            
6.208075            
6.515638            
3.647249            
6.206041            
3.585533            
4.677219            
5.139882            
3.840568            
5.413902            
4.797585            
2.800589            
4.295392            
4.504883            
7.093867            
3.881680            
4.009700            
4.108770            
8.201216            
4.884207            
5.154389            
7.793872            
5.416853            
5.098349            
7.529451            
6.602758            
4.208490            
4.680052            
4.911274            
4.729017            
6.626520            
4.271683            
7.813541            
9.360132            
3.448499            
7.123329            
6.851296            
4.002438            
4.125480            
3.488716            
4.690319            
6.411729            
5.148980            
3.291004            
5.800235            
6.691345            
4.778405            
4.100749            
7.596209            
5.015967            
5.208450            
5.392892            
5.539038            
6.619249            
4.997131            
8.698095            
4.184974            
5.114102            
3.658309            
2.965444            
7.105610            
5.333225            
5.380668            
5.552231            
6.196128            
3.841867            
4.284285            
4.836605            
5.444389            
5.225704            
3.778474            
4.349725            
5.632738            
4.976597            
6.305568            
8.428493            
5.316758            
4.065072            
5.156612            
5.350088            
7.048680            
5.893309            
7.037148            
6.754522            
7.013607            
4.325951            
5.568576            
5.090537            
7.053347            
3.822442            
5.415488            
6.045395            
6.384730            
5.769044            
6.534931            
5.059845            
4.452704            
4.151692            
6.223626            
7.151536            
4.838206            
4.494160            
5.966120            
4.037097            
6.305014            
3.999686            
4.500567            
4.922986            
5.447654            
5.365171            
5.379428            
3.771098            
4.180558            
4.713754            
5.571144            
5.967979            
5.346853            
6.282770            
12.997332           
5.734874            
4.075642            
5.807800            
4.483821            
3.876367            
5.212947            
6.252907            
5.789129            
4.308007            
5.226263            
4.769999            
5.157765            
4.760587            
4.659530            
6.004065            
7.301449            
6.619033            
4.113251            
8.028785            
5.842998            
6.025809            
4.734303            
6.686086            
4.298350            
6.945308            
6.798096            
4.423426            
6.822046            
4.009587            
3.940027            
5.339061            
4.112099            
6.285139            
5.851753            
4.923425            
3.500360            
5.521460            
4.605048            
5.388999            
4.598310            
4.402121            
6.115103            
7.331430            
5.521844            
8.041874            
6.618970            
5.203221            
5.456316            
5.567581            
5.750640            
5.652727            
6.794029            
7.121095            
4.956579            
3.240136            
4.453643            
6.741682            
5.525097            
3.944748            
4.162705            
3.607714            
5.693457            
6.230896            
5.049927            
5.591917            
4.432217            
4.617513            
5.344781            
5.195092            
4.729817            
6.358624            
7.621239            
3.968996            
5.644098            
5.936849            
4.540286            
4.893964            
4.305241            
4.537773            
4.906553            
4.641605            
5.386727            
4.175215            
11.047314           
3.493192            
5.919002            
6.320649            
4.237119            
5.569971            
7.536832            
7.327037            
4.621271            
6.118395            
6.236294            
6.508241            
5.122507            
4.168100            
4.926962            
4.857590            
5.685714            
5.014530            
3.864814            
5.084658            
5.233978            
6.313277            
4.096211            
5.837173            
9.023253            
6.374823            
5.925245            
6.115169            
3.938530            
6.595816            
4.944309            
6.225116            
5.102654            
4.078520            
4.830297            
7.519308            
11.771312           
5.281211            
4.578089            
5.199514            
5.966621            
4.266941            
5.416699            
8.418186            
5.862788            
6.480144            
5.898737            
4.066576            
5.571432            
5.309848            
6.772914            
8.974602            
6.042174            
5.458309            
4.558170            
5.978144            
4.150773            
7.005649            
5.801222            
3.635550            
6.454660            
5.896727            
5.341387            
5.534332            
8.635464            
4.468733            
5.735201            
5.118776            
4.034300            
3.119435            
5.721165            
5.387232            
3.771098            
5.026465            
5.264660            
6.278645            
6.468982            
7.081830            
8.502212            
5.651234            
5.822438            
4.346435            
5.017224            
3.704956            
5.979780            
6.839516            
6.754522            
4.705481            
4.032585            
4.651824            
6.528026            
5.367487            
4.885364            
8.041355            
5.994295            
6.357429            
4.395065            
5.244309            
6.818743            
3.742912            
8.389715            
3.610323            
3.828273            
6.485150            
5.124731            
4.646946            
6.222860            
8.105455            
4.243974            
6.228087            
4.214483            
7.567037            
4.204085            
4.298881            
2.999529            
4.454078            
6.413647            
3.739403            
5.909803            
4.974521            
3.419388            
6.331472            
6.325773            
4.189492            
5.620171            
5.812703            
5.198936            
4.330961            
5.173666            
6.583129            
4.669341            
4.806870            
5.300411            
4.812030            
6.781307            
4.474529            
4.466829            
6.111934            
8.229045            
5.585289            
6.356693            
5.560613            
4.973909            
3.500360            
4.731421            
6.885015            
6.010237            
9.190956            
4.853267            
4.450666            
5.050377            
3.615201            
3.494162            
4.895915            
3.007375            
3.762703            
5.886195            
5.150866            
6.570517            
4.266075            
6.786780            
5.508982            
5.516818            
5.072432            
4.230919            
5.339061            
7.976949            
6.480513            
6.203452            
4.865695            
7.221504            
5.880785            
4.756985            
5.705946            
7.567259            
5.746621            
6.087619            
7.028892            
6.285060            
5.889941            
3.943102            
5.376560            
7.313184            
4.045509            
3.577244            
5.129066            
3.648515            
9.883344            
3.985229            
