226                             1                   1e-17               505                 110.70              4.56                15.67               3836329.00          2                   1.33                1.51                1.51                45946.00            22.462656           120.475133          F 
229                             1                   1e-17               505                 110.70              4.56                15.67               3836329.00          2                   0.47                4.21                4.22                16449.00            22.441421           120.512509          F 
219                             1                   1e-17               505                 110.70              4.56                15.67               3836329.00          0                   0.29                0                   0                   10049.00            22.479807           120.518056          F 
221                             1                   1e-17               505                 110.70              4.56                15.67               3836329.00          1                   0.44                2.27                2.28                15245.00            22.515282           120.500660          F 
223                             1                   1e-17               505                 110.70              4.56                15.67               3836329.00          2                   0.94                2.12                2.12                32674.00            22.517190           120.450143          F 
216                             1                   1e-17               505                 110.70              4.56                15.67               3836329.00          1                   0.52                1.94                1.94                17888.00            22.429806           120.547612          F 
284                             1                   1e-17               505                 110.70              4.56                15.67               3836329.00          13                  1.97                6.60                6.72                68216.00            22.508137           120.399052          F 
224                             1                   1e-17               505                 110.70              4.56                15.67               3836329.00          1                   0.27                3.71                3.71                9353.00             22.486763           120.584626          F 
232                             1                   1e-17               505                 110.70              4.56                15.67               3836329.00          3                   1.54                1.95                1.95                53325.00            22.536429           120.556806          F 
238                             1                   1e-17               505                 110.70              4.56                15.67               3836329.00          1                   1.42                0.70                0.70                49252.00            22.588495           120.476619          F 
227                             1                   1e-17               505                 110.70              4.56                15.67               3836329.00          4                   0.66                6.09                6.12                22757.00            22.403342           120.597584          F 
237                             1                   1e-17               505                 110.70              4.56                15.67               3836329.00          1                   0.46                2.19                2.19                15807.00            22.588556           120.526638          F 
279                             1                   1e-17               505                 110.70              4.56                15.67               3836329.00          5                   4.47                1.12                1.12                155009.00           22.551402           120.359261          F 
247                             1                   1e-17               505                 110.70              4.56                15.67               3836329.00          4                   3.23                1.24                1.24                111986.00           22.592836           120.411147          F 
235                             1                   1e-17               505                 110.70              4.56                15.67               3836329.00          0                   0.35                0                   0                   12265.00            22.340003           120.371047          F 
239                             1                   1e-17               505                 110.70              4.56                15.67               3836329.00          1                   0.56                1.80                1.80                19239.00            22.582335           120.601817          F 
280                             1                   1e-17               505                 110.70              4.56                15.67               3836329.00          29                  10.29               2.82                2.90                356536.00           22.613793           120.355436          F 
246                             1                   1e-17               505                 110.70              4.56                15.67               3836329.00          0                   0.30                0                   0                   10544.00            22.648764           120.529969          F 
217                             1                   1e-17               505                 110.70              4.56                15.67               3836329.00          0                   0.21                0                   0                   7390.00             22.501572           120.685723          F 
220                             1                   1e-17               505                 110.70              4.56                15.67               3836329.00          6                   5.59                1.07                1.07                193810.00           22.664738           120.479995          F 
277                             1                   1e-17               505                 110.70              4.56                15.67               3836329.00          24                  5.95                4.04                4.15                206074.00           22.585656           120.289154          F 
225                             1                   1e-17               505                 110.70              4.56                15.67               3836329.00          1                   0.14                7.11                7.12                4874.00             22.403998           120.697580          F 
276                             1                   1e-17               505                 110.70              4.56                15.67               3836329.00          13                  4.73                2.75                2.78                163838.00           22.623594           120.320910          F 
218                             1                   1e-17               505                 110.70              4.56                15.67               3836329.00          0                   1.51                0                   0                   52501.00            22.651169           120.588822          F 
251                             1                   1e-17               505                 110.70              4.56                15.67               3836329.00          9                   1.28                7.03                7.11                44373.00            22.662493           120.372778          F 
274                             1                   1e-17               505                 110.70              4.56                15.67               3836329.00          1                   1.43                0.70                0.70                49598.00            22.629929           120.306734          F 
275                             1                   1e-17               505                 110.70              4.56                15.67               3836329.00          2                   0.78                2.56                2.56                27098.00            22.626991           120.294422          F 
273                             1                   1e-17               505                 110.70              4.56                15.67               3836329.00          18                  9.58                1.88                1.90                331995.00           22.649899           120.317919          F 
269                             1                   1e-17               505                 110.70              4.56                15.67               3836329.00          1                   0.65                1.54                1.54                22539.00            22.624246           120.284233          F 
242                             1                   1e-17               505                 110.70              4.56                15.67               3836329.00          2                   0.84                2.37                2.38                29190.00            22.694550           120.555979          F 
230                             1                   1e-17               505                 110.70              4.56                15.67               3836329.00          1                   0.15                6.55                6.56                5291.00             22.604085           120.691793          F 
248                             1                   1e-17               505                 110.70              4.56                15.67               3836329.00          10                  1.17                8.57                8.69                40432.00            22.711004           120.425407          F 
228                             1                   1e-17               505                 110.70              4.56                15.67               3836329.00          1                   0.14                6.91                6.92                5013.00             22.270870           120.656767          F 
249                             1                   1e-17               505                 110.70              4.56                15.67               3836329.00          10                  0.97                10.27               10.42               33729.00            22.701208           120.360526          F 
270                             1                   1e-17               505                 110.70              4.56                15.67               3836329.00          9                   4.06                2.22                2.23                140701.00           22.650195           120.274163          F 
215                             1                   1e-17               505                 110.70              4.56                15.67               3836329.00          1                   0.62                1.60                1.60                21639.00            22.731668           120.484504          F 
271                             1                   1e-17               505                 110.70              4.56                15.67               3836329.00          58                  5.69                10.19               11.06               197276.00           22.683957           120.295159          F 
236                             1                   1e-17               505                 110.70              4.56                15.67               3836329.00          2                   0.21                9.58                9.61                7235.00             22.671078           120.679924          F 
245                             1                   1e-17               505                 110.70              4.56                15.67               3836329.00          1                   0.69                1.45                1.45                23976.00            22.742536           120.569394          F 
250                             1                   1e-17               505                 110.70              4.56                15.67               3836329.00          5                   2.81                1.78                1.79                97337.00            22.739835           120.370799          F 
272                             1                   1e-17               505                 110.70              4.56                15.67               3836329.00          60                  5.57                10.77               11.73               193139.00           22.721100           120.300758          F 
234                             1                   1e-17               505                 110.70              4.56                15.67               3836329.00          2                   0.14                14.51               14.55               4777.00             22.260849           120.735645          F 
252                             1                   1e-17               505                 110.70              4.56                15.67               3836329.00          9                   1.20                7.48                7.57                41712.00            22.752524           120.300653          F 
241                             1                   1e-17               505                 110.70              4.56                15.67               3836329.00          2                   0.74                2.71                2.71                25623.00            22.798548           120.506128          F 
253                             1                   1e-17               505                 110.70              4.56                15.67               3836329.00          4                   0.83                4.82                4.84                28776.00            22.787696           120.370799          F 
119                             1                   1e-17               505                 110.70              4.56                15.67               3836329.00          0                   0.099               0                   0                   3439.00             22.384307           120.835524          F 
261                             1                   1e-17               505                 110.70              4.56                15.67               3836329.00          19                  1.00                18.91               19.44               34813.00            22.748209           120.259399          F 
244                             1                   1e-17               505                 110.70              4.56                15.67               3836329.00          0                   0.66                0                   0                   22764.00            22.809920           120.601768          F 
120                             1                   1e-17               505                 110.70              4.56                15.67               3836329.00          0                   0.11                0                   0                   3732.00             22.581617           120.857038          F 
281                             1                   1e-17               505                 110.70              4.56                15.67               3836329.00          7                   2.76                2.54                2.55                95574.00            22.805059           120.297891          F 
260                             1                   1e-17               505                 110.70              4.56                15.67               3836329.00          4                   0.53                7.59                7.63                18273.00            22.779445           120.239457          F 
214                             1                   1e-17               505                 110.70              4.56                15.67               3836329.00          2                   0.22                8.95                8.98                7742.00             22.797868           120.686522          F 
110                             1                   1e-17               505                 110.70              4.56                15.67               3836329.00          0                   0.16                0                   0                   5553.00             22.383595           120.899170          F 
282                             1                   1e-17               505                 110.70              4.56                15.67               3836329.00          0                   0.99                0                   0                   34304.00            22.864970           120.475455          F 
254                             1                   1e-17               505                 110.70              4.56                15.67               3836329.00          1                   0.19                5.31                5.31                6530.00             22.863943           120.395984          F 
243                             1                   1e-17               505                 110.70              4.56                15.67               3836329.00          0                   0.094               0                   0                   3265.00             22.759905           120.800810          F 
259                             1                   1e-17               505                 110.70              4.56                15.67               3836329.00          1                   0.40                2.50                2.50                13863.00            22.822246           120.228051          F 
255                             1                   1e-17               505                 110.70              4.56                15.67               3836329.00          2                   0.79                2.53                2.53                27409.00            22.870229           120.321097          F 
256                             1                   1e-17               505                 110.70              4.56                15.67               3836329.00          7                   1.45                4.82                4.86                50355.00            22.857242           120.265987          F 
233                             1                   1e-17               505                 110.70              4.56                15.67               3836329.00          0                   0.14                0                   0                   4756.00             22.155529           120.817361          F 
283                             1                   1e-17               505                 110.70              4.56                15.67               3836329.00          2                   1.07                1.87                1.88                37008.00            22.900055           120.563463          F 
240                             1                   1e-17               505                 110.70              4.56                15.67               3836329.00          14                  0.23                60.43               61.70               8029.00             22.079156           120.743263          F 
111                             1                   1e-17               505                 110.70              4.56                15.67               3836329.00          0                   0.31                0                   0                   10679.00            22.590981           120.979764          F 
257                             1                   1e-17               505                 110.70              4.56                15.67               3836329.00          4                   0.85                4.70                4.72                29525.00            22.893250           120.225937          F 
258                             1                   1e-17               505                 110.70              4.56                15.67               3836329.00          43                  0.84                50.96               54.40               29241.00            22.882414           120.198052          F 
265                             1                   1e-17               505                 110.70              4.56                15.67               3836329.00          0                   0.38                0                   0                   13184.00            22.956688           120.471927          F 
173                             1                   1e-17               505                 110.70              4.56                15.67               3836329.00          0                   0.10                0                   0                   3476.00             22.954823           120.386937          F 
170                             1                   1e-17               505                 110.70              4.56                15.67               3836329.00          0                   0.96                0                   0                   33270.00            22.955779           120.334282          F 
165                             1                   1e-17               505                 110.70              4.56                15.67               3836329.00          1                   1.98                0.50                0.50                68726.00            22.946795           120.293063          F 
266                             1                   1e-17               505                 110.70              4.56                15.67               3836329.00          0                   0.055               0                   0                   1905.00             22.919933           120.752384          F 
140                             1                   1e-17               505                 110.70              4.56                15.67               3836329.00          16                  2.23                7.17                7.32                77312.00            22.941309           120.241879          F 
231                             1                   1e-17               505                 110.70              4.56                15.67               3836329.00          0                   0.21                0                   0                   7235.00             22.049300           120.843568          F 
264                             1                   1e-17               505                 110.70              4.56                15.67               3836329.00          2                   0.32                6.33                6.34                10955.00            22.996947           120.562197          F 
222                             1                   1e-17               505                 110.70              4.56                15.67               3836329.00          23                  0.86                26.79               27.72               29747.00            21.985316           120.763254          F 
146                             1                   1e-17               505                 110.70              4.56                15.67               3836329.00          35                  3.50                10.01               10.51               121189.00           22.955619           120.190374          F 
259                             2                   1e-17               270                 29.64               9.11                14.62               1027183.00          1                   0.40                2.50                2.50                13863.00            22.822246           120.228051          T 
260                             2                   1e-17               270                 29.64               9.11                14.62               1027183.00          4                   0.53                7.59                7.63                18273.00            22.779445           120.239457          T 
256                             2                   1e-17               270                 29.64               9.11                14.62               1027183.00          7                   1.45                4.82                4.86                50355.00            22.857242           120.265987          T 
258                             2                   1e-17               270                 29.64               9.11                14.62               1027183.00          43                  0.84                50.96               54.40               29241.00            22.882414           120.198052          T 
281                             2                   1e-17               270                 29.64               9.11                14.62               1027183.00          7                   2.76                2.54                2.55                95574.00            22.805059           120.297891          T 
257                             2                   1e-17               270                 29.64               9.11                14.62               1027183.00          4                   0.85                4.70                4.72                29525.00            22.893250           120.225937          T 
261                             2                   1e-17               270                 29.64               9.11                14.62               1027183.00          19                  1.00                18.91               19.44               34813.00            22.748209           120.259399          T 
252                             2                   1e-17               270                 29.64               9.11                14.62               1027183.00          9                   1.20                7.48                7.57                41712.00            22.752524           120.300653          T 
255                             2                   1e-17               270                 29.64               9.11                14.62               1027183.00          2                   0.79                2.53                2.53                27409.00            22.870229           120.321097          T 
140                             2                   1e-17               270                 29.64               9.11                14.62               1027183.00          16                  2.23                7.17                7.32                77312.00            22.941309           120.241879          T 
272                             2                   1e-17               270                 29.64               9.11                14.62               1027183.00          60                  5.57                10.77               11.73               193139.00           22.721100           120.300758          T 
253                             2                   1e-17               270                 29.64               9.11                14.62               1027183.00          4                   0.83                4.82                4.84                28776.00            22.787696           120.370799          T 
146                             2                   1e-17               270                 29.64               9.11                14.62               1027183.00          35                  3.50                10.01               10.51               121189.00           22.955619           120.190374          T 
165                             2                   1e-17               270                 29.64               9.11                14.62               1027183.00          1                   1.98                0.50                0.50                68726.00            22.946795           120.293063          T 
271                             2                   1e-17               270                 29.64               9.11                14.62               1027183.00          58                  5.69                10.19               11.06               197276.00           22.683957           120.295159          T 
222                             3                   1e-17               37                  1.09                33.94               35.88               37776.00            23                  0.86                26.79               27.72               29747.00            21.985316           120.763254          T 
240                             3                   1e-17               37                  1.09                33.94               35.88               37776.00            14                  0.23                60.43               61.70               8029.00             22.079156           120.743263          T 
276                             4                   0.00000000000000167 106                 38.75               2.74                3.06                1342752.00          13                  4.73                2.75                2.78                163838.00           22.623594           120.320910          T 
274                             4                   0.00000000000000167 106                 38.75               2.74                3.06                1342752.00          1                   1.43                0.70                0.70                49598.00            22.629929           120.306734          T 
275                             4                   0.00000000000000167 106                 38.75               2.74                3.06                1342752.00          2                   0.78                2.56                2.56                27098.00            22.626991           120.294422          T 
273                             4                   0.00000000000000167 106                 38.75               2.74                3.06                1342752.00          18                  9.58                1.88                1.90                331995.00           22.649899           120.317919          T 
280                             4                   0.00000000000000167 106                 38.75               2.74                3.06                1342752.00          29                  10.29               2.82                2.90                356536.00           22.613793           120.355436          T 
269                             4                   0.00000000000000167 106                 38.75               2.74                3.06                1342752.00          1                   0.65                1.54                1.54                22539.00            22.624246           120.284233          T 
277                             4                   0.00000000000000167 106                 38.75               2.74                3.06                1342752.00          24                  5.95                4.04                4.15                206074.00           22.585656           120.289154          T 
270                             4                   0.00000000000000167 106                 38.75               2.74                3.06                1342752.00          9                   4.06                2.22                2.23                140701.00           22.650195           120.274163          T 
251                             4                   0.00000000000000167 106                 38.75               2.74                3.06                1342752.00          9                   1.28                7.03                7.11                44373.00            22.662493           120.372778          T 
217                             5                   0.00000834          70                  31.94               2.19                2.33                1107041.00          0                   0.21                0                   0                   7390.00             22.501572           120.685723          T 
224                             5                   0.00000834          70                  31.94               2.19                2.33                1107041.00          1                   0.27                3.71                3.71                9353.00             22.486763           120.584626          T 
225                             5                   0.00000834          70                  31.94               2.19                2.33                1107041.00          1                   0.14                7.11                7.12                4874.00             22.403998           120.697580          T 
230                             5                   0.00000834          70                  31.94               2.19                2.33                1107041.00          1                   0.15                6.55                6.56                5291.00             22.604085           120.691793          T 
239                             5                   0.00000834          70                  31.94               2.19                2.33                1107041.00          1                   0.56                1.80                1.80                19239.00            22.582335           120.601817          T 
232                             5                   0.00000834          70                  31.94               2.19                2.33                1107041.00          3                   1.54                1.95                1.95                53325.00            22.536429           120.556806          T 
227                             5                   0.00000834          70                  31.94               2.19                2.33                1107041.00          4                   0.66                6.09                6.12                22757.00            22.403342           120.597584          T 
216                             5                   0.00000834          70                  31.94               2.19                2.33                1107041.00          1                   0.52                1.94                1.94                17888.00            22.429806           120.547612          T 
219                             5                   0.00000834          70                  31.94               2.19                2.33                1107041.00          0                   0.29                0                   0                   10049.00            22.479807           120.518056          T 
236                             5                   0.00000834          70                  31.94               2.19                2.33                1107041.00          2                   0.21                9.58                9.61                7235.00             22.671078           120.679924          T 
237                             5                   0.00000834          70                  31.94               2.19                2.33                1107041.00          1                   0.46                2.19                2.19                15807.00            22.588556           120.526638          T 
229                             5                   0.00000834          70                  31.94               2.19                2.33                1107041.00          2                   0.47                4.21                4.22                16449.00            22.441421           120.512509          T 
221                             5                   0.00000834          70                  31.94               2.19                2.33                1107041.00          1                   0.44                2.27                2.28                15245.00            22.515282           120.500660          T 
218                             5                   0.00000834          70                  31.94               2.19                2.33                1107041.00          0                   1.51                0                   0                   52501.00            22.651169           120.588822          T 
120                             5                   0.00000834          70                  31.94               2.19                2.33                1107041.00          0                   0.11                0                   0                   3732.00             22.581617           120.857038          T 
119                             5                   0.00000834          70                  31.94               2.19                2.33                1107041.00          0                   0.099               0                   0                   3439.00             22.384307           120.835524          T 
226                             5                   0.00000834          70                  31.94               2.19                2.33                1107041.00          2                   1.33                1.51                1.51                45946.00            22.462656           120.475133          T 
246                             5                   0.00000834          70                  31.94               2.19                2.33                1107041.00          0                   0.30                0                   0                   10544.00            22.648764           120.529969          T 
238                             5                   0.00000834          70                  31.94               2.19                2.33                1107041.00          1                   1.42                0.70                0.70                49252.00            22.588495           120.476619          T 
223                             5                   0.00000834          70                  31.94               2.19                2.33                1107041.00          2                   0.94                2.12                2.12                32674.00            22.517190           120.450143          T 
242                             5                   0.00000834          70                  31.94               2.19                2.33                1107041.00          2                   0.84                2.37                2.38                29190.00            22.694550           120.555979          T 
110                             5                   0.00000834          70                  31.94               2.19                2.33                1107041.00          0                   0.16                0                   0                   5553.00             22.383595           120.899170          T 
228                             5                   0.00000834          70                  31.94               2.19                2.33                1107041.00          1                   0.14                6.91                6.92                5013.00             22.270870           120.656767          T 
234                             5                   0.00000834          70                  31.94               2.19                2.33                1107041.00          2                   0.14                14.51               14.55               4777.00             22.260849           120.735645          T 
220                             5                   0.00000834          70                  31.94               2.19                2.33                1107041.00          6                   5.59                1.07                1.07                193810.00           22.664738           120.479995          T 
245                             5                   0.00000834          70                  31.94               2.19                2.33                1107041.00          1                   0.69                1.45                1.45                23976.00            22.742536           120.569394          T 
284                             5                   0.00000834          70                  31.94               2.19                2.33                1107041.00          13                  1.97                6.60                6.72                68216.00            22.508137           120.399052          T 
247                             5                   0.00000834          70                  31.94               2.19                2.33                1107041.00          4                   3.23                1.24                1.24                111986.00           22.592836           120.411147          T 
243                             5                   0.00000834          70                  31.94               2.19                2.33                1107041.00          0                   0.094               0                   0                   3265.00             22.759905           120.800810          T 
111                             5                   0.00000834          70                  31.94               2.19                2.33                1107041.00          0                   0.31                0                   0                   10679.00            22.590981           120.979764          T 
215                             5                   0.00000834          70                  31.94               2.19                2.33                1107041.00          1                   0.62                1.60                1.60                21639.00            22.731668           120.484504          T 
214                             5                   0.00000834          70                  31.94               2.19                2.33                1107041.00          2                   0.22                8.95                8.98                7742.00             22.797868           120.686522          T 
279                             5                   0.00000834          70                  31.94               2.19                2.33                1107041.00          5                   4.47                1.12                1.12                155009.00           22.551402           120.359261          T 
244                             5                   0.00000834          70                  31.94               2.19                2.33                1107041.00          0                   0.66                0                   0                   22764.00            22.809920           120.601768          T 
248                             5                   0.00000834          70                  31.94               2.19                2.33                1107041.00          10                  1.17                8.57                8.69                40432.00            22.711004           120.425407          T 
145                             6                   0.113               10                  2.25                4.45                4.50                77922.00            0                   0.23                0                   0                   7996.00             23.115111           120.544122          F 
164                             6                   0.113               10                  2.25                4.45                4.50                77922.00            0                   0.25                0                   0                   8708.00             23.178859           120.517030          F 
263                             6                   0.113               10                  2.25                4.45                4.50                77922.00            3                   0.16                18.76               18.84               5543.00             23.116550           120.623289          F 
167                             6                   0.113               10                  2.25                4.45                4.50                77922.00            2                   0.38                5.31                5.33                13043.00            23.114809           120.460962          F 
264                             6                   0.113               10                  2.25                4.45                4.50                77922.00            2                   0.32                6.33                6.34                10955.00            22.996947           120.562197          F 
148                             6                   0.113               10                  2.25                4.45                4.50                77922.00            0                   0.25                0                   0                   8728.00             23.144822           120.398815          F 
262                             6                   0.113               10                  2.25                4.45                4.50                77922.00            1                   0.34                2.96                2.96                11700.00            23.011954           120.658563          F 
156                             6                   0.113               10                  2.25                4.45                4.50                77922.00            0                   0.12                0                   0                   4231.00             23.026046           120.412392          F 
155                             6                   0.113               10                  2.25                4.45                4.50                77922.00            2                   0.20                9.88                9.90                7018.00             23.096893           120.370977          F 
