221                             1                   0.00000000195       23                  4.87                4.72                21.82               3935019.00          0                   0.021               0                   0                   16809.00            22.515282           120.500660          F 
219                             1                   0.00000000195       23                  4.87                4.72                21.82               3935019.00          0                   0.015               0                   0                   12304.00            22.479807           120.518056          F 
223                             1                   0.00000000195       23                  4.87                4.72                21.82               3935019.00          0                   0.050               0                   0                   40003.00            22.517190           120.450143          F 
232                             1                   0.00000000195       23                  4.87                4.72                21.82               3935019.00          0                   0.071               0                   0                   56973.00            22.536429           120.556806          F 
226                             1                   0.00000000195       23                  4.87                4.72                21.82               3935019.00          0                   0.062               0                   0                   50313.00            22.462656           120.475133          F 
229                             1                   0.00000000195       23                  4.87                4.72                21.82               3935019.00          1                   0.027               37.56               38.91               21491.00            22.441421           120.512509          F 
238                             1                   0.00000000195       23                  4.87                4.72                21.82               3935019.00          0                   0.067               0                   0                   54433.00            22.588495           120.476619          F 
237                             1                   0.00000000195       23                  4.87                4.72                21.82               3935019.00          0                   0.023               0                   0                   18696.00            22.588556           120.526638          F 
224                             1                   0.00000000195       23                  4.87                4.72                21.82               3935019.00          0                   0.014               0                   0                   11145.00            22.486763           120.584626          F 
284                             1                   0.00000000195       23                  4.87                4.72                21.82               3935019.00          0                   0.089               0                   0                   71562.00            22.508137           120.399052          F 
216                             1                   0.00000000195       23                  4.87                4.72                21.82               3935019.00          0                   0.027               0                   0                   22070.00            22.429806           120.547612          F 
247                             1                   0.00000000195       23                  4.87                4.72                21.82               3935019.00          0                   0.14                0                   0                   109607.00           22.592836           120.411147          F 
239                             1                   0.00000000195       23                  4.87                4.72                21.82               3935019.00          0                   0.028               0                   0                   22907.00            22.582335           120.601817          F 
279                             1                   0.00000000195       23                  4.87                4.72                21.82               3935019.00          0                   0.19                0                   0                   150223.00           22.551402           120.359261          F 
246                             1                   0.00000000195       23                  4.87                4.72                21.82               3935019.00          0                   0.015               0                   0                   11716.00            22.648764           120.529969          F 
227                             1                   0.00000000195       23                  4.87                4.72                21.82               3935019.00          0                   0.034               0                   0                   27632.00            22.403342           120.597584          F 
220                             1                   0.00000000195       23                  4.87                4.72                21.82               3935019.00          1                   0.27                3.73                3.83                216425.00           22.664738           120.479995          F 
218                             1                   0.00000000195       23                  4.87                4.72                21.82               3935019.00          0                   0.074               0                   0                   59960.00            22.651169           120.588822          F 
280                             1                   0.00000000195       23                  4.87                4.72                21.82               3935019.00          2                   0.42                4.77                5.06                338596.00           22.613793           120.355436          F 
217                             1                   0.00000000195       23                  4.87                4.72                21.82               3935019.00          0                   0.0098              0                   0                   7886.00             22.501572           120.685723          F 
242                             1                   0.00000000195       23                  4.87                4.72                21.82               3935019.00          0                   0.038               0                   0                   30939.00            22.694550           120.555979          F 
251                             1                   0.00000000195       23                  4.87                4.72                21.82               3935019.00          0                   0.051               0                   0                   40982.00            22.662493           120.372778          F 
230                             1                   0.00000000195       23                  4.87                4.72                21.82               3935019.00          0                   0.0062              0                   0                   4971.00             22.604085           120.691793          F 
276                             1                   0.00000000195       23                  4.87                4.72                21.82               3935019.00          0                   0.24                0                   0                   189820.00           22.623594           120.320910          F 
277                             1                   0.00000000195       23                  4.87                4.72                21.82               3935019.00          0                   0.29                0                   0                   230818.00           22.585656           120.289154          F 
248                             1                   0.00000000195       23                  4.87                4.72                21.82               3935019.00          1                   0.056               17.89               18.51               45128.00            22.711004           120.425407          F 
235                             1                   0.00000000195       23                  4.87                4.72                21.82               3935019.00          0                   0.016               0                   0                   12813.00            22.340003           120.371047          F 
274                             1                   0.00000000195       23                  4.87                4.72                21.82               3935019.00          0                   0.072               0                   0                   58067.00            22.629929           120.306734          F 
225                             1                   0.00000000195       23                  4.87                4.72                21.82               3935019.00          0                   0.0062              0                   0                   5026.00             22.403998           120.697580          F 
273                             1                   0.00000000195       23                  4.87                4.72                21.82               3935019.00          1                   0.44                2.26                2.30                357862.00           22.649899           120.317919          F 
215                             1                   0.00000000195       23                  4.87                4.72                21.82               3935019.00          0                   0.029               0                   0                   23257.00            22.731668           120.484504          F 
275                             1                   0.00000000195       23                  4.87                4.72                21.82               3935019.00          0                   0.038               0                   0                   30325.00            22.626991           120.294422          F 
249                             1                   0.00000000195       23                  4.87                4.72                21.82               3935019.00          0                   0.040               0                   0                   32621.00            22.701208           120.360526          F 
236                             1                   0.00000000195       23                  4.87                4.72                21.82               3935019.00          0                   0.011               0                   0                   8786.00             22.671078           120.679924          F 
269                             1                   0.00000000195       23                  4.87                4.72                21.82               3935019.00          0                   0.036               0                   0                   29008.00            22.624246           120.284233          F 
245                             1                   0.00000000195       23                  4.87                4.72                21.82               3935019.00          0                   0.035               0                   0                   27952.00            22.742536           120.569394          F 
270                             1                   0.00000000195       23                  4.87                4.72                21.82               3935019.00          1                   0.15                6.80                7.01                118777.00           22.650195           120.274163          F 
271                             1                   0.00000000195       23                  4.87                4.72                21.82               3935019.00          1                   0.23                4.39                4.52                183705.00           22.683957           120.295159          F 
250                             1                   0.00000000195       23                  4.87                4.72                21.82               3935019.00          0                   0.082               0                   0                   66129.00            22.739835           120.370799          F 
272                             1                   0.00000000195       23                  4.87                4.72                21.82               3935019.00          1                   0.21                4.86                5.00                166101.00           22.721100           120.300758          F 
241                             1                   0.00000000195       23                  4.87                4.72                21.82               3935019.00          1                   0.033               30.33               31.41               26617.00            22.798548           120.506128          F 
228                             1                   0.00000000195       23                  4.87                4.72                21.82               3935019.00          0                   0.0078              0                   0                   6328.00             22.270870           120.656767          F 
253                             1                   0.00000000195       23                  4.87                4.72                21.82               3935019.00          0                   0.039               0                   0                   31550.00            22.787696           120.370799          F 
252                             1                   0.00000000195       23                  4.87                4.72                21.82               3935019.00          0                   0.046               0                   0                   36874.00            22.752524           120.300653          F 
244                             1                   0.00000000195       23                  4.87                4.72                21.82               3935019.00          0                   0.034               0                   0                   27819.00            22.809920           120.601768          F 
261                             1                   0.00000000195       23                  4.87                4.72                21.82               3935019.00          1                   0.047               21.48               22.24               37582.00            22.748209           120.259399          F 
214                             1                   0.00000000195       23                  4.87                4.72                21.82               3935019.00          0                   0.0090              0                   0                   7301.00             22.797868           120.686522          F 
234                             1                   0.00000000195       23                  4.87                4.72                21.82               3935019.00          0                   0.0062              0                   0                   5023.00             22.260849           120.735645          F 
120                             1                   0.00000000195       23                  4.87                4.72                21.82               3935019.00          0                   0.0041              0                   0                   3348.00             22.581617           120.857038          F 
119                             1                   0.00000000195       23                  4.87                4.72                21.82               3935019.00          0                   0.0047              0                   0                   3815.00             22.384307           120.835524          F 
281                             1                   0.00000000195       23                  4.87                4.72                21.82               3935019.00          0                   0.12                0                   0                   95680.00            22.805059           120.297891          F 
282                             1                   0.00000000195       23                  4.87                4.72                21.82               3935019.00          0                   0.051               0                   0                   41404.00            22.864970           120.475455          F 
260                             1                   0.00000000195       23                  4.87                4.72                21.82               3935019.00          0                   0.026               0                   0                   20998.00            22.779445           120.239457          F 
254                             1                   0.00000000195       23                  4.87                4.72                21.82               3935019.00          0                   0.011               0                   0                   8721.00             22.863943           120.395984          F 
243                             1                   0.00000000195       23                  4.87                4.72                21.82               3935019.00          0                   0.0035              0                   0                   2839.00             22.759905           120.800810          F 
283                             1                   0.00000000195       23                  4.87                4.72                21.82               3935019.00          0                   0.055               0                   0                   44506.00            22.900055           120.563463          F 
110                             1                   0.00000000195       23                  4.87                4.72                21.82               3935019.00          0                   0.0091              0                   0                   7372.00             22.383595           120.899170          F 
255                             1                   0.00000000195       23                  4.87                4.72                21.82               3935019.00          0                   0.038               0                   0                   30940.00            22.870229           120.321097          F 
259                             1                   0.00000000195       23                  4.87                4.72                21.82               3935019.00          0                   0.018               0                   0                   14308.00            22.822246           120.228051          F 
256                             1                   0.00000000195       23                  4.87                4.72                21.82               3935019.00          1                   0.068               14.76               15.27               54703.00            22.857242           120.265987          F 
265                             1                   0.00000000195       23                  4.87                4.72                21.82               3935019.00          0                   0.021               0                   0                   16751.00            22.956688           120.471927          F 
111                             1                   0.00000000195       23                  4.87                4.72                21.82               3935019.00          0                   0.015               0                   0                   12413.00            22.590981           120.979764          F 
173                             1                   0.00000000195       23                  4.87                4.72                21.82               3935019.00          0                   0.0055              0                   0                   4406.00             22.954823           120.386937          F 
257                             1                   0.00000000195       23                  4.87                4.72                21.82               3935019.00          0                   0.036               0                   0                   28702.00            22.893250           120.225937          F 
258                             1                   0.00000000195       23                  4.87                4.72                21.82               3935019.00          3                   0.040               75.11               84.00               32241.00            22.882414           120.198052          F 
233                             1                   0.00000000195       23                  4.87                4.72                21.82               3935019.00          0                   0.0062              0                   0                   4965.00             22.155529           120.817361          F 
170                             1                   0.00000000195       23                  4.87                4.72                21.82               3935019.00          0                   0.046               0                   0                   37307.00            22.955779           120.334282          F 
266                             1                   0.00000000195       23                  4.87                4.72                21.82               3935019.00          0                   0.0022              0                   0                   1767.00             22.919933           120.752384          F 
165                             1                   0.00000000195       23                  4.87                4.72                21.82               3935019.00          1                   0.081               12.39               12.81               65171.00            22.946795           120.293063          F 
264                             1                   0.00000000195       23                  4.87                4.72                21.82               3935019.00          0                   0.014               0                   0                   11589.00            22.996947           120.562197          F 
140                             1                   0.00000000195       23                  4.87                4.72                21.82               3935019.00          4                   0.084               47.41               55.14               68107.00            22.941309           120.241879          F 
240                             1                   0.00000000195       23                  4.87                4.72                21.82               3935019.00          2                   0.013               157.35              169.37              10260.00            22.079156           120.743263          F 
156                             1                   0.00000000195       23                  4.87                4.72                21.82               3935019.00          0                   0.0071              0                   0                   5712.00             23.026046           120.412392          F 
262                             1                   0.00000000195       23                  4.87                4.72                21.82               3935019.00          0                   0.020               0                   0                   15837.00            23.011954           120.658563          F 
146                             1                   0.00000000195       23                  4.87                4.72                21.82               3935019.00          1                   0.16                6.30                6.49                128225.00           22.955619           120.190374          F 
281                             2                   0.0000000218        20                  3.64                5.50                16.75               2934494.00          0                   0.12                0                   0                   95680.00            22.805059           120.297891          T 
252                             2                   0.0000000218        20                  3.64                5.50                16.75               2934494.00          0                   0.046               0                   0                   36874.00            22.752524           120.300653          T 
260                             2                   0.0000000218        20                  3.64                5.50                16.75               2934494.00          0                   0.026               0                   0                   20998.00            22.779445           120.239457          T 
256                             2                   0.0000000218        20                  3.64                5.50                16.75               2934494.00          1                   0.068               14.76               15.27               54703.00            22.857242           120.265987          T 
259                             2                   0.0000000218        20                  3.64                5.50                16.75               2934494.00          0                   0.018               0                   0                   14308.00            22.822246           120.228051          T 
261                             2                   0.0000000218        20                  3.64                5.50                16.75               2934494.00          1                   0.047               21.48               22.24               37582.00            22.748209           120.259399          T 
255                             2                   0.0000000218        20                  3.64                5.50                16.75               2934494.00          0                   0.038               0                   0                   30940.00            22.870229           120.321097          T 
253                             2                   0.0000000218        20                  3.64                5.50                16.75               2934494.00          0                   0.039               0                   0                   31550.00            22.787696           120.370799          T 
272                             2                   0.0000000218        20                  3.64                5.50                16.75               2934494.00          1                   0.21                4.86                5.00                166101.00           22.721100           120.300758          T 
250                             2                   0.0000000218        20                  3.64                5.50                16.75               2934494.00          0                   0.082               0                   0                   66129.00            22.739835           120.370799          T 
254                             2                   0.0000000218        20                  3.64                5.50                16.75               2934494.00          0                   0.011               0                   0                   8721.00             22.863943           120.395984          T 
257                             2                   0.0000000218        20                  3.64                5.50                16.75               2934494.00          0                   0.036               0                   0                   28702.00            22.893250           120.225937          T 
249                             2                   0.0000000218        20                  3.64                5.50                16.75               2934494.00          0                   0.040               0                   0                   32621.00            22.701208           120.360526          T 
258                             2                   0.0000000218        20                  3.64                5.50                16.75               2934494.00          3                   0.040               75.11               84.00               32241.00            22.882414           120.198052          T 
271                             2                   0.0000000218        20                  3.64                5.50                16.75               2934494.00          1                   0.23                4.39                4.52                183705.00           22.683957           120.295159          T 
165                             2                   0.0000000218        20                  3.64                5.50                16.75               2934494.00          1                   0.081               12.39               12.81               65171.00            22.946795           120.293063          T 
140                             2                   0.0000000218        20                  3.64                5.50                16.75               2934494.00          4                   0.084               47.41               55.14               68107.00            22.941309           120.241879          T 
248                             2                   0.0000000218        20                  3.64                5.50                16.75               2934494.00          1                   0.056               17.89               18.51               45128.00            22.711004           120.425407          T 
170                             2                   0.0000000218        20                  3.64                5.50                16.75               2934494.00          0                   0.046               0                   0                   37307.00            22.955779           120.334282          T 
273                             2                   0.0000000218        20                  3.64                5.50                16.75               2934494.00          1                   0.44                2.26                2.30                357862.00           22.649899           120.317919          T 
270                             2                   0.0000000218        20                  3.64                5.50                16.75               2934494.00          1                   0.15                6.80                7.01                118777.00           22.650195           120.274163          T 
251                             2                   0.0000000218        20                  3.64                5.50                16.75               2934494.00          0                   0.051               0                   0                   40982.00            22.662493           120.372778          T 
173                             2                   0.0000000218        20                  3.64                5.50                16.75               2934494.00          0                   0.0055              0                   0                   4406.00             22.954823           120.386937          T 
282                             2                   0.0000000218        20                  3.64                5.50                16.75               2934494.00          0                   0.051               0                   0                   41404.00            22.864970           120.475455          T 
274                             2                   0.0000000218        20                  3.64                5.50                16.75               2934494.00          0                   0.072               0                   0                   58067.00            22.629929           120.306734          T 
275                             2                   0.0000000218        20                  3.64                5.50                16.75               2934494.00          0                   0.038               0                   0                   30325.00            22.626991           120.294422          T 
146                             2                   0.0000000218        20                  3.64                5.50                16.75               2934494.00          1                   0.16                6.30                6.49                128225.00           22.955619           120.190374          T 
269                             2                   0.0000000218        20                  3.64                5.50                16.75               2934494.00          0                   0.036               0                   0                   29008.00            22.624246           120.284233          T 
276                             2                   0.0000000218        20                  3.64                5.50                16.75               2934494.00          0                   0.24                0                   0                   189820.00           22.623594           120.320910          T 
215                             2                   0.0000000218        20                  3.64                5.50                16.75               2934494.00          0                   0.029               0                   0                   23257.00            22.731668           120.484504          T 
161                             2                   0.0000000218        20                  3.64                5.50                16.75               2934494.00          0                   0.24                0                   0                   192157.00           22.981782           120.228186          T 
241                             2                   0.0000000218        20                  3.64                5.50                16.75               2934494.00          1                   0.033               30.33               31.41               26617.00            22.798548           120.506128          T 
280                             2                   0.0000000218        20                  3.64                5.50                16.75               2934494.00          2                   0.42                4.77                5.06                338596.00           22.613793           120.355436          T 
139                             2                   0.0000000218        20                  3.64                5.50                16.75               2934494.00          0                   0.10                0                   0                   81998.00            22.995945           120.192874          T 
220                             2                   0.0000000218        20                  3.64                5.50                16.75               2934494.00          1                   0.27                3.73                3.83                216425.00           22.664738           120.479995          T 
240                             3                   0.0400              2                   0.013               157.35              169.37              10260.00            2                   0.013               157.35              169.37              10260.00            22.079156           120.743263          T 
