3.579205            
6.499102            
4.387937            
3.570633            
4.256910            
4.940805            
5.451460            
7.143097            
3.458880            
4.392885            
5.706715            
4.942104            
4.397585            
3.360662            
7.889969            
5.649703            
4.375449            
5.264550            
2.744642            
6.161861            
3.074672            
5.025089            
3.419048            
3.897370            
8.030477            
6.303021            
8.285615            
7.782956            
4.403676            
4.665425            
4.338869            
8.489985            
5.216631            
6.200599            
5.451460            
5.150370            
9.625436            
7.695267            
5.088675            
8.741694            
5.189244            
4.916375            
4.984011            
3.749534            
4.618655            
4.942667            
4.264362            
4.886196            
6.153661            
4.685632            
5.189347            
4.116107            
4.302164            
4.102812            
4.606505            
7.677610            
5.056830            
2.610738            
4.528527            
4.396569            
5.602556            
6.278982            
5.331592            
5.279572            
4.129008            
6.912116            
4.291377            
6.631999            
4.086966            
3.579205            
7.762880            
6.273239            
3.607806            
7.982070            
5.799600            
5.553826            
5.254357            
4.167555            
3.872027            
4.369595            
5.182968            
4.240968            
2.945080            
3.444402            
3.931868            
5.681275            
4.701839            
3.435528            
6.734331            
5.613588            
3.002996            
3.587617            
4.675403            
3.314233            
9.921570            
5.000809            
4.800650            
3.769572            
3.485541            
3.459673            
5.260289            
4.454468            
4.431963            
4.886196            
5.672079            
3.861936            
4.004970            
4.984011            
3.050082            
4.984011            
4.272726            
4.387937            
2.900790            
6.521501            
4.356585            
3.700846            
8.577106            
4.112290            
4.312252            
6.492603            
6.880100            
6.237545            
5.731659            
4.391020            
4.550250            
10.298417           
4.619779            
5.699645            
4.369595            
5.534326            
3.003358            
3.477993            
7.028572            
3.813094            
4.702696            
3.919987            
5.091761            
3.217950            
4.369670            
3.101673            
4.728325            
4.438030            
6.948210            
3.921582            
4.159366            
5.068028            
5.059047            
3.712684            
8.082697            
6.826303            
6.058408            
4.322984            
3.121981            
4.888335            
5.264550            
5.517808            
5.296757            
7.953160            
6.399538            
6.629974            
4.464192            
5.602623            
4.456512            
4.453310            
4.044968            
4.513244            
7.805254            
3.367463            
4.876445            
5.392481            
5.807412            
4.549925            
7.333945            
2.707194            
4.231078            
5.160203            
4.044946            
4.519209            
3.773554            
6.020162            
3.148944            
3.307697            
4.482919            
5.147847            
4.720799            
3.414389            
6.940707            
5.621390            
5.469717            
4.185172            
9.279812            
5.356959            
2.946904            
4.829589            
4.519209            
5.160203            
7.325804            
5.481816            
6.310878            
3.059046            
4.709167            
4.643765            
3.336181            
6.125011            
4.382478            
4.891389            
6.358109            
5.220889            
8.726927            
6.151756            
5.506752            
3.686297            
6.843715            
3.754081            
5.903814            
4.227827            
5.582930            
5.474019            
6.155448            
6.027798            
8.476626            
6.165556            
8.525179            
3.789659            
5.646226            
5.520130            
4.895160            
4.624737            
4.038075            
4.552547            
5.044912            
5.686438            
8.422827            
5.713578            
4.235483            
4.482919            
4.805041            
6.548955            
5.321073            
4.774457            
4.964461            
7.097500            
4.846149            
5.211809            
4.851173            
6.957917            
4.347420            
5.161446            
4.241335            
5.355184            
6.249585            
7.165204            
7.767887            
4.222852            
4.026885            
6.271772            
4.280098            
5.084049            
4.829911            
3.643446            
6.754176            
4.621655            
5.086218            
3.609042            
3.711704            
3.422025            
4.412048            
7.283367            
9.083356            
5.412822            
4.147934            
4.932057            
5.985582            
3.104441            
4.478242            
12.996262           
6.366797            
3.725692            
4.261781            
4.481364            
4.940805            
6.791705            
3.243400            
4.631058            
5.599987            
5.801618            
6.191702            
3.261515            
6.101156            
6.526129            
3.342408            
4.226308            
4.284915            
4.024253            
9.710014            
3.256409            
5.367460            
5.452085            
4.693687            
3.873380            
6.271608            
4.501032            
4.754906            
7.546748            
3.468563            
5.280229            
5.320304            
3.791099            
5.587186            
5.399638            
4.716343            
4.102812            
5.816163            
8.809454            
7.411782            
3.463175            
3.578300            
4.707421            
3.507165            
5.395780            
4.371276            
4.661822            
3.578300            
7.305993            
5.461341            
5.796085            
4.985794            
3.752113            
9.794548            
6.070578            
3.705472            
4.112910            
5.843084            
4.438030            
4.303505            
5.718517            
2.928068            
3.504771            
5.087821            
3.517892            
8.234147            
6.316828            
3.840770            
5.597783            
4.677020            
3.579205            
5.223764            
5.467534            
3.171719            
6.469514            
3.051960            
5.496477            
5.684181            
5.080887            
5.187897            
6.089921            
6.069474            
4.058560            
3.489022            
5.521872            
6.458411            
4.706236            
7.040666            
5.389927            
4.058272            
3.816467            
3.187559            
5.483052            
3.931893            
5.284311            
3.861856            
4.897914            
5.899435            
3.293621            
6.112633            
5.705072            
3.928142            
4.482609            
7.285693            
6.588836            
5.635425            
6.827985            
6.134455            
3.617375            
6.106333            
4.738984            
4.603024            
2.855714            
5.560536            
6.292884            
3.308808            
3.859801            
7.052232            
7.834798            
5.595371            
3.536090            
6.047521            
2.558077            
4.937993            
7.564118            
4.805041            
4.513774            
5.709318            
4.240968            
4.078983            
7.845358            
3.803517            
4.190222            
3.921582            
6.807972            
5.024463            
4.090084            
3.793867            
3.596122            
6.158672            
3.341716            
6.641388            
3.110234            
6.871850            
6.759657            
4.732422            
5.362449            
4.434203            
4.716343            
3.934973            
6.193812            
2.226067            
4.702249            
5.434257            
5.658842            
3.506124            
4.659850            
3.832343            
5.893491            
5.176040            
4.877631            
4.289540            
4.383459            
4.895160            
7.287633            
5.741613            
4.999423            
5.862439            
5.395780            
4.705221            
4.283421            
4.303451            
3.950638            
5.746266            
4.595875            
6.000662            
7.000566            
3.777666            
6.132845            
4.067818            
6.033224            
6.857487            
7.099035            
3.819754            
3.539738            
3.835837            
4.857194            
4.899285            
4.327214            
3.799941            
6.364916            
5.486288            
3.114419            
6.361411            
5.607469            
4.809331            
5.054892            
4.220134            
5.823291            
5.189575            
8.714553            
4.942667            
6.553065            
8.187012            
4.763071            
9.266772            
2.776900            
4.193760            
5.591597            
5.731659            
4.864354            
4.698987            
4.648284            
4.507441            
4.727399            
4.605295            
6.138820            
3.431045            
7.891613            
4.897513            
3.782447            
5.248787            
4.793957            
4.862498            
8.840235            
4.289540            
4.060910            
5.840058            
4.913764            
5.737350            
5.180044            
4.748626            
3.141519            
3.918167            
5.516619            
4.942722            
9.550413            
6.230459            
4.679930            
5.723184            
5.209335            
7.390556            
4.894450            
7.406243            
6.589254            
5.705410            
5.923530            
4.453310            
6.798986            
5.746266            
5.118449            
4.236526            
3.890675            
4.605709            
5.882898            
4.320596            
4.922646            
4.038046            
5.220889            
6.262738            
4.933493            
3.638810            
6.732790            
5.636831            
7.653366            
4.923014            
3.528010            
3.968724            
4.172481            
3.414389            
7.377523            
3.304873            
5.750018            
2.435279            
5.851116            
7.612766            
4.406113            
4.283086            
5.022063            
3.590642            
6.958785            
5.194769            
8.875447            
5.227372            
4.591233            
7.938183            
5.401975            
3.671369            
2.546552            
4.038843            
6.240470            
3.712684            
3.662000            
9.103193            
2.985702            
3.491974            
4.151987            
3.333888            
3.331525            
5.043074            
4.139298            
3.152984            
5.347771            
7.825997            
4.321255            
4.073833            
3.745378            
4.879755            
5.641034            
4.509595            
5.984628            
3.592259            
3.470711            
3.105689            
3.051960            
6.851495            
3.633479            
3.934991            
4.539582            
7.459624            
4.983715            
3.669036            
4.220733            
3.495348            
4.452033            
4.892959            
5.582930            
3.609522            
8.579359            
4.595665            
4.636292            
4.937993            
3.124683            
5.786999            
5.253426            
4.984316            
5.022063            
5.231908            
5.021587            
6.791169            
4.984011            
5.467534            
3.971606            
5.994529            
4.833786            
3.468107            
4.645427            
2.733704            
3.248059            
5.659729            
7.651628            
5.867840            
7.098046            
7.145267            
4.453310            
5.514762            
4.800341            
4.530877            
6.141763            
5.286195            
4.168846            
8.818383            
6.459240            
4.342787            
4.349678            
7.308697            
7.340793            
6.610092            
4.075596            
3.752184            
5.523059            
4.762743            
2.505628            
3.198479            
6.490092            
6.745564            
4.024940            
5.015812            
4.194897            
5.602623            
5.038028            
4.006437            
4.147934            
2.989590            
7.193817            
5.817249            
3.614032            
3.571808            
10.008870           
4.697476            
3.928071            
5.561948            
4.354115            
4.891385            
5.248787            
4.147934            
5.905862            
5.179269            
4.264362            
3.539595            
3.248800            
6.357728            
6.199383            
4.106608            
4.370738            
3.873068            
5.552714            
3.561960            
5.383071            
3.389022            
4.423178            
5.994529            
4.475046            
4.429368            
3.392618            
5.917198            
4.061425            
3.558509            
5.802094            
5.345195            
4.179790            
3.429115            
5.581115            
4.845607            
4.532179            
3.966558            
12.279409           
3.526567            
5.936862            
4.749633            
5.871506            
4.756619            
5.760708            
4.204742            
5.032265            
3.662000            
5.067099            
2.641596            
5.040593            
6.133100            
6.348557            
5.887385            
5.959628            
2.443179            
5.202795            
4.357552            
5.283747            
5.709353            
3.352955            
3.651275            
7.171026            
4.916931            
6.001401            
4.732422            
3.975383            
4.418282            
5.278925            
5.219081            
9.684864            
5.363817            
4.919263            
6.494923            
3.856431            
5.781986            
4.215864            
7.181226            
5.450533            
4.280909            
6.303009            
5.771792            
4.359231            
4.347682            
3.981993            
3.576046            
7.387706            
3.832053            
5.111209            
4.560093            
4.640925            
3.350258            
4.482919            
3.592622            
4.561431            
4.667898            
3.379542            
4.106608            
5.707900            
4.257403            
3.441666            
6.399804            
5.726684            
4.484949            
5.443060            
5.328500            
4.160882            
5.872189            
4.762743            
4.044968            
3.851550            
3.846001            
7.886575            
2.607751            
8.300722            
3.428134            
8.077155            
9.332922            
11.098658           
5.135869            
2.686021            
5.472164            
3.957297            
5.337043            
7.174853            
3.665461            
5.160203            
5.122575            
5.921184            
6.159108            
5.521341            
3.074672            
5.480970            
5.965856            
6.971393            
3.417519            
3.913242            
11.486868           
4.604291            
5.348447            
5.909084            
4.161676            
5.997040            
5.047838            
4.406486            
5.652367            
12.669840           
6.805787            
4.236601            
3.953115            
3.551230            
4.872135            
5.685290            
3.778430            
5.086063            
4.417746            
4.786661            
4.740635            
7.897261            
3.915569            
4.220733            
4.026008            
5.321073            
4.756981            
7.051915            
5.349663            
3.778260            
6.046388            
5.040593            
3.428976            
5.772739            
2.853134            
3.278405            
4.769322            
5.531984            
4.283421            
7.027186            
5.178582            
4.013263            
6.273041            
6.087157            
7.308697            
5.038388            
3.450982            
2.773351            
6.559400            
6.420830            
6.913656            
7.877850            
5.908486            
5.781695            
3.610196            
3.890675            
4.549207            
4.902503            
7.628864            
7.751975            
4.451569            
3.443160            
6.170255            
4.341767            
5.317133            
4.279927            
3.869107            
7.312835            
5.845248            
4.301857            
4.613881            
9.029641            
5.627053            
4.752390            
3.707100            
7.390524            
4.173228            
7.004510            
4.540262            
6.820285            
3.074672            
6.851495            
5.035578            
7.312388            
5.294001            
3.718760            
4.481364            
3.861856            
2.559715            
6.124185            
4.719864            
6.764212            
6.989014            
6.255812            
3.920567            
4.905780            
4.083415            
4.709861            
3.398898            
3.719860            
5.650930            
6.702029            
3.942934            
7.388393            
4.942667            
3.327520            
2.571281            
3.706647            
4.997124            
5.674052            
3.819754            
6.806050            
5.807412            
5.009514            
2.340414            
4.864354            
5.118449            
6.855464            
2.518810            
2.800066            
3.314233            
6.988785            
4.228017            
5.012642            
8.904600            
3.178628            
4.864354            
5.313061            
3.889840            
4.555620            
3.056849            
3.596122            
11.239231           
3.964090            
5.925034            
4.491979            
3.524588            
6.801781            
4.102608            
4.984042            
4.007852            
5.465927            
4.347420            
4.709584            
4.941950            
4.346884            
6.450817            
4.920786            
5.631424            
6.390906            
3.543835            
5.305316            
8.756459            
3.492071            
7.045443            
5.504105            
6.786771            
3.003617            
5.646350            
3.107259            
3.052950            
3.596122            
4.548254            
6.991676            
7.185338            
7.933590            
7.159689            
5.027408            
8.602059            
6.650999            
4.748626            
5.535487            
3.913730            
4.773302            
5.184273            
6.239544            
4.487467            
7.355075            
5.372942            
3.492071            
4.719565            
6.213169            
3.742431            
3.875794            
5.040593            
6.464734            
2.918965            
5.197452            
6.683784            
6.501584            
3.889840            
4.458481            
5.823291            
5.524968            
4.447682            
3.770723            
6.156171            
4.159675            
5.908727            
