6.005412            
5.828427            
4.024435            
4.034448            
4.743777            
5.585393            
3.618303            
6.113872            
4.199931            
4.034130            
4.075049            
2.125785            
7.638009            
4.023185            
3.249570            
3.438674            
4.009756            
6.772546            
3.381744            
4.273089            
4.679609            
3.655455            
4.764738            
3.340861            
7.416857            
6.902999            
6.431533            
5.925235            
6.521226            
2.975898            
4.453441            
11.426950           
4.891335            
3.487705            
3.465747            
5.605958            
3.270113            
12.490122           
3.429025            
8.585275            
3.894630            
3.871864            
5.716113            
5.203306            
6.221675            
6.410765            
3.665583            
3.847094            
3.359964            
4.385154            
5.755887            
4.111603            
5.910935            
5.572936            
2.424581            
5.073746            
4.123995            
4.225744            
5.203150            
5.349536            
6.651615            
4.758705            
7.302783            
5.380558            
4.226059            
4.703072            
4.273089            
5.448670            
5.318171            
6.511226            
9.315485            
3.427107            
6.032012            
3.189644            
5.921116            
4.536204            
7.579341            
6.126930            
3.715022            
6.102377            
4.687739            
6.698501            
3.834808            
4.129480            
3.807474            
6.597402            
2.810867            
5.203762            
6.288554            
6.077651            
4.236565            
3.298191            
5.360002            
6.423861            
5.807689            
4.653261            
3.808349            
7.081283            
5.859505            
4.180366            
10.677815           
5.673633            
3.083550            
7.721644            
4.465690            
6.292422            
2.570880            
3.070267            
5.183837            
3.837852            
4.250666            
3.886857            
4.339639            
4.866658            
5.681579            
4.345227            
6.591782            
6.786156            
5.027845            
5.342615            
3.473154            
4.316242            
4.532199            
4.995912            
3.874392            
8.826018            
4.641910            
3.595202            
4.960463            
5.609819            
2.950664            
3.640352            
6.021700            
4.483297            
6.796243            
4.121186            
7.974561            
3.974754            
5.627529            
4.160767            
6.636159            
3.580604            
6.662934            
6.309670            
5.485629            
5.359598            
4.217818            
3.524628            
4.720283            
6.414011            
5.365376            
5.254426            
3.264139            
4.699557            
5.490548            
6.804061            
5.060861            
4.198194            
7.963390            
4.493957            
3.683459            
3.568975            
3.070267            
5.242393            
5.024246            
6.416310            
4.637224            
4.957467            
3.676850            
6.066652            
4.034130            
7.013547            
4.003555            
4.496514            
3.126266            
5.105088            
7.067605            
5.275090            
4.385154            
3.357684            
5.088986            
3.196030            
4.503914            
5.405070            
5.510256            
4.145001            
3.348545            
3.819693            
5.783464            
7.357553            
3.852931            
7.671281            
6.433169            
3.796208            
4.368035            
4.309800            
5.331688            
3.133083            
4.384385            
4.178312            
3.851057            
3.130858            
6.374845            
4.089802            
4.729590            
3.545312            
5.143700            
5.621336            
4.598849            
4.910857            
3.968651            
2.554087            
3.595202            
5.817346            
3.282423            
6.361356            
5.070063            
3.160183            
5.318780            
7.740231            
4.470573            
3.971483            
5.316027            
3.987880            
5.928916            
4.164534            
5.162337            
7.824880            
5.070563            
2.749528            
3.580604            
3.349488            
4.184892            
4.524233            
3.576867            
3.679444            
5.718606            
4.467296            
4.039689            
6.142939            
5.865810            
5.238994            
9.293850            
4.650344            
4.699557            
5.359598            
5.143836            
9.283252            
4.234616            
7.142781            
5.517978            
5.855629            
6.158057            
4.849438            
4.340811            
4.795067            
6.159780            
5.175141            
4.342516            
4.959967            
9.862159            
6.222081            
3.415084            
4.010312            
4.105705            
6.820184            
5.631061            
5.260739            
6.497702            
4.637224            
6.931452            
3.473415            
4.405723            
4.369589            
3.583148            
7.473095            
6.541049            
4.545812            
4.317282            
3.548510            
4.140350            
2.354036            
4.752043            
3.472793            
6.604861            
8.802915            
4.727369            
4.325520            
4.765678            
3.962238            
5.438481            
3.866794            
3.264139            
3.825215            
3.511692            
4.627449            
3.099383            
3.126865            
4.801225            
6.688916            
4.733107            
5.405391            
7.146510            
4.464232            
7.665032            
6.472671            
2.829438            
5.361107            
4.588657            
4.394375            
5.929944            
3.366604            
3.979724            
5.044505            
6.744103            
6.903669            
4.319066            
2.705953            
5.128812            
5.834841            
5.090596            
7.456046            
4.337078            
5.438481            
3.262542            
4.487146            
4.470275            
4.902033            
3.796208            
3.610830            
8.264140            
3.975295            
4.315746            
3.154812            
2.818629            
6.817722            
5.412199            
3.867748            
4.440144            
5.053879            
2.597978            
4.844510            
5.870479            
5.150255            
5.749408            
3.430111            
3.382424            
6.519530            
5.989095            
4.860538            
3.487705            
7.010939            
5.450672            
8.999542            
10.246833           
4.287270            
4.935301            
3.534783            
2.954806            
4.399608            
9.370839            
4.094207            
3.770589            
4.036418            
4.942039            
4.044773            
4.938451            
3.237480            
4.825067            
3.894630            
5.257484            
4.379284            
4.408349            
4.140350            
7.457780            
4.036418            
3.154812            
6.577174            
4.692872            
5.053879            
3.867748            
8.813686            
5.999267            
3.055744            
3.356147            
3.690741            
4.198194            
4.674913            
4.440880            
8.581441            
4.860285            
3.104133            
3.894630            
7.640090            
4.400708            
2.658597            
5.958876            
5.660264            
2.189484            
3.576229            
3.416243            
3.135459            
3.282872            
3.285305            
3.694272            
5.968519            
3.160183            
5.431165            
7.713266            
8.141005            
3.415354            
4.332505            
5.195660            
5.361107            
5.979209            
5.258345            
6.985946            
4.128124            
4.288935            
4.604745            
4.187405            
4.355593            
3.574437            
4.498684            
6.853496            
6.135818            
2.575594            
6.441298            
4.560005            
3.848453            
3.626576            
4.785862            
3.658845            
6.663640            
4.052705            
2.636379            
5.807689            
5.597921            
6.300563            
6.309405            
3.554891            
2.774091            
4.790610            
6.264467            
6.393509            
5.912594            
4.732802            
6.375256            
5.059918            
4.609896            
4.498205            
3.933744            
3.152030            
8.429725            
6.581445            
4.289270            
5.349974            
4.498684            
5.929944            
9.257071            
5.091959            
4.211187            
2.763210            
5.769903            
3.952704            
5.232838            
5.184379            
3.565644            
5.295191            
4.883613            
5.883936            
5.387571            
4.916465            
3.471581            
5.289963            
4.733818            
6.627914            
6.000151            
3.291568            
7.316999            
9.917728            
4.092273            
5.677963            
2.779884            
4.983459            
5.070063            
4.289270            
4.539846            
4.417984            
6.931452            
4.975795            
5.948511            
3.718157            
5.253939            
5.848610            
4.796995            
4.854038            
4.470733            
3.469058            
6.694373            
4.070525            
3.844498            
4.251069            
6.391901            
2.632189            
7.332418            
6.162418            
3.652583            
3.731213            
5.408410            
6.589001            
6.931938            
6.695094            
4.106397            
3.917271            
5.218415            
4.001581            
2.778489            
4.939726            
4.861307            
4.178312            
5.352781            
3.254478            
4.498684            
4.765818            
4.943100            
3.061300            
4.188046            
3.229593            
2.565396            
3.780244            
4.379524            
5.516785            
4.494140            
4.042834            
7.798616            
3.567804            
8.697555            
4.586841            
4.012644            
4.699557            
4.536284            
5.891593            
3.659560            
2.626437            
3.511712            
3.100759            
4.123303            
4.724226            
5.838138            
4.202253            
4.836202            
5.017331            
2.736043            
7.385674            
4.764121            
6.316257            
5.906799            
3.661027            
5.058498            
7.798460            
4.811209            
2.958772            
3.689783            
3.568975            
4.239048            
6.365822            
2.853975            
5.396213            
3.664405            
3.333784            
5.615635            
2.906218            
4.507854            
2.265473            
3.485956            
4.678554            
6.519530            
6.117032            
5.287500            
7.657766            
4.556927            
3.718434            
6.986382            
3.624247            
5.619766            
3.885941            
8.885031            
5.447090            
3.276543            
7.907954            
5.974980            
5.034435            
3.897939            
5.108461            
4.111875            
3.549467            
4.098953            
7.754070            
5.669958            
4.653330            
4.315740            
10.431474           
2.544912            
2.593289            
7.539472            
2.972391            
7.550948            
3.523810            
3.954457            
3.568887            
5.826497            
5.084726            
3.785463            
4.667470            
3.568975            
5.065431            
3.774423            
6.336048            
5.527604            
10.286948           
4.943568            
4.002024            
3.407729            
4.099412            
5.635100            
5.580049            
2.877179            
4.241090            
3.740567            
4.695279            
6.589001            
4.085348            
3.072029            
4.533657            
3.487705            
8.726007            
3.974754            
5.096655            
3.473415            
3.962988            
3.601934            
4.417984            
6.232191            
7.299892            
2.952445            
5.102475            
2.801736            
3.601540            
4.024435            
2.735904            
3.819653            
4.512671            
3.346555            
3.970259            
5.239572            
8.163097            
6.829298            
3.010747            
5.672351            
3.693319            
3.540748            
3.096930            
4.837347            
6.323245            
3.193453            
5.745233            
3.573497            
4.029773            
5.738293            
4.480073            
6.030598            
5.578691            
5.600367            
3.264139            
2.430114            
4.270740            
6.133157            
3.137528            
4.680788            
7.313081            
4.943568            
2.939786            
3.523810            
3.106416            
3.164080            
4.096736            
4.528058            
4.845953            
3.631877            
4.325520            
2.729587            
3.128167            
7.561412            
3.785463            
3.233150            
4.815511            
6.595711            
6.019399            
3.557473            
5.174345            
4.178312            
2.941808            
5.700259            
4.471795            
6.300563            
4.232660            
4.286854            
4.352247            
3.811896            
2.961941            
4.358001            
4.777453            
4.975795            
4.047435            
3.968648            
5.191907            
3.882345            
5.225883            
3.778615            
3.476356            
7.065687            
4.039689            
4.149259            
5.082105            
6.166969            
4.245430            
2.996233            
7.416917            
8.104276            
4.184630            
4.883613            
9.918813            
3.443978            
3.833333            
5.968519            
7.001787            
4.922243            
7.136239            
1.625805            
2.948784            
3.602702            
2.593289            
7.871486            
7.747665            
2.536846            
4.637224            
3.172961            
5.438691            
3.599071            
4.403578            
6.160856            
6.514999            
4.708285            
5.673841            
4.314890            
2.149793            
3.043062            
3.516458            
4.198194            
4.913841            
9.559645            
2.891368            
2.393471            
3.784600            
5.634741            
9.718824            
3.321915            
3.065332            
4.853452            
5.864175            
2.972922            
6.865757            
2.679065            
6.638018            
6.520219            
2.546820            
5.447090            
7.543580            
4.715452            
5.654096            
6.847577            
2.944300            
4.823200            
5.710328            
3.043095            
5.202920            
1.950987            
5.785122            
6.750375            
3.041821            
4.353510            
3.885725            
4.751155            
5.044505            
5.826605            
3.872526            
2.597978            
3.398710            
5.212398            
5.304913            
6.291985            
4.463844            
5.084430            
6.751067            
5.180991            
5.419632            
4.286854            
3.080325            
4.126792            
3.980504            
5.375039            
6.032012            
5.394826            
3.441282            
6.458977            
3.080325            
4.008692            
3.144806            
4.331710            
4.797886            
5.643398            
3.896363            
4.034024            
2.538439            
3.870554            
2.566006            
4.627449            
5.212042            
3.660951            
6.519530            
4.213534            
5.107209            
6.352465            
5.929944            
5.053879            
6.895175            
4.637224            
2.801736            
5.424796            
4.270001            
3.764882            
3.962238            
3.369881            
3.722260            
6.619925            
5.432604            
3.649293            
5.696715            
3.339611            
5.172748            
7.067605            
4.909505            
4.608877            
3.487705            
3.473154            
5.684787            
5.120129            
3.116018            
4.305110            
3.568975            
3.413490            
6.670528            
4.947334            
3.200569            
4.343326            
3.089896            
6.931027            
6.256050            
3.590752            
6.240431            
9.093618            
5.200569            
5.945692            
6.064572            
5.906893            
2.861802            
4.189090            
5.094963            
3.334778            
4.266493            
4.317100            
5.780687            
4.720283            
5.544063            
4.147511            
3.973258            
4.695102            
7.447556            
5.372837            
4.378519            
4.405237            
4.251899            
5.760161            
4.102926            
3.737106            
2.360281            
3.444225            
3.565644            
5.968519            
4.711884            
10.771877           
4.473458            
3.043062            
6.106138            
3.567682            
4.079762            
2.885915            
4.255139            
5.571547            
4.726994            
6.939215            
3.380687            
2.765486            
4.158438            
3.200569            
10.859366           
5.573130            
3.780648            
8.148581            
3.316585            
6.880034            
3.469843            
5.799910            
5.452992            
6.318099            
5.486403            
2.807929            
8.184373            
4.180366            
2.899079            
3.317748            
6.466505            
3.595202            
4.064202            
7.786132            
4.733009            
4.200193            
3.154812            
3.933670            
3.151040            
10.367512           
5.096655            
4.337078            
4.319091            
4.983459            
3.671380            
4.890389            
3.989451            
4.378588            
4.582356            
4.269543            
7.892524            
5.512558            
6.293133            
6.560225            
4.211821            
2.545485            
3.590486            
8.221727            
4.567659            
3.756644            
3.926143            
3.557544            
5.647409            
5.504613            
8.241273            
4.597077            
4.709452            
3.196030            
3.855071            
5.420730            
5.799324            
7.544317            
4.498684            
5.606091            
4.437319            
4.470133            
5.204317            
6.090437            
5.235686            
6.538305            
3.229593            
5.644692            
4.849131            
8.720838            
3.825215            
3.206930            
3.736490            
4.754275            
5.698418            
3.073141            
3.000669            
5.088486            
4.953207            
3.966351            
3.141867            
3.232359            
5.149748            
