4.930594            
3.147775            
4.628803            
3.076754            
3.589922            
5.508220            
6.862405            
4.007452            
5.388979            
3.948549            
4.546711            
3.519768            
4.981473            
4.190967            
4.867261            
3.016171            
2.865550            
4.097306            
4.386185            
2.568550            
11.776140           
3.522265            
7.295466            
8.064490            
3.618907            
4.048127            
8.837319            
7.678273            
2.969553            
4.718128            
4.380036            
4.609000            
3.961351            
6.168422            
5.084077            
5.458152            
2.597745            
5.512773            
3.958918            
6.954785            
6.203852            
5.720090            
2.390255            
6.497385            
5.021670            
5.098921            
4.815280            
5.591076            
2.260824            
2.453747            
4.141356            
3.954848            
6.292580            
5.684927            
3.344004            
5.457489            
5.271943            
8.168419            
4.930228            
3.770133            
5.442281            
6.356104            
2.857730            
3.207195            
2.488289            
8.932873            
4.242035            
4.100946            
3.749435            
3.824155            
4.887586            
3.538800            
5.860937            
2.911810            
4.310273            
2.710930            
6.794834            
7.721993            
3.742888            
7.117052            
2.693441            
4.555826            
2.480836            
3.314655            
4.048127            
3.050661            
2.988116            
3.669102            
7.097774            
5.008011            
3.269234            
5.276198            
6.455061            
5.430814            
5.085094            
6.379493            
5.422651            
4.763056            
5.599610            
4.956074            
7.733783            
4.781605            
3.216811            
3.908841            
2.694251            
6.003787            
2.847617            
4.583980            
2.257474            
4.897181            
6.003787            
4.440240            
3.749435            
3.938744            
4.463768            
4.515714            
4.795947            
6.095957            
4.712872            
5.480250            
2.678213            
4.796486            
3.233282            
6.782910            
6.887056            
5.312461            
9.780536            
4.545180            
3.216811            
4.239712            
4.113724            
2.804583            
3.829623            
5.233364            
7.020908            
3.262084            
4.034491            
5.049587            
2.530306            
5.140985            
5.956115            
2.537836            
5.480250            
4.968018            
5.372444            
5.720757            
3.245259            
4.265090            
4.625346            
5.901096            
7.060626            
4.561529            
2.809246            
2.795623            
4.863088            
3.014712            
4.048127            
6.852053            
6.142452            
4.072843            
7.092472            
5.706540            
4.749144            
7.703097            
6.186987            
4.426266            
7.418476            
2.467176            
5.407537            
6.300584            
6.568649            
6.840374            
6.516338            
6.338208            
3.955269            
5.768885            
4.687401            
2.526210            
2.747835            
6.421190            
3.953273            
5.278895            
5.179200            
3.045488            
3.882099            
5.126469            
7.510796            
4.065176            
4.243957            
3.943413            
5.715120            
4.622243            
3.439851            
6.683288            
7.774977            
3.491058            
3.380351            
2.639782            
8.113586            
4.361400            
3.533178            
4.307244            
4.219379            
2.495702            
2.875434            
4.126268            
5.418457            
6.327188            
3.139851            
4.713128            
5.047717            
3.121093            
4.558653            
6.284477            
3.830256            
5.799697            
2.619705            
4.827375            
7.185985            
4.455399            
4.743019            
8.796768            
4.496649            
3.761497            
5.673718            
2.930858            
3.718456            
3.650868            
7.282676            
4.847704            
3.152651            
9.027268            
5.890720            
3.938744            
5.373274            
3.882099            
4.208246            
2.500463            
5.358619            
5.661832            
2.565132            
10.211097           
3.884345            
5.030767            
4.195286            
5.192100            
3.799773            
3.358181            
5.685581            
4.979600            
6.431809            
4.163947            
2.913935            
4.519408            
6.217808            
6.215521            
3.816046            
6.931745            
6.936160            
4.935040            
2.790264            
7.606337            
6.421190            
4.488354            
4.915860            
3.885180            
6.036926            
6.832661            
3.165447            
3.607006            
3.578512            
3.293249            
3.395950            
4.914062            
4.652480            
5.454620            
6.737501            
5.179200            
4.917144            
6.348871            
3.278425            
3.176811            
3.181348            
4.034126            
4.178057            
4.190967            
4.835281            
9.882062            
3.847453            
3.730674            
3.802185            
5.795574            
4.734947            
4.168412            
5.955309            
6.150869            
5.610997            
5.203603            
2.942469            
3.912571            
4.533122            
5.264109            
5.976322            
5.456002            
3.892052            
5.130152            
5.237625            
5.777461            
2.434741            
4.120965            
11.177926           
6.800687            
6.323832            
3.790950            
4.838872            
3.882099            
6.211233            
2.932277            
4.803672            
1.888729            
5.485989            
6.774616            
2.932616            
4.370952            
6.445446            
4.372574            
3.948520            
3.654760            
5.232972            
10.295123           
4.349956            
6.565275            
8.448918            
5.299635            
4.362663            
5.624043            
4.293598            
3.678062            
3.114518            
4.080244            
5.915881            
5.956115            
3.280595            
4.300575            
6.545731            
6.749289            
4.203674            
6.437736            
6.013727            
5.338229            
5.631955            
2.256962            
5.371847            
4.805335            
3.593924            
3.581180            
3.394243            
5.093004            
5.668192            
3.742888            
4.611893            
3.220699            
3.269747            
3.573526            
4.416072            
4.846051            
4.547223            
5.964284            
3.275515            
6.225764            
4.272553            
5.489642            
4.982257            
5.335871            
3.278275            
2.878961            
7.014891            
8.855902            
6.574948            
3.754234            
3.158252            
3.445190            
5.179200            
5.857105            
4.362973            
5.298230            
3.925148            
3.293253            
3.181354            
2.749227            
4.589928            
3.623910            
3.051306            
5.379682            
6.232215            
5.380812            
4.613719            
5.423440            
8.878887            
4.843143            
4.968018            
6.376631            
5.739800            
3.799773            
3.048146            
5.260367            
4.398415            
7.758199            
2.942469            
3.743071            
3.300920            
4.494045            
3.742415            
4.719762            
5.720090            
3.919776            
5.419753            
5.130149            
2.513244            
2.678213            
4.909642            
5.755505            
4.620259            
4.505641            
4.137884            
4.255064            
3.650868            
5.021670            
3.829623            
4.500993            
4.665107            
3.728842            
3.581577            
5.380227            
5.377022            
3.999520            
3.742378            
3.892703            
4.891087            
5.254738            
7.205843            
4.370368            
4.397031            
8.790442            
5.920709            
4.558548            
2.656876            
4.303092            
7.046013            
5.414320            
3.477644            
4.697283            
2.753048            
5.073973            
4.196929            
2.927921            
3.841883            
5.346165            
3.713701            
3.698032            
3.554528            
3.925148            
4.149445            
4.813138            
3.229068            
9.787375            
7.045166            
6.089691            
3.990352            
3.647951            
2.334630            
6.162898            
6.938492            
3.911333            
7.738517            
3.531554            
4.565454            
4.754553            
5.387782            
4.383759            
9.494961            
3.395950            
4.139589            
4.839430            
2.719968            
5.250138            
3.808880            
6.347806            
4.824790            
3.526720            
4.928554            
5.580745            
2.936910            
5.173170            
4.630108            
5.300420            
3.037474            
4.440903            
3.818383            
3.232380            
5.675606            
3.820093            
5.723864            
6.093120            
4.833302            
5.354716            
5.768885            
5.914632            
5.907614            
4.722761            
5.992264            
4.749144            
4.999233            
5.422715            
5.711849            
5.343067            
7.078462            
4.669804            
3.884345            
3.678062            
4.361400            
4.399237            
2.923902            
3.114218            
5.251256            
3.225786            
2.584124            
7.247718            
7.029384            
3.668558            
4.214172            
4.787715            
4.593914            
6.720997            
5.799697            
5.662986            
3.227308            
5.552875            
3.768239            
3.875661            
4.466256            
4.766015            
4.221042            
4.535596            
3.071318            
4.644976            
5.645072            
4.743326            
4.982257            
3.571803            
3.505791            
4.050899            
4.644976            
2.860807            
3.634237            
6.929638            
3.612817            
6.615149            
3.374770            
4.307998            
6.455061            
2.754261            
4.116229            
3.668558            
5.944093            
6.176920            
3.804082            
3.358181            
8.310166            
5.092505            
4.292288            
4.190661            
5.696783            
3.818315            
5.264109            
4.203674            
4.947159            
5.387530            
4.915860            
5.226210            
5.001965            
2.955390            
5.762647            
5.552875            
2.827772            
4.154805            
9.956999            
3.868342            
4.521541            
4.505197            
4.521541            
8.073955            
6.168822            
4.616490            
4.380036            
4.080244            
3.654760            
2.694251            
3.850583            
5.457407            
7.210363            
2.378915            
5.502077            
4.766225            
4.493385            
6.672560            
4.717281            
3.207195            
6.540482            
4.372189            
3.207574            
4.090875            
4.456235            
5.322130            
5.632503            
4.994745            
5.388979            
4.075895            
3.823480            
5.388979            
5.209052            
5.723889            
3.242114            
3.652651            
2.709597            
3.107063            
11.176385           
3.584617            
3.669746            
3.740577            
7.867917            
3.501995            
5.024922            
5.687941            
3.336151            
6.447065            
4.838972            
6.639922            
9.258995            
2.644542            
3.772088            
3.882099            
3.523479            
7.596379            
4.674969            
2.034019            
3.935232            
7.415082            
5.207363            
3.530540            
5.265645            
3.697080            
3.508434            
4.042196            
5.476452            
4.064970            
3.634237            
3.856723            
3.616091            
6.139134            
6.992000            
2.202270            
5.319615            
11.474719           
3.477289            
3.732049            
5.271156            
3.457826            
7.820751            
4.497674            
9.059563            
3.961351            
5.356429            
5.084467            
5.048747            
2.950459            
3.376433            
8.041758            
2.623180            
3.294503            
3.782245            
2.594533            
2.622614            
3.950053            
4.853484            
2.289555            
3.629803            
4.778451            
5.346229            
6.331325            
4.718261            
4.661819            
4.247903            
5.485989            
3.422895            
5.021323            
7.572670            
2.614720            
7.120345            
4.962273            
4.303439            
6.996059            
6.934936            
5.958079            
8.017997            
3.037474            
3.293253            
4.342267            
4.260161            
4.340703            
3.908705            
3.999520            
3.623910            
4.081264            
2.555586            
2.575569            
5.493421            
3.938744            
7.176334            
4.390123            
6.364336            
6.024941            
4.968143            
4.237470            
4.953614            
3.168139            
4.237659            
3.884009            
3.856723            
9.060126            
6.787339            
4.166100            
6.774616            
5.581502            
4.794701            
6.243538            
6.437736            
6.673296            
3.620512            
3.374820            
3.936203            
4.049747            
7.200080            
11.394037           
3.413097            
5.378046            
5.444305            
3.612817            
4.886231            
6.373739            
3.401797            
4.743091            
9.450231            
3.592579            
5.170114            
3.020564            
5.409660            
3.434644            
6.794202            
2.471008            
3.187097            
8.901188            
3.959368            
2.734277            
5.962621            
4.093538            
4.440916            
2.112723            
5.808137            
5.079652            
6.138717            
3.262084            
3.573526            
5.613085            
3.522265            
5.377022            
5.491824            
3.003527            
4.477606            
5.914632            
8.248923            
6.850115            
2.566830            
2.744310            
10.186049           
3.301521            
5.285913            
5.950285            
3.820093            
4.117435            
6.218050            
2.932804            
3.355448            
7.126737            
3.307870            
4.362424            
4.181657            
5.209052            
5.723256            
2.835486            
4.140657            
3.247674            
4.119797            
5.584315            
6.562029            
5.135372            
7.511380            
3.946473            
5.148297            
3.533863            
4.651142            
4.644976            
3.908841            
4.912242            
3.247674            
7.495492            
3.543071            
4.108845            
5.173170            
4.935521            
5.385703            
3.619280            
2.932277            
3.032753            
4.699644            
4.053687            
6.586911            
4.547649            
5.920786            
2.867703            
5.885652            
3.906879            
6.044212            
4.968018            
2.330993            
5.224738            
4.508742            
6.453692            
9.551261            
4.859029            
5.732169            
11.206147           
1.397990            
3.141096            
3.755597            
3.604799            
4.169995            
3.665515            
2.786833            
4.441438            
5.649225            
4.968018            
2.631983            
3.152276            
3.062864            
3.207642            
4.874243            
6.187890            
3.810643            
4.951313            
6.698810            
2.627596            
6.924757            
7.307120            
7.083621            
4.011528            
4.037822            
4.554188            
4.194004            
3.466522            
4.608423            
6.293641            
4.745801            
4.257043            
8.677040            
3.533847            
6.427392            
4.168412            
3.749435            
4.300575            
3.824155            
2.342152            
7.487316            
5.548884            
4.585296            
5.278895            
5.295579            
4.075895            
6.945005            
6.681728            
2.746543            
4.483482            
3.256135            
3.831971            
3.478939            
4.585679            
4.194004            
7.307281            
7.044745            
4.233911            
4.439770            
5.237625            
4.299059            
3.997209            
4.265090            
3.222131            
5.805614            
5.489460            
6.800094            
5.438149            
3.538974            
3.222131            
3.358181            
3.814507            
6.042041            
5.585951            
3.684542            
3.255738            
5.159499            
6.458665            
5.719756            
8.016647            
5.014830            
6.984473            
5.535744            
5.936990            
3.435412            
6.950418            
7.338137            
3.567594            
5.071975            
4.795334            
5.312461            
4.853758            
5.148297            
2.877908            
7.081219            
7.339791            
2.731161            
4.451289            
3.336215            
6.770404            
3.891618            
3.009413            
4.380036            
2.633342            
6.252608            
4.937971            
6.695507            
6.187890            
2.871791            
4.551778            
7.024459            
3.358181            
8.946672            
5.541135            
5.373343            
6.841788            
5.432406            
3.396251            
5.831910            
6.417128            
3.003527            
6.373102            
2.678213            
2.998549            
5.453468            
4.547649            
3.912824            
4.995341            
4.166456            
6.440451            
5.703528            
5.365054            
6.377525            
6.015415            
3.583084            
5.199260            
3.742423            
4.200114            
3.133960            
5.321732            
3.531554            
5.740914            
7.483881            
4.060855            
4.887586            
6.182738            
4.535596            
2.285989            
6.163456            
3.547586            
5.332692            
2.555586            
3.374820            
3.187973            
3.818518            
2.238716            
8.012404            
