261                             1                   0.0000323           8                   0.53                15.13               33.98               871893.00           0                   0.021               0                   0                   34751.00            22.748209           120.259399          T 
260                             1                   0.0000323           8                   0.53                15.13               33.98               871893.00           1                   0.011               92.03               99.03               17923.00            22.779445           120.239457          T 
252                             1                   0.0000323           8                   0.53                15.13               33.98               871893.00           0                   0.026               0                   0                   43095.00            22.752524           120.300653          T 
272                             1                   0.0000323           8                   0.53                15.13               33.98               871893.00           4                   0.12                33.84               46.97               194996.00           22.721100           120.300758          T 
281                             1                   0.0000323           8                   0.53                15.13               33.98               871893.00           0                   0.058               0                   0                   94957.00            22.805059           120.297891          T 
271                             1                   0.0000323           8                   0.53                15.13               33.98               871893.00           1                   0.12                8.34                8.91                197750.00           22.683957           120.295159          T 
259                             1                   0.0000323           8                   0.53                15.13               33.98               871893.00           0                   0.0083              0                   0                   13641.00            22.822246           120.228051          T 
270                             1                   0.0000323           8                   0.53                15.13               33.98               871893.00           1                   0.086               11.67               12.49               141383.00           22.650195           120.274163          T 
250                             1                   0.0000323           8                   0.53                15.13               33.98               871893.00           0                   0.060               0                   0                   99541.00            22.739835           120.370799          T 
249                             1                   0.0000323           8                   0.53                15.13               33.98               871893.00           1                   0.021               48.72               52.39               33856.00            22.701208           120.360526          T 
222                             2                   0.712               3                   0.38                7.80                9.66                634196.00           0                   0.018               0                   0                   29003.00            21.985316           120.763254          F 
240                             2                   0.712               3                   0.38                7.80                9.66                634196.00           1                   0.0046              215.48              231.97              7655.00             22.079156           120.743263          F 
231                             2                   0.712               3                   0.38                7.80                9.66                634196.00           0                   0.0043              0                   0                   7143.00             22.049300           120.843568          F 
233                             2                   0.712               3                   0.38                7.80                9.66                634196.00           0                   0.0028              0                   0                   4658.00             22.155529           120.817361          F 
234                             2                   0.712               3                   0.38                7.80                9.66                634196.00           0                   0.0029              0                   0                   4804.00             22.260849           120.735645          F 
228                             2                   0.712               3                   0.38                7.80                9.66                634196.00           0                   0.0030              0                   0                   4919.00             22.270870           120.656767          F 
119                             2                   0.712               3                   0.38                7.80                9.66                634196.00           0                   0.0021              0                   0                   3402.00             22.384307           120.835524          F 
110                             2                   0.712               3                   0.38                7.80                9.66                634196.00           0                   0.0033              0                   0                   5431.00             22.383595           120.899170          F 
225                             2                   0.712               3                   0.38                7.80                9.66                634196.00           0                   0.0029              0                   0                   4846.00             22.403998           120.697580          F 
227                             2                   0.712               3                   0.38                7.80                9.66                634196.00           0                   0.014               0                   0                   22429.00            22.403342           120.597584          F 
216                             2                   0.712               3                   0.38                7.80                9.66                634196.00           0                   0.010               0                   0                   17294.00            22.429806           120.547612          F 
235                             2                   0.712               3                   0.38                7.80                9.66                634196.00           0                   0.0073              0                   0                   12115.00            22.340003           120.371047          F 
229                             2                   0.712               3                   0.38                7.80                9.66                634196.00           0                   0.0096              0                   0                   15830.00            22.441421           120.512509          F 
217                             2                   0.712               3                   0.38                7.80                9.66                634196.00           0                   0.0044              0                   0                   7320.00             22.501572           120.685723          F 
224                             2                   0.712               3                   0.38                7.80                9.66                634196.00           0                   0.0055              0                   0                   9064.00             22.486763           120.584626          F 
219                             2                   0.712               3                   0.38                7.80                9.66                634196.00           0                   0.0058              0                   0                   9548.00             22.479807           120.518056          F 
226                             2                   0.712               3                   0.38                7.80                9.66                634196.00           0                   0.028               0                   0                   45926.00            22.462656           120.475133          F 
221                             2                   0.712               3                   0.38                7.80                9.66                634196.00           0                   0.0089              0                   0                   14619.00            22.515282           120.500660          F 
232                             2                   0.712               3                   0.38                7.80                9.66                634196.00           0                   0.032               0                   0                   52594.00            22.536429           120.556806          F 
120                             2                   0.712               3                   0.38                7.80                9.66                634196.00           0                   0.0022              0                   0                   3673.00             22.581617           120.857038          F 
223                             2                   0.712               3                   0.38                7.80                9.66                634196.00           0                   0.019               0                   0                   31831.00            22.517190           120.450143          F 
239                             2                   0.712               3                   0.38                7.80                9.66                634196.00           0                   0.011               0                   0                   18893.00            22.582335           120.601817          F 
284                             2                   0.712               3                   0.38                7.80                9.66                634196.00           1                   0.041               24.37               26.16               67696.00            22.508137           120.399052          F 
230                             2                   0.712               3                   0.38                7.80                9.66                634196.00           0                   0.0032              0                   0                   5297.00             22.604085           120.691793          F 
111                             2                   0.712               3                   0.38                7.80                9.66                634196.00           0                   0.0064              0                   0                   10486.00            22.590981           120.979764          F 
237                             2                   0.712               3                   0.38                7.80                9.66                634196.00           0                   0.0093              0                   0                   15355.00            22.588556           120.526638          F 
238                             2                   0.712               3                   0.38                7.80                9.66                634196.00           0                   0.030               0                   0                   48660.00            22.588495           120.476619          F 
279                             2                   0.712               3                   0.38                7.80                9.66                634196.00           1                   0.093               10.73               11.48               153705.00           22.551402           120.359261          F 
