257                             1                   1e-17               45                  1.04                43.31               106.78              311629.00           2                   0.095               21.04               21.59               28510.00            22.893250           120.225937          F 
258                             1                   1e-17               45                  1.04                43.31               106.78              311629.00           21                  0.11                193.80              268.78              32500.00            22.882414           120.198052          F 
140                             1                   1e-17               45                  1.04                43.31               106.78              311629.00           7                   0.22                31.14               34.24               67433.00            22.941309           120.241879          F 
256                             1                   1e-17               45                  1.04                43.31               106.78              311629.00           0                   0.18                0                   0                   54588.00            22.857242           120.265987          F 
146                             1                   1e-17               45                  1.04                43.31               106.78              311629.00           15                  0.43                34.99               43.48               128598.00           22.955619           120.190374          F 
257                             2                   1e-17               30                  0.43                70.05               116.09              128443.00           2                   0.095               21.04               21.59               28510.00            22.893250           120.225937          T 
258                             2                   1e-17               30                  0.43                70.05               116.09              128443.00           21                  0.11                193.80              268.78              32500.00            22.882414           120.198052          T 
140                             2                   1e-17               30                  0.43                70.05               116.09              128443.00           7                   0.22                31.14               34.24               67433.00            22.941309           120.241879          T 
256                             2                   1e-17               30                  0.43                70.05               116.09              128443.00           n/a                 n/a                 n/a                 n/a                 n/a                 22.857242           120.265987          T 
146                             2                   1e-17               30                  0.43                70.05               116.09              128443.00           n/a                 n/a                 n/a                 n/a                 n/a                 22.955619           120.190374          T 
146                             3                   0.0000000000000366  15                  0.43                34.99               43.48               128598.00           15                  0.43                34.99               43.48               128598.00           22.955619           120.190374          T 
261                             4                   0.168               3                   0.13                23.65               24.59               38052.00            3                   0.13                23.65               24.59               38052.00            22.748209           120.259399          F 
228                             5                   0.718               3                   0.29                10.41               10.80               86428.00            0                   0.021               0                   0                   6388.00             22.270870           120.656767          F 
234                             5                   0.718               3                   0.29                10.41               10.80               86428.00            0                   0.017               0                   0                   5035.00             22.260849           120.735645          F 
225                             5                   0.718               3                   0.29                10.41               10.80               86428.00            0                   0.017               0                   0                   5042.00             22.403998           120.697580          F 
227                             5                   0.718               3                   0.29                10.41               10.80               86428.00            1                   0.094               10.67               10.80               28109.00            22.403342           120.597584          F 
233                             5                   0.718               3                   0.29                10.41               10.80               86428.00            0                   0.017               0                   0                   5014.00             22.155529           120.817361          F 
216                             5                   0.718               3                   0.29                10.41               10.80               86428.00            1                   0.075               13.38               13.55               22414.00            22.429806           120.547612          F 
119                             5                   0.718               3                   0.29                10.41               10.80               86428.00            0                   0.013               0                   0                   3990.00             22.384307           120.835524          F 
240                             5                   0.718               3                   0.29                10.41               10.80               86428.00            1                   0.035               28.74               29.12               10436.00            22.079156           120.743263          F 
248                             6                   0.954               2                   0.15                13.26               13.59               45245.00            2                   0.15                13.26               13.59               45245.00            22.711004           120.425407          F 
