5.431261            
4.909323            
4.871965            
4.349991            
8.644985            
3.849467            
5.868322            
3.327930            
4.412957            
5.171623            
3.397095            
4.261419            
6.207712            
3.532633            
5.540270            
9.138283            
7.018834            
3.108063            
5.586864            
3.638119            
4.846871            
6.094856            
3.323158            
4.237255            
6.268783            
3.170357            
4.985284            
3.292466            
7.084923            
6.934930            
4.026807            
4.970713            
4.323580            
4.231994            
4.884830            
5.933601            
5.473702            
3.911785            
3.978339            
6.692950            
4.139610            
3.914844            
4.769717            
3.459438            
4.085420            
3.760991            
5.024971            
6.502803            
6.892189            
6.801460            
5.356723            
4.105256            
4.939172            
4.687032            
4.310131            
6.672513            
5.643235            
6.244491            
6.736193            
5.971453            
2.859221            
3.164318            
5.090453            
5.337490            
6.902211            
6.351057            
4.299391            
4.335931            
2.924611            
4.699087            
5.951068            
5.657785            
3.378201            
4.472254            
4.428100            
6.672685            
3.550775            
4.931814            
4.294067            
3.480279            
5.964863            
6.939262            
4.750258            
9.327616            
3.230659            
3.683352            
6.996760            
3.720355            
4.540616            
3.677936            
8.021733            
4.262821            
3.453893            
5.246352            
4.713883            
7.448927            
4.873484            
4.121623            
5.830650            
5.266314            
3.948993            
6.384983            
6.208815            
3.548999            
4.057118            
4.449341            
6.186331            
3.365752            
4.070924            
4.817964            
5.435603            
4.542309            
5.724833            
7.347839            
6.065114            
4.951067            
4.888698            
3.810520            
7.207764            
5.783567            
2.728379            
5.242792            
5.057309            
7.581005            
4.726360            
6.888254            
3.293049            
6.141402            
5.070937            
4.208252            
3.654231            
4.008549            
9.347365            
4.681617            
5.066339            
3.940712            
4.830434            
4.733025            
6.023137            
5.978765            
4.125272            
11.746065           
5.085549            
4.132390            
3.690947            
6.843535            
4.976062            
3.607845            
5.693098            
4.324193            
4.135083            
6.739324            
6.228644            
3.702301            
7.813468            
4.045275            
8.226972            
5.868482            
8.003012            
5.260783            
4.728675            
2.960628            
5.374868            
4.892506            
7.928461            
4.294067            
8.264507            
5.148387            
4.441695            
6.995848            
4.930266            
6.410497            
5.378003            
5.810196            
4.395948            
4.559820            
5.008929            
3.025121            
6.438512            
6.655610            
4.832198            
7.209976            
4.304957            
6.177998            
3.897436            
5.970273            
4.127150            
3.213296            
3.751448            
5.518913            
5.116490            
5.931082            
4.752903            
5.717454            
4.811538            
5.100417            
4.334513            
3.935398            
4.308396            
3.545491            
4.912757            
4.518355            
7.472448            
5.519629            
3.563556            
5.005976            
5.650899            
3.334702            
5.304659            
3.769483            
6.663782            
4.534303            
5.834587            
3.592400            
7.251288            
4.475130            
4.576772            
4.970720            
5.763017            
4.912757            
6.201676            
3.956598            
4.536693            
4.642692            
7.291937            
5.715744            
8.024596            
5.773438            
4.173738            
4.449341            
4.945407            
7.334051            
4.294067            
4.473831            
5.954541            
4.619303            
5.440798            
5.896723            
4.762752            
4.970713            
3.912952            
3.874461            
4.525506            
7.491463            
4.619303            
8.675725            
5.167004            
7.565971            
5.217298            
5.170932            
3.511829            
3.777351            
4.253433            
5.066359            
4.723349            
6.992970            
4.229143            
4.826973            
2.988515            
3.614521            
4.679498            
4.227684            
4.154650            
3.539318            
8.643652            
9.130491            
6.907288            
5.654804            
8.543798            
6.628690            
5.034836            
5.936653            
6.093622            
8.694125            
5.737764            
7.040875            
6.904241            
5.106430            
5.320987            
3.394598            
3.487549            
4.236505            
5.617621            
4.208252            
4.724239            
3.798062            
4.250894            
3.614040            
6.471773            
4.815270            
5.470694            
6.005838            
4.055002            
2.588929            
8.006348            
7.428490            
5.278371            
6.045591            
4.614603            
2.451746            
4.148637            
6.284557            
6.473403            
3.215579            
6.462843            
6.428862            
5.176942            
4.693701            
5.714664            
4.125272            
6.066590            
5.562202            
6.892189            
5.666118            
4.250507            
4.444455            
4.861638            
5.645679            
5.222823            
4.410981            
6.886726            
4.634612            
3.875978            
5.464296            
5.964897            
4.104123            
5.008538            
3.668767            
4.666695            
3.993277            
4.761942            
3.935398            
5.163874            
6.988223            
6.305764            
3.737349            
4.313224            
5.633779            
4.757999            
4.057118            
8.370982            
5.611069            
5.359444            
5.024971            
4.027797            
4.829262            
3.751448            
5.130865            
6.562475            
3.399311            
6.807183            
2.604921            
6.456925            
7.349348            
4.155492            
6.254989            
5.189693            
4.465969            
3.815985            
4.259358            
3.755645            
5.235722            
4.123194            
3.639046            
7.443989            
6.107423            
5.936653            
7.292768            
5.562620            
4.642692            
6.315521            
3.606114            
7.202629            
5.784078            
5.816121            
4.917748            
6.951078            
4.795387            
4.209476            
8.769862            
4.701704            
5.151072            
4.605091            
4.124248            
6.029781            
6.868721            
3.172223            
8.772884            
5.437622            
8.258817            
5.275194            
6.357512            
4.259236            
5.881149            
3.679422            
4.708368            
3.432468            
4.701059            
4.377643            
4.568519            
6.071025            
4.429070            
6.784149            
5.129182            
7.976110            
6.614877            
5.815769            
8.833437            
7.575974            
5.406907            
6.763833            
5.345298            
5.676047            
8.972607            
6.535073            
5.586864            
8.004320            
6.281792            
4.997934            
3.976612            
3.289496            
3.511536            
5.859059            
8.641515            
4.783709            
7.925769            
3.679422            
6.025965            
3.638204            
6.565501            
4.020853            
5.791783            
5.945606            
6.883951            
5.209279            
4.471344            
5.256218            
3.285010            
3.868612            
7.307894            
4.082198            
3.962723            
5.462634            
5.014782            
4.929742            
3.704118            
4.750715            
5.719476            
5.541295            
3.646219            
7.567538            
7.760217            
7.603841            
5.708545            
3.231287            
3.871711            
4.592677            
6.565278            
5.520669            
3.424808            
6.628550            
6.129355            
5.695966            
5.824463            
4.730420            
8.583131            
6.594437            
6.455141            
5.169588            
3.648433            
4.063493            
8.850957            
3.987311            
6.404399            
4.335115            
3.302527            
6.151960            
4.031803            
3.632676            
4.539865            
3.123865            
4.518646            
6.722741            
4.723816            
4.834169            
5.744410            
3.725073            
4.326837            
7.750804            
9.325232            
7.839356            
4.892506            
4.995970            
5.100587            
4.839062            
3.860060            
6.660137            
5.450685            
6.097373            
4.767231            
5.171623            
7.415522            
3.389197            
4.093901            
5.818615            
5.206345            
10.769457           
4.304734            
6.694667            
6.327462            
6.007329            
5.684766            
4.967873            
5.552386            
4.090766            
4.316804            
3.606099            
3.862169            
4.803229            
4.815270            
4.549321            
4.815666            
4.533516            
5.105519            
5.381758            
7.759742            
6.469816            
4.282966            
5.337316            
4.202948            
5.030330            
7.044345            
2.668174            
3.976612            
4.703270            
10.501624           
5.379696            
5.250027            
3.981669            
5.340531            
4.201828            
5.712397            
7.009642            
4.158300            
4.171906            
5.186678            
4.229160            
3.889419            
4.152538            
6.101173            
5.219668            
4.236505            
5.251120            
4.761942            
7.015774            
5.924094            
4.570765            
5.617771            
8.794290            
8.202000            
9.578813            
3.334702            
5.585733            
4.027351            
5.126839            
5.131154            
5.490207            
3.618377            
5.493547            
4.846871            
5.048091            
4.279736            
4.564908            
4.511669            
3.361774            
4.722392            
5.584787            
4.150312            
4.972901            
7.325856            
5.159570            
5.221449            
4.253005            
5.898006            
4.827192            
4.070029            
6.576580            
5.632760            
3.387861            
7.078453            
4.806276            
4.472705            
3.673965            
5.247774            
3.870452            
5.333907            
4.970713            
8.862111            
5.315926            
3.826644            
7.371577            
7.570027            
3.241123            
4.471438            
6.928551            
5.744410            
4.134349            
5.250805            
4.399706            
4.226485            
5.196095            
5.957165            
9.149822            
5.462159            
4.489180            
4.837396            
5.390777            
3.732511            
9.740490            
5.250805            
4.464549            
4.489428            
3.951544            
6.057821            
4.866970            
3.716538            
6.002767            
4.164227            
5.018494            
6.713635            
4.087794            
6.530042            
3.763178            
6.269763            
3.025121            
7.533231            
6.357512            
5.986148            
2.797562            
3.897451            
5.747512            
6.238283            
9.119381            
5.945463            
3.775825            
5.640072            
5.163414            
6.254395            
5.419438            
3.373359            
5.197215            
5.813054            
7.654716            
5.502851            
4.997934            
3.487482            
6.694926            
4.868086            
5.951044            
8.198017            
4.067409            
4.208252            
4.393680            
5.775516            
5.901660            
3.432468            
4.588797            
5.030998            
3.751263            
8.057331            
4.750369            
3.892966            
5.854949            
5.328099            
3.985029            
4.304734            
4.516509            
7.207587            
4.633277            
7.542273            
5.640025            
5.591963            
7.605023            
3.477892            
5.802868            
4.391506            
5.950221            
4.189967            
5.261670            
6.581681            
8.243981            
6.176027            
7.355836            
5.608742            
7.245391            
5.203088            
5.434463            
4.226485            
5.721617            
3.653305            
4.582373            
8.309608            
7.155632            
6.841831            
2.792494            
4.883005            
3.973010            
6.398421            
5.258867            
3.375444            
4.599172            
2.504064            
7.930827            
3.703099            
5.002608            
5.271304            
5.721343            
6.126450            
5.341548            
5.149558            
5.258867            
5.586864            
5.202573            
8.226676            
3.752033            
6.163678            
5.951327            
5.050882            
3.181094            
5.845434            
9.772778            
7.478901            
4.432638            
4.332978            
4.976928            
5.321762            
4.824953            
4.826852            
3.749984            
4.740157            
5.384398            
4.791395            
6.115031            
5.206345            
4.642692            
6.175963            
4.383942            
7.763245            
3.650300            
8.729390            
7.986654            
3.100775            
4.885432            
4.242555            
5.575300            
4.469078            
3.831286            
3.561582            
6.901394            
4.469078            
6.556908            
3.172223            
4.599231            
5.593071            
7.079833            
5.500162            
7.990746            
7.311431            
3.434726            
3.457958            
8.596815            
6.598470            
4.888476            
4.696536            
7.593639            
6.141449            
4.742545            
4.976928            
3.958191            
5.610410            
5.108923            
4.216271            
4.027351            
5.255390            
5.618171            
4.832198            
4.426004            
5.927142            
3.162936            
3.747549            
7.339852            
5.183815            
4.495764            
5.933601            
5.043669            
6.693172            
5.311456            
6.711776            
5.954447            
5.618713            
3.349345            
5.260783            
3.236437            
5.163414            
6.232840            
4.497072            
6.138225            
6.873297            
6.007601            
5.363435            
9.129374            
4.299391            
6.518691            
5.884339            
4.588523            
5.452663            
5.516424            
6.280070            
4.718757            
7.203074            
6.926024            
3.487501            
4.102943            
4.568519            
3.575493            
6.653368            
6.435240            
8.309670            
3.476656            
2.416309            
3.625486            
7.651522            
3.673440            
6.306772            
5.786986            
4.051874            
3.244667            
4.261419            
4.152197            
4.597833            
6.866729            
4.577232            
5.384114            
3.379161            
7.404804            
4.863223            
5.251120            
5.275621            
4.664226            
6.387357            
4.947660            
3.643569            
5.426534            
3.503093            
4.424491            
5.203832            
4.970713            
5.921417            
5.507893            
7.303340            
7.579230            
5.236513            
4.104340            
5.269554            
3.838331            
4.735561            
7.404785            
3.504275            
5.924819            
5.702593            
6.476873            
5.171623            
6.627249            
3.700837            
3.683244            
2.949956            
7.991919            
5.158562            
3.379161            
6.245085            
6.537817            
4.524451            
6.138365            
5.536381            
6.549166            
3.773148            
3.836929            
6.330175            
5.589551            
5.499928            
8.363084            
5.437622            
4.847575            
9.793467            
7.178705            
4.693392            
12.440792           
6.705823            
12.620566           
6.471426            
7.654716            
5.800229            
6.204037            
6.977960            
6.120885            
5.919274            
4.173738            
5.023120            
6.021953            
5.345014            
9.272506            
5.241854            
5.047152            
4.664600            
4.304555            
4.525569            
7.991665            
5.919274            
2.659005            
4.372882            
10.371454           
4.154650            
4.424491            
4.913947            
6.404006            
5.395615            
6.359348            
4.642692            
3.182103            
2.987150            
4.329760            
5.549755            
5.162481            
5.271304            
4.771816            
6.113885            
5.818545            
5.801416            
5.397688            
6.639312            
6.007601            
6.580069            
3.948993            
4.904662            
5.438471            
4.242075            
8.722689            
4.785075            
5.927946            
4.090615            
5.241683            
5.615553            
4.197305            
3.160127            
5.510895            
7.852265            
3.941242            
3.835847            
5.610146            
5.267814            
5.448984            
4.945407            
5.808891            
5.575364            
4.019033            
4.884293            
6.286175            
8.176051            
6.313118            
5.997188            
6.026931            
4.578654            
6.777299            
3.184545            
5.148387            
4.491068            
6.744915            
4.103345            
5.260600            
3.849134            
6.906762            
4.584537            
4.790965            
5.493583            
9.395130            
8.521722            
8.358799            
5.796012            
4.501448            
4.442559            
5.400025            
4.339635            
4.049721            
4.407404            
5.316752            
3.870438            
5.829186            
3.759727            
5.617790            
