1                               0                   2.54                0                   0                   
10                              0                   0.95                0                   0                   
100                             0                   0.13                0                   0                   
101                             0                   0.22                0                   0                   
102                             0                   0.39                0                   0                   
103                             0                   3.41                0                   0                   
104                             0                   0.22                0                   0                   
105                             0                   0.38                0                   0                   
106                             0                   0.16                0                   0                   
107                             0                   1.52                0                   0                   
108                             0                   0.30                0                   0                   
109                             2                   1.83                1.09                1.10                
11                              0                   0.24                0                   0                   
110                             0                   0.11                0                   0                   
111                             0                   0.20                0                   0                   
112                             0                   0.062               0                   0                   
113                             0                   0.26                0                   0                   
114                             0                   0.15                0                   0                   
115                             0                   0.15                0                   0                   
116                             0                   0.075               0                   0                   
117                             0                   0.065               0                   0                   
118                             0                   0.085               0                   0                   
119                             0                   0.064               0                   0                   
12                              0                   1.32                0                   0                   
120                             0                   0.063               0                   0                   
121                             0                   0.13                0                   0                   
122                             0                   0.16                0                   0                   
123                             0                   0.14                0                   0                   
124                             0                   0.23                0                   0                   
125                             0                   0.11                0                   0                   
126                             0                   1.41                0                   0                   
127                             0                   0.31                0                   0                   
128                             0                   0.19                0                   0                   
129                             0                   0.35                0                   0                   
13                              1                   2.82                0.35                0.35                
130                             0                   0.43                0                   0                   
131                             0                   0.21                0                   0                   
132                             1                   0.26                3.78                3.78                
133                             0                   1.82                0                   0                   
134                             0                   0.11                0                   0                   
135                             0                   0.080               0                   0                   
136                             0                   0.19                0                   0                   
137                             1                   0.40                2.48                2.48                
138                             1                   0.43                2.33                2.34                
139                             2                   1.33                1.50                1.51                
14                              0                   1.64                0                   0                   
140                             14                  1.25                11.21               11.59               
141                             0                   1.02                0                   0                   
142                             2                   0.39                5.13                5.15                
143                             0                   2.26                0                   0                   
144                             0                   0.20                0                   0                   
145                             0                   0.15                0                   0                   
146                             29                  2.15                13.50               14.50               
147                             0                   0.79                0                   0                   
148                             0                   0.18                0                   0                   
149                             0                   0.46                0                   0                   
15                              0                   0.35                0                   0                   
150                             4                   3.21                1.25                1.25                
151                             0                   0.52                0                   0                   
152                             1                   1.11                0.90                0.90                
153                             0                   0.37                0                   0                   
154                             0                   0.35                0                   0                   
155                             0                   0.13                0                   0                   
156                             0                   0.089               0                   0                   
157                             0                   0.42                0                   0                   
158                             1                   0.75                1.34                1.34                
159                             1                   0.61                1.65                1.65                
16                              0                   0.53                0                   0                   
160                             0                   1.34                0                   0                   
161                             1                   3.25                0.31                0.31                
162                             0                   0.37                0                   0                   
163                             0                   0.37                0                   0                   
164                             0                   0.17                0                   0                   
165                             1                   1.15                0.87                0.87                
166                             3                   3.91                0.77                0.77                
167                             2                   0.25                8.04                8.08                
168                             1                   0.51                1.97                1.97                
169                             0                   0.43                0                   0                   
17                              1                   6.52                0.15                0.15                
170                             0                   0.60                0                   0                   
171                             0                   0.45                0                   0                   
172                             0                   0.77                0                   0                   
173                             0                   0.073               0                   0                   
174                             2                   2.11                0.95                0.95                
175                             0                   2.52                0                   0                   
176                             0                   0.79                0                   0                   
177                             0                   0.42                0                   0                   
178                             0                   0.080               0                   0                   
179                             0                   0.55                0                   0                   
18                              2                   3.10                0.65                0.64                
180                             0                   0.63                0                   0                   
181                             0                   0.49                0                   0                   
182                             0                   0.57                0                   0                   
183                             0                   0.74                0                   0                   
184                             0                   0.45                0                   0                   
185                             0                   0.35                0                   0                   
186                             0                   1.23                0                   0                   
187                             0                   0.87                0                   0                   
188                             0                   0.26                0                   0                   
189                             0                   0.21                0                   0                   
19                              0                   1.44                0                   0                   
190                             0                   0.63                0                   0                   
191                             2                   0.33                5.98                6.00                
192                             0                   0.098               0                   0                   
193                             0                   0.28                0                   0                   
194                             0                   0.48                0                   0                   
195                             0                   0.47                0                   0                   
196                             0                   0.71                0                   0                   
197                             1                   0.50                2.02                2.02                
198                             0                   0.56                0                   0                   
199                             1                   0.43                2.34                2.35                
2                               0                   3.53                0                   0                   
20                              0                   1.57                0                   0                   
200                             0                   0.43                0                   0                   
201                             0                   0.51                0                   0                   
202                             0                   0.34                0                   0                   
203                             0                   0.44                0                   0                   
204                             0                   1.85                0                   0                   
205                             1                   0.79                1.27                1.27                
206                             0                   0.27                0                   0                   
207                             0                   0.32                0                   0                   
208                             0                   0.46                0                   0                   
209                             0                   0.51                0                   0                   
21                              0                   3.63                0                   0                   
210                             0                   1.20                0                   0                   
211                             0                   0.23                0                   0                   
212                             0                   0.81                0                   0                   
213                             0                   0.75                0                   0                   
214                             1                   0.13                7.52                7.54                
215                             0                   0.38                0                   0                   
216                             1                   0.35                2.89                2.90                
217                             0                   0.13                0                   0                   
218                             0                   0.96                0                   0                   
219                             0                   0.19                0                   0                   
22                              0                   0.19                0                   0                   
220                             2                   3.48                0.57                0.57                
221                             0                   0.28                0                   0                   
222                             5                   0.53                9.48                9.59                
223                             1                   0.63                1.60                1.60                
224                             0                   0.17                0                   0                   
225                             0                   0.083               0                   0                   
226                             2                   0.82                2.43                2.43                
227                             3                   0.44                6.89                6.94                
228                             0                   0.098               0                   0                   
229                             2                   0.33                6.09                6.11                
23                              0                   0.82                0                   0                   
230                             1                   0.090               11.07               11.09               
231                             0                   0.14                0                   0                   
232                             2                   0.94                2.14                2.14                
233                             0                   0.083               0                   0                   
234                             2                   0.083               23.98               24.10               
235                             0                   0.22                0                   0                   
236                             1                   0.14                7.20                7.22                
237                             0                   0.30                0                   0                   
238                             0                   0.89                0                   0                   
239                             0                   0.36                0                   0                   
24                              0                   7.13                0                   0                   
240                             10                  0.16                64.17               65.81               
241                             2                   0.46                4.37                4.38                
242                             1                   0.52                1.92                1.93                
243                             0                   0.059               0                   0                   
244                             0                   0.44                0                   0                   
245                             1                   0.45                2.20                2.20                
246                             0                   0.19                0                   0                   
247                             3                   1.90                1.58                1.58                
248                             5                   0.74                6.78                6.85                
249                             4                   0.59                6.80                6.85                
25                              1                   2.69                0.37                0.37                
250                             1                   1.38                0.72                0.72                
251                             3                   0.75                4.02                4.04                
252                             3                   0.64                4.72                4.75                
253                             3                   0.52                5.78                5.81                
254                             1                   0.13                7.62                7.64                
255                             1                   0.51                1.98                1.98                
256                             5                   0.91                5.52                5.57                
257                             4                   0.50                7.96                8.04                
258                             41                  0.52                78.20               87.14               
259                             0                   0.24                0                   0                   
26                              0                   2.59                0                   0                   
260                             2                   0.34                5.90                5.92                
261                             18                  0.62                28.96               30.29               
262                             1                   0.23                4.28                4.29                
263                             2                   0.11                18.23               18.32               
264                             1                   0.21                4.67                4.68                
265                             0                   0.26                0                   0                   
266                             0                   0.033               0                   0                   
267                             0                   0.073               0                   0                   
268                             0                   0.055               0                   0                   
269                             0                   0.43                0                   0                   
27                              0                   1.09                0                   0                   
270                             5                   2.32                2.16                2.17                
271                             44                  3.34                13.16               14.69               
272                             41                  3.05                13.44               14.88               
273                             12                  5.94                2.02                2.05                
274                             0                   0.90                0                   0                   
275                             1                   0.48                2.10                2.11                
276                             5                   3.00                1.66                1.67                
277 et al                       13                  3.81                3.41                3.50                
279                             1                   2.67                0.37                0.37                
28                              1                   2.00                0.50                0.50                
280                             11                  6.05                1.82                1.84                
281                             6                   1.67                3.59                3.63                
282                             0                   0.65                0                   0                   
283                             1                   0.70                1.42                1.42                
284                             7                   1.20                5.81                5.90                
285                             0                   0.23                0                   0                   
286                             0                   0.22                0                   0                   
287                             1                   0.23                4.26                4.27                
288                             0                   1.48                0                   0                   
289                             0                   0.59                0                   0                   
29                              0                   2.43                0                   0                   
290                             0                   0.30                0                   0                   
291                             0                   1.21                0                   0                   
292                             0                   0.28                0                   0                   
293                             0                   0.83                0                   0                   
294                             2                   1.45                1.38                1.39                
295                             0                   0.17                0                   0                   
296                             0                   0.25                0                   0                   
297                             0                   0.28                0                   0                   
298                             0                   0.33                0                   0                   
299                             1                   2.52                0.40                0.40                
3                               0                   1.31                0                   0                   
30                              0                   0.12                0                   0                   
300                             1                   4.44                0.23                0.22                
301                             1                   2.05                0.49                0.49                
302                             2                   2.77                0.72                0.72                
303                             0                   0.92                0                   0                   
304                             0                   0.18                0                   0                   
305                             0                   0.54                0                   0                   
306                             0                   0.34                0                   0                   
307                             0                   1.33                0                   0                   
308                             2                   0.96                2.08                2.08                
309                             1                   3.52                0.28                0.28                
31                              0                   0.29                0                   0                   
310                             1                   1.58                0.63                0.63                
311                             1                   3.10                0.32                0.32                
312                             0                   0.43                0                   0                   
313                             1                   0.88                1.14                1.14                
314                             0                   1.28                0                   0                   
315                             0                   0.97                0                   0                   
316                             0                   1.50                0                   0                   
317                             0                   1.47                0                   0                   
318                             0                   1.80                0                   0                   
319                             1                   1.22                0.82                0.82                
32                              0                   0.60                0                   0                   
320                             0                   0.26                0                   0                   
321                             0                   1.11                0                   0                   
322                             2                   1.98                1.01                1.01                
323                             1                   3.73                0.27                0.27                
324                             1                   2.84                0.35                0.35                
325                             0                   1.10                0                   0                   
326                             1                   1.30                0.77                0.77                
327                             0                   0.89                0                   0                   
328                             0                   0.27                0                   0                   
329                             0                   0.62                0                   0                   
33                              0                   0.31                0                   0                   
330                             0                   0.57                0                   0                   
331                             0                   1.55                0                   0                   
332                             0                   2.13                0                   0                   
333                             0                   0.60                0                   0                   
334                             0                   0.57                0                   0                   
335                             1                   0.53                1.89                1.89                
336                             0                   0.30                0                   0                   
337                             0                   0.62                0                   0                   
338                             2                   4.02                0.50                0.50                
339                             0                   0.65                0                   0                   
34                              0                   0.18                0                   0                   
340                             1                   0.53                1.90                1.91                
341                             0                   0.95                0                   0                   
342                             0                   0.73                0                   0                   
343                             0                   0.48                0                   0                   
344                             1                   0.75                1.34                1.34                
345                             0                   0.82                0                   0                   
346                             0                   0.67                0                   0                   
347                             0                   0.27                0                   0                   
348                             0                   0.29                0                   0                   
349                             0                   0.41                0                   0                   
35                              0                   0.27                0                   0                   
350                             0                   0.78                0                   0                   
351                             0                   0.59                0                   0                   
352                             0                   1.47                0                   0                   
36                              0                   0.66                0                   0                   
37                              0                   0.11                0                   0                   
38                              0                   0.081               0                   0                   
39                              0                   1.43                0                   0                   
4                               0                   0.081               0                   0                   
40                              0                   0.83                0                   0                   
41                              0                   1.55                0                   0                   
42                              0                   0.13                0                   0                   
43                              0                   0.63                0                   0                   
44                              0                   0.23                0                   0                   
45                              0                   0.32                0                   0                   
46                              0                   1.75                0                   0                   
47                              0                   0.19                0                   0                   
48                              0                   3.94                0                   0                   
49                              0                   2.79                0                   0                   
5                               0                   0.17                0                   0                   
50                              0                   3.92                0                   0                   
51                              0                   4.88                0                   0                   
52                              0                   4.40                0                   0                   
53                              0                   2.07                0                   0                   
54                              0                   4.96                0                   0                   
55                              0                   2.24                0                   0                   
56                              0                   5.36                0                   0                   
57                              1                   4.68                0.21                0.21                
58                              0                   3.60                0                   0                   
59                              0                   3.33                0                   0                   
6                               0                   0.25                0                   0                   
60                              1                   0.92                1.08                1.08                
61                              0                   0.83                0                   0                   
62                              0                   0.91                0                   0                   
63                              0                   0.79                0                   0                   
64                              0                   0.88                0                   0                   
65                              0                   1.39                0                   0                   
66                              0                   0.65                0                   0                   
67                              0                   0.37                0                   0                   
68                              0                   0.67                0                   0                   
69                              0                   0.91                0                   0                   
7                               0                   0.16                0                   0                   
70                              0                   0.11                0                   0                   
71                              0                   0.55                0                   0                   
72                              0                   0.42                0                   0                   
73                              0                   0.10                0                   0                   
74                              0                   1.64                0                   0                   
75                              0                   0.61                0                   0                   
76                              0                   1.24                0                   0                   
77                              0                   0.70                0                   0                   
78                              0                   0.51                0                   0                   
79                              0                   1.91                0                   0                   
8                               0                   0.098               0                   0                   
80                              0                   0.40                0                   0                   
81                              1                   6.65                0.15                0.15                
82                              0                   7.09                0                   0                   
83                              1                   1.41                0.71                0.71                
84                              0                   0.64                0                   0                   
85                              0                   4.09                0                   0                   
86                              0                   0.11                0                   0                   
87                              0                   0.085               0                   0                   
88                              0                   5.12                0                   0                   
89                              1                   7.03                0.14                0.14                
9                               0                   0.59                0                   0                   
90                              1                   9.50                0.11                0.10                
91                              0                   1.67                0                   0                   
92                              0                   3.15                0                   0                   
93                              2                   3.88                0.52                0.51                
94                              0                   3.33                0                   0                   
95                              0                   1.34                0                   0                   
96                              0                   2.72                0                   0                   
97                              0                   0.40                0                   0                   
98                              0                   0.11                0                   0                   
99                              0                   0.71                0                   0                   
