10.528930           
6.141332            
5.257871            
5.230104            
8.658762            
8.125944            
6.344975            
6.812421            
7.681802            
3.643860            
3.576569            
3.802189            
4.007208            
5.657107            
5.619245            
7.574662            
4.192123            
4.504148            
6.158434            
4.388026            
6.454009            
4.259489            
5.041384            
4.456921            
3.310030            
4.290217            
6.889167            
4.603728            
4.678588            
4.812688            
5.271144            
7.010755            
5.554240            
3.918001            
4.159813            
6.225610            
4.618892            
3.848833            
8.866295            
6.197697            
4.134593            
6.723760            
12.217133           
4.686979            
6.106877            
7.329881            
7.013808            
3.673817            
4.886472            
6.098603            
5.710469            
2.908510            
3.498992            
5.529869            
4.535037            
6.411690            
3.739949            
7.880236            
9.881832            
2.681283            
3.464736            
3.887734            
4.284388            
5.068144            
4.117556            
5.915532            
2.945241            
3.178791            
4.689498            
5.596411            
5.625548            
3.197741            
4.458593            
4.299773            
5.819440            
3.588211            
8.084134            
3.738191            
5.528388            
5.453830            
3.352262            
3.746988            
3.811512            
4.224603            
6.702848            
5.899886            
3.525757            
4.501421            
3.536910            
5.340072            
4.923548            
4.508595            
4.557142            
5.542039            
5.873567            
5.551685            
5.029294            
9.090579            
6.763982            
6.153182            
5.047825            
5.064059            
7.751909            
6.249867            
3.050926            
4.994208            
4.216903            
6.127263            
4.582147            
4.439568            
3.704846            
3.799028            
4.550568            
3.673064            
2.525708            
6.615289            
4.878300            
6.894034            
4.523979            
6.467269            
4.192339            
4.109844            
3.802189            
2.960863            
6.271166            
3.660276            
6.598924            
4.890764            
3.738191            
4.845932            
7.843033            
4.250778            
5.000689            
2.847113            
5.242354            
5.057012            
4.783803            
3.748202            
5.216495            
3.860535            
7.747639            
2.898859            
5.281909            
2.388903            
3.704846            
5.423811            
5.454140            
2.850035            
6.010340            
6.464243            
6.161886            
6.595119            
3.476496            
4.548651            
3.103244            
3.315490            
4.624920            
3.818686            
5.714082            
2.501337            
5.297418            
4.718236            
5.033731            
5.225938            
9.195824            
3.573158            
8.607674            
3.719531            
6.807656            
5.655319            
3.056979            
5.636634            
5.507466            
6.870615            
2.835105            
5.119462            
4.924455            
4.733642            
3.155854            
3.776370            
3.852578            
3.748010            
4.733642            
7.917161            
4.447338            
4.202401            
5.381406            
4.896458            
5.144901            
5.701179            
4.759294            
7.457192            
4.194154            
3.906367            
3.225156            
2.828264            
5.032387            
4.857034            
6.411221            
5.636698            
4.881142            
4.067936            
6.298582            
2.832208            
5.281634            
6.904669            
6.821119            
4.343280            
3.128260            
3.645919            
7.919903            
5.247127            
4.529228            
4.780494            
3.414949            
3.897304            
3.868948            
4.785436            
6.871510            
3.784156            
5.293035            
3.561413            
4.469638            
5.080344            
5.882640            
7.383032            
6.265994            
4.958037            
8.512673            
4.285357            
7.137875            
9.626444            
3.867678            
4.422255            
3.622592            
5.846371            
6.805377            
4.079537            
2.997754            
3.396035            
5.910885            
7.386001            
4.797271            
6.184957            
3.710144            
3.879915            
5.734675            
4.661167            
4.003667            
2.768484            
5.070421            
4.543290            
4.512080            
2.207155            
3.332592            
6.809118            
4.259293            
4.489198            
3.055105            
3.751026            
4.223502            
6.148808            
4.967527            
3.482724            
7.521538            
4.423904            
5.320980            
6.470247            
4.701107            
4.665257            
3.369388            
4.334678            
6.882798            
7.704082            
5.327965            
7.551058            
5.552777            
5.428288            
4.105503            
2.730275            
5.016486            
6.188315            
7.194959            
4.223502            
4.100062            
5.296352            
7.294853            
4.426176            
4.704808            
6.005108            
3.703693            
7.086815            
6.319154            
9.295000            
5.002646            
3.594286            
3.994726            
3.535445            
3.494315            
5.849632            
3.881332            
5.242326            
6.329151            
5.908541            
4.862321            
5.422195            
11.287191           
3.941843            
4.546321            
3.934657            
4.295592            
3.852114            
5.669095            
5.192452            
4.201741            
4.061262            
4.092417            
4.751392            
4.297454            
5.159596            
4.259293            
5.920038            
3.224316            
3.933394            
5.051592            
6.134394            
2.470651            
5.227351            
3.291709            
2.387729            
5.360701            
3.860332            
4.285357            
5.738442            
2.716951            
3.990358            
3.351082            
3.195028            
3.149160            
6.128107            
6.516872            
6.281825            
5.010932            
3.684258            
4.114386            
5.051364            
4.432393            
6.307851            
3.704846            
7.789234            
8.269575            
4.684708            
5.897627            
7.286378            
3.033651            
3.703693            
8.793575            
3.359944            
4.228806            
3.769232            
8.081093            
5.179373            
4.164219            
4.435619            
5.738442            
10.631095           
4.712512            
7.696468            
4.573568            
6.740461            
6.257535            
4.428136            
4.338177            
6.545346            
3.074455            
4.223552            
5.327965            
5.059298            
5.371298            
7.339395            
4.342030            
4.489050            
4.881142            
5.960268            
3.673173            
11.284346           
8.263555            
4.247183            
9.124762            
6.954773            
3.398180            
5.281909            
2.768962            
4.962938            
10.623899           
6.242719            
6.818133            
2.471380            
4.418519            
4.412313            
4.540419            
4.996095            
5.212966            
4.187558            
5.159785            
7.120401            
4.661167            
5.441454            
4.717134            
8.579780            
5.283919            
5.752391            
5.793443            
3.216356            
6.740461            
4.290217            
3.306749            
4.299900            
6.762061            
4.691638            
3.397993            
3.489509            
4.384086            
8.044807            
3.802316            
4.138434            
6.042095            
5.097796            
6.269278            
3.106992            
5.259504            
4.310120            
6.010340            
6.189051            
2.781661            
5.423789            
5.323747            
3.142406            
5.335727            
4.550552            
3.622396            
6.913772            
4.749855            
4.838066            
3.556658            
4.301025            
4.005182            
4.119618            
5.728762            
4.969288            
4.312776            
3.578709            
3.802189            
6.796999            
5.230324            
4.598950            
5.024670            
6.088981            
4.151030            
4.100062            
8.650928            
5.843002            
4.314376            
3.519989            
5.304399            
5.693308            
3.765096            
5.943793            
4.550552            
6.163734            
3.554700            
5.052915            
5.864557            
4.163704            
5.605528            
5.436798            
3.938482            
6.012847            
4.512964            
3.739949            
3.835755            
3.044017            
3.941843            
2.997754            
4.489050            
4.873119            
4.106965            
3.175139            
8.178166            
4.569038            
5.335110            
5.170335            
10.923351           
7.112841            
5.672073            
4.750880            
3.579249            
3.507614            
3.790411            
4.286056            
4.938407            
3.853620            
6.470980            
5.207688            
6.282648            
6.990662            
6.695174            
5.062311            
4.257123            
4.512080            
2.824511            
7.999921            
4.667873            
8.651372            
4.259293            
8.043416            
4.930262            
4.614452            
5.501074            
5.821001            
8.227744            
3.684258            
7.161198            
3.886598            
4.671645            
2.943835            
1.984790            
4.757771            
2.717222            
4.729458            
5.454405            
5.412504            
4.000611            
6.397835            
3.994726            
5.192282            
4.539567            
3.412520            
5.947397            
3.818686            
5.606896            
5.309246            
7.062671            
3.756619            
6.214267            
4.948506            
3.657042            
6.023466            
6.511003            
5.707201            
2.766330            
5.205017            
3.760394            
6.751250            
4.550568            
7.489079            
2.581063            
5.032807            
7.615070            
4.368272            
6.570639            
5.901507            
4.431924            
4.250778            
4.733559            
6.186612            
2.772468            
3.488040            
3.961098            
3.168694            
5.901306            
4.474059            
5.648846            
3.551791            
3.356128            
4.952312            
4.575138            
7.627901            
4.454813            
6.326446            
4.855198            
5.822473            
6.281825            
5.330967            
7.432592            
6.936561            
4.150092            
5.020210            
4.240647            
3.879915            
5.311226            
4.159813            
6.424052            
5.702829            
4.334728            
4.266125            
5.671695            
4.894159            
4.576224            
4.348425            
2.552087            
3.751073            
5.572640            
3.105850            
4.205708            
4.779706            
5.271144            
3.213675            
4.113144            
5.798735            
3.767809            
4.026675            
3.953029            
2.739069            
8.110576            
8.481860            
6.477896            
4.896312            
3.186278            
5.296148            
8.203889            
4.443352            
6.159533            
7.609292            
7.633403            
7.520777            
6.481645            
5.428773            
3.042558            
4.039464            
2.784292            
5.219096            
3.782705            
4.039464            
6.941594            
5.531030            
6.644765            
5.230324            
3.899831            
5.784224            
7.823253            
9.420562            
4.504148            
5.054864            
5.864338            
4.547133            
6.644765            
7.465456            
6.087594            
8.694058            
5.532450            
3.955327            
9.870210            
4.205708            
6.847243            
3.331329            
4.278047            
5.097411            
3.496766            
4.629069            
4.432393            
6.297256            
3.738191            
6.137816            
4.432942            
6.719721            
2.758510            
3.767809            
6.762744            
4.056983            
7.233982            
10.133565           
4.338305            
4.967527            
4.828226            
3.967691            
3.480764            
6.963998            
3.616543            
2.293717            
5.511017            
7.783751            
5.819440            
3.746970            
4.041165            
4.757514            
5.079814            
7.217153            
3.613448            
5.249358            
4.736470            
6.901573            
4.458593            
4.159998            
5.739692            
2.451537            
3.033651            
3.259609            
6.981899            
3.866743            
4.952594            
4.841627            
3.168694            
3.867678            
4.494307            
6.336436            
5.710821            
5.277036            
4.623810            
4.201242            
2.969944            
3.557274            
6.318506            
5.032391            
4.113268            
3.941843            
2.664223            
5.067090            
3.428575            
6.818133            
4.204296            
3.185813            
3.030112            
3.872761            
6.120530            
3.991859            
5.103380            
3.687849            
5.431100            
3.776047            
3.480003            
3.345889            
6.757041            
6.951470            
6.758188            
4.932524            
3.734789            
5.423811            
6.030075            
4.662003            
4.803958            
3.915533            
4.673579            
8.366591            
3.903905            
3.769232            
5.225832            
4.122604            
3.968673            
6.515573            
5.363106            
3.477758            
2.166282            
2.852084            
5.918098            
4.508595            
7.318274            
3.566951            
2.784542            
6.923303            
3.256767            
5.897926            
3.834303            
5.603570            
3.643660            
7.653062            
5.784224            
5.490534            
2.316118            
5.154050            
5.412504            
4.035242            
2.990786            
9.372996            
2.441770            
4.566863            
4.642256            
3.245080            
4.572163            
3.230183            
4.093780            
7.125240            
5.354373            
4.904409            
6.999784            
3.669384            
6.185349            
4.177233            
3.844170            
6.327657            
4.439581            
5.206742            
4.159813            
4.852181            
2.920805            
6.700821            
5.152624            
4.579345            
5.431008            
3.138672            
4.498423            
4.079716            
3.263558            
3.218182            
3.722228            
7.490944            
4.406841            
6.260302            
4.454758            
3.890047            
10.727499           
5.111328            
3.150436            
5.889122            
4.803958            
3.697467            
4.569038            
5.558254            
4.176920            
5.037998            
5.209832            
3.581892            
5.351086            
2.753925            
5.738442            
7.454861            
3.588451            
5.163628            
2.440505            
4.118260            
5.580843            
5.032391            
4.749855            
3.825511            
4.063871            
6.425193            
4.343519            
2.926710            
5.871377            
12.283153           
3.743094            
4.841474            
4.310971            
4.178805            
6.893446            
5.242326            
6.285546            
4.988537            
2.920088            
7.163899            
5.537431            
3.971378            
2.920805            
8.031793            
4.330818            
6.130179            
3.665400            
4.535308            
4.006070            
4.575138            
5.845314            
3.967353            
4.499744            
8.623242            
4.863815            
4.368254            
2.602794            
5.453830            
3.648329            
6.075882            
5.516631            
5.035628            
5.229806            
6.590261            
2.986571            
6.297495            
3.348758            
4.920065            
3.414325            
3.820019            
6.106179            
4.979794            
4.100062            
7.565863            
5.436798            
6.367228            
2.657545            
4.813422            
3.245080            
4.574770            
4.514108            
4.554966            
4.071523            
5.776612            
4.259293            
3.789798            
5.874995            
4.898397            
5.327965            
3.489509            
3.434454            
4.254338            
4.489198            
5.992539            
6.195318            
2.584888            
8.743929            
4.865448            
5.563082            
4.050043            
8.331335            
4.548695            
5.518066            
5.738242            
2.967603            
6.018401            
5.453830            
5.948084            
3.296877            
4.856085            
2.840507            
3.025431            
6.600495            
9.252893            
5.368740            
4.000269            
2.786239            
5.301977            
4.884291            
2.937496            
8.121363            
5.097300            
3.227761            
4.072636            
4.866681            
6.271166            
5.223810            
4.287107            
5.329351            
5.002646            
4.137191            
5.259987            
4.469760            
4.729137            
4.202401            
4.492210            
3.497485            
5.047748            
5.034992            
6.861544            
2.787139            
4.764284            
5.183889            
3.685003            
3.477758            
5.928587            
4.244720            
5.113751            
5.652399            
3.225156            
3.916086            
2.896129            
3.874494            
5.448590            
5.091940            
3.643660            
4.800639            
5.843571            
4.283030            
3.767429            
5.313133            
7.812166            
6.647435            
6.001177            
5.926396            
2.793402            
4.396929            
4.218958            
4.061948            
3.716164            
3.821837            
5.935088            
5.272240            
3.874977            
8.634977            
4.633806            
5.214341            
5.600223            
5.550990            
3.576403            
4.965662            
4.307716            
8.022390            
3.265873            
4.015419            
3.033651            
7.669785            
7.206792            
4.437721            
