222                             1                   0.00000132          5                   0.032               155.41              194.01              29747.00            5                   0.032               155.41              194.01              29747.00            21.985316           120.763254          T 
314                             2                   0.417               6                   1.27                4.71                5.88                1178110.00          0                   0.083               0                   0                   76852.00            24.137332           120.697086          F 
298                             2                   0.417               6                   1.27                4.71                5.88                1178110.00          0                   0.019               0                   0                   17784.00            24.141686           120.680598          F 
299                             2                   0.417               6                   1.27                4.71                5.88                1178110.00          0                   0.16                0                   0                   144097.00           24.158640           120.680952          F 
322                             2                   0.417               6                   1.27                4.71                5.88                1178110.00          0                   0.12                0                   0                   113548.00           24.143911           120.664758          F 
301                             2                   0.417               6                   1.27                4.71                5.88                1178110.00          1                   0.14                7.29                7.55                126907.00           24.121141           120.664618          F 
309                             2                   0.417               6                   1.27                4.71                5.88                1178110.00          2                   0.23                8.70                9.37                212511.00           24.095757           120.692626          F 
300                             2                   0.417               6                   1.27                4.71                5.88                1178110.00          1                   0.33                3.04                3.12                304179.00           24.184003           120.736232          F 
302                             2                   0.417               6                   1.27                4.71                5.88                1178110.00          2                   0.20                10.15               10.94               182232.00           24.141655           120.617738          F 
249                             3                   0.943               2                   0.19                10.54               11.37               175439.00           0                   0.036               0                   0                   33729.00            22.701208           120.360526          F 
250                             3                   0.943               2                   0.19                10.54               11.37               175439.00           1                   0.11                9.50                9.85                97337.00            22.739835           120.370799          F 
251                             3                   0.943               2                   0.19                10.54               11.37               175439.00           1                   0.048               20.84               21.66               44373.00            22.662493           120.372778          F 
302                             4                   0.954               2                   0.20                10.15               10.94               182232.00           2                   0.20                10.15               10.94               182232.00           24.141655           120.617738          F 
309                             5                   0.982               2                   0.23                8.70                9.37                212511.00           2                   0.23                8.70                9.37                212511.00           24.095757           120.692626          F 
