5.108175            
4.106639            
2.261187            
3.278111            
5.490453            
4.878801            
2.952546            
4.023596            
4.007918            
2.733293            
4.466564            
9.005017            
4.476655            
3.349275            
5.478741            
4.672224            
3.793159            
4.507927            
5.099330            
6.319395            
5.727129            
4.878801            
6.825628            
3.110912            
5.348276            
5.416676            
3.452107            
5.195612            
4.532928            
4.168438            
5.123205            
5.238090            
3.599107            
5.094243            
6.370504            
5.220495            
4.693478            
6.480291            
5.008583            
5.345783            
5.381798            
3.826147            
6.432756            
4.207240            
6.182475            
7.290784            
3.767972            
5.363462            
2.776052            
5.174175            
4.677535            
6.189953            
4.459597            
2.859391            
3.984225            
6.478248            
13.010613           
4.526955            
3.109818            
7.327455            
3.674330            
5.002412            
5.409966            
6.092501            
10.330916           
4.832714            
3.527249            
3.827360            
4.719014            
4.791579            
7.151650            
4.401987            
4.621105            
5.261721            
7.125688            
5.947444            
5.248927            
5.732873            
4.092377            
3.754994            
8.072509            
4.075870            
5.322321            
4.202241            
3.591748            
6.703309            
5.002009            
3.950651            
7.881066            
6.907682            
7.940863            
3.673755            
5.761241            
5.679740            
6.004672            
3.271046            
4.834281            
3.386219            
2.908900            
4.269627            
5.526280            
4.997240            
5.097224            
5.934961            
4.882865            
5.005152            
4.214446            
5.859162            
4.573509            
4.370002            
4.369679            
4.635004            
6.290860            
5.221684            
5.757277            
4.212620            
4.435689            
4.192827            
3.599107            
4.733982            
4.875919            
5.443415            
5.366129            
8.495645            
4.961644            
6.408448            
4.258012            
5.636880            
5.688460            
4.089708            
4.139759            
3.432997            
5.005152            
4.075593            
3.767408            
6.483543            
4.394679            
4.038972            
2.955762            
4.270858            
6.932668            
3.501931            
6.082035            
4.510609            
5.034096            
5.001002            
10.713654           
5.232931            
6.326693            
3.198350            
3.447431            
3.653255            
3.600401            
5.477099            
7.568037            
5.714630            
7.361226            
5.417499            
4.508745            
5.478741            
4.834281            
6.337608            
3.729816            
4.791579            
5.690096            
3.703367            
7.620613            
3.708977            
2.907157            
6.676569            
5.475732            
3.072615            
6.137950            
5.133319            
4.347931            
5.957204            
5.437259            
5.665901            
5.898877            
4.713519            
5.880544            
4.150741            
4.368525            
6.405073            
6.425199            
4.122738            
5.621736            
5.070818            
3.248543            
6.578760            
6.380513            
5.427094            
5.660417            
3.438802            
4.376853            
3.831847            
3.948101            
3.813570            
4.073016            
4.308528            
6.784146            
3.565375            
4.557200            
5.517735            
5.579579            
4.707841            
5.944853            
6.381036            
8.608073            
3.577712            
3.592859            
5.198088            
5.839535            
5.839535            
5.049568            
4.948789            
3.490486            
6.093742            
3.275290            
6.632924            
3.997674            
3.168891            
6.943869            
3.930143            
8.136274            
2.603934            
3.529663            
4.432356            
3.971632            
4.070544            
4.104899            
4.200094            
7.679823            
3.641023            
6.731053            
4.089451            
4.392351            
6.287916            
7.575621            
5.605509            
5.208231            
4.939867            
6.660660            
5.217569            
6.808107            
5.441997            
4.448792            
8.445106            
4.434261            
3.457009            
5.690541            
3.314121            
7.472359            
6.657495            
4.822067            
5.924525            
3.375162            
6.084364            
4.120186            
3.894445            
5.209420            
8.752783            
7.157584            
2.955762            
7.178439            
4.834281            
5.139261            
7.128904            
8.407258            
5.806668            
3.872230            
6.578760            
3.306602            
6.230252            
3.168891            
7.733709            
3.769696            
3.528052            
4.260828            
5.040498            
5.465550            
5.640875            
8.325895            
5.221684            
4.814055            
4.410552            
5.531792            
8.946287            
7.968882            
4.274821            
3.829242            
3.938996            
5.621736            
4.953039            
6.999555            
5.813493            
4.577981            
3.492293            
5.110525            
4.277857            
4.432356            
5.626643            
4.921993            
8.566931            
2.802990            
5.148447            
4.898700            
3.485926            
4.399489            
7.118894            
5.103227            
4.737940            
6.289602            
4.724707            
6.521623            
4.210604            
3.951552            
4.010754            
4.046969            
5.136265            
3.573964            
2.955762            
6.249558            
5.447007            
3.702466            
4.137254            
2.581930            
6.731194            
5.859831            
5.834407            
4.892138            
6.054753            
4.791579            
3.906656            
4.438779            
4.057752            
7.199787            
3.768708            
5.306224            
6.731194            
8.398581            
4.174979            
4.690558            
4.296422            
3.009182            
6.452010            
3.346030            
3.860708            
3.511588            
6.150067            
4.243140            
5.892923            
3.981396            
7.811977            
7.817646            
5.595222            
5.209420            
5.156815            
5.719378            
4.378521            
4.785547            
2.807841            
4.592942            
4.678669            
4.211908            
4.137114            
4.957811            
6.707441            
3.541196            
6.161926            
4.428011            
5.594317            
3.247346            
7.126406            
5.972226            
5.103220            
3.879089            
6.554635            
6.651710            
4.775167            
6.983461            
6.517112            
3.585641            
4.388575            
4.092377            
5.641731            
5.086910            
5.732815            
5.265897            
7.203449            
5.208524            
4.925214            
3.460244            
7.550906            
4.755645            
4.569743            
3.441133            
2.752489            
5.203422            
4.448367            
4.865117            
3.720151            
4.898441            
4.267634            
7.129422            
5.438310            
4.368676            
5.586786            
5.800004            
4.399489            
4.152858            
5.720227            
4.159183            
5.195612            
4.983402            
4.121037            
3.866911            
4.689782            
7.163473            
6.038658            
5.977780            
3.279973            
13.362125           
8.285906            
5.693477            
4.859792            
4.587637            
2.668409            
3.654210            
4.396418            
3.904026            
3.874212            
5.819622            
6.640923            
4.335962            
3.694081            
3.819212            
5.334666            
4.894295            
7.601326            
3.349372            
3.495572            
4.828640            
3.835495            
6.058342            
4.988481            
3.793475            
6.737740            
3.407546            
7.770931            
4.010754            
6.833626            
5.297789            
8.215546            
7.247663            
3.835495            
5.726199            
12.599289           
5.779442            
3.107629            
4.262522            
5.447477            
5.316550            
5.067038            
4.570443            
5.925005            
5.320155            
6.033204            
3.707729            
5.609199            
5.531433            
4.280687            
4.566016            
4.644089            
5.392003            
4.321687            
5.750346            
10.192726           
5.321807            
5.184933            
4.861425            
3.535633            
5.188951            
3.898234            
2.300255            
7.733709            
3.838972            
5.327919            
6.209484            
7.064343            
4.677535            
8.793237            
4.816863            
3.814036            
5.932477            
3.850262            
4.440237            
7.716129            
5.789940            
5.265178            
5.930025            
4.048025            
4.812154            
3.793146            
7.276001            
7.156961            
4.479754            
3.631968            
2.990910            
8.481753            
4.013456            
11.376880           
4.261280            
5.668167            
3.422725            
5.902877            
3.452107            
3.114210            
5.597200            
3.170964            
3.992915            
5.641731            
4.120803            
5.095274            
6.647940            
4.264309            
6.318852            
4.818273            
4.607464            
3.338398            
3.803651            
6.261805            
3.966054            
4.470570            
3.653626            
5.148447            
4.038855            
4.392128            
7.046384            
6.932193            
4.737872            
4.234749            
5.619680            
3.858098            
4.207240            
4.549413            
3.355808            
4.906560            
4.204052            
5.095618            
9.356120            
7.489400            
3.453639            
5.519121            
3.442259            
6.592725            
4.683712            
10.875462           
5.921299            
2.496179            
6.209174            
5.595464            
4.007179            
5.178706            
5.669270            
3.843182            
5.568803            
3.358163            
7.463361            
4.740584            
3.442259            
2.991015            
2.935768            
3.387017            
3.952252            
8.084511            
5.253360            
6.403007            
4.224330            
7.037407            
4.457460            
4.165461            
6.633144            
4.977176            
6.919569            
3.705399            
11.370345           
7.142555            
4.308153            
4.323361            
4.653323            
3.966054            
4.527222            
6.868158            
4.324011            
6.322685            
5.075927            
3.259739            
9.456081            
4.776622            
5.668142            
3.056920            
3.556882            
4.365725            
3.611829            
2.944878            
4.047715            
3.767679            
5.238090            
5.261721            
5.871237            
5.208524            
3.960916            
6.434465            
5.632727            
4.822067            
5.572819            
6.190370            
5.924837            
4.468478            
4.391292            
3.998613            
6.266909            
5.256743            
5.273956            
5.054886            
6.086880            
4.122738            
5.791461            
3.785711            
3.818401            
4.470570            
4.010754            
4.276368            
6.268052            
3.189384            
4.527222            
5.420730            
5.933505            
3.793475            
4.541366            
7.617697            
3.579530            
5.898677            
3.488278            
3.553276            
5.241935            
6.634722            
10.681912           
4.365725            
4.737984            
7.011200            
5.283479            
6.838601            
4.640179            
5.570089            
4.804176            
4.671401            
5.649420            
6.600395            
8.886822            
4.095878            
4.745476            
4.675407            
7.003642            
4.579991            
4.530589            
5.738009            
5.476107            
6.478636            
4.657675            
9.231783            
4.446295            
4.267470            
4.722988            
8.674816            
6.634722            
5.940984            
4.755645            
5.301959            
7.391013            
4.541624            
7.965057            
4.922988            
4.494653            
5.090688            
4.527222            
4.888434            
5.318909            
3.926210            
5.502385            
5.826607            
6.363556            
4.161201            
3.663522            
4.079392            
5.706701            
3.039111            
7.079388            
2.776392            
3.193850            
5.599091            
5.456775            
6.039358            
3.850692            
5.234189            
4.050127            
6.154123            
4.998537            
5.038966            
3.779499            
2.910934            
8.537614            
4.410517            
3.927279            
3.851832            
3.718978            
6.265638            
4.100658            
4.900067            
5.470519            
4.454800            
5.752234            
5.352590            
5.337304            
5.847981            
4.687782            
4.238194            
5.700086            
5.017479            
5.980017            
4.963002            
5.462773            
5.798149            
3.686609            
6.645278            
5.930025            
3.045344            
3.824406            
3.026132            
5.075849            
3.786941            
4.643746            
5.530917            
8.082191            
7.750739            
3.660455            
2.629028            
4.242850            
6.186870            
5.804945            
4.479754            
4.411822            
7.247663            
6.488266            
8.119241            
3.388440            
6.731194            
5.105171            
7.901037            
6.580675            
3.177422            
4.351873            
3.724223            
4.249392            
4.467379            
4.080167            
8.042084            
3.769337            
4.329246            
4.201201            
8.021367            
6.318852            
6.377405            
7.268714            
4.534396            
4.670195            
4.932912            
6.131342            
6.054614            
4.108194            
6.855654            
4.574294            
4.162704            
5.890605            
5.633442            
3.909695            
5.698382            
5.486831            
3.698453            
4.647296            
3.916983            
4.745476            
7.284398            
4.661314            
5.123256            
5.800879            
3.977131            
4.412940            
4.596188            
3.414855            
5.505169            
2.724441            
5.241935            
8.437676            
5.640875            
8.611656            
5.086910            
4.989909            
5.194756            
2.841558            
4.643746            
4.645040            
3.144554            
5.578802            
6.194259            
3.777464            
4.125413            
4.457460            
4.356927            
8.021393            
4.507855            
5.830713            
3.548294            
4.617377            
4.856579            
5.097732            
4.762699            
5.531810            
2.804849            
6.963203            
6.965150            
3.381695            
5.859162            
4.493246            
4.397431            
5.049166            
6.391956            
5.715150            
6.803664            
4.726030            
5.190081            
7.725308            
3.850262            
4.287399            
4.006578            
6.521572            
3.731682            
6.037352            
4.590256            
3.743996            
9.207431            
5.644156            
7.708069            
3.384431            
4.404564            
4.608394            
6.838601            
4.525101            
7.165302            
5.951234            
3.578307            
4.347197            
4.358210            
3.724031            
5.430629            
4.073080            
6.067638            
3.989721            
4.790157            
5.652632            
11.556181           
5.800879            
3.075280            
4.270244            
5.037344            
5.235854            
2.752105            
4.222264            
7.221614            
4.996515            
4.327563            
3.879141            
8.607137            
4.878801            
3.747130            
5.565935            
6.521572            
6.207761            
6.392106            
4.001000            
5.277193            
4.756412            
4.482848            
5.342713            
3.495841            
4.735840            
5.551580            
3.850262            
7.865611            
2.611694            
4.701646            
4.845675            
3.444098            
7.265500            
4.064037            
4.382676            
6.580215            
5.621540            
4.905156            
3.402840            
3.143817            
5.500664            
4.653323            
4.527222            
8.280109            
8.001576            
6.163376            
6.011394            
5.533441            
4.152858            
5.282900            
3.776458            
5.543837            
7.202742            
4.804176            
4.848265            
3.920874            
3.491470            
8.442862            
5.654140            
4.308991            
4.522653            
3.854805            
4.161171            
6.161926            
3.715865            
5.045033            
4.614516            
3.782134            
5.016716            
8.043080            
5.461040            
6.364227            
2.987629            
3.485189            
7.055135            
4.089708            
5.777506            
4.773010            
5.306123            
4.664885            
3.764544            
6.176166            
5.163428            
6.210340            
5.247260            
4.433907            
4.998143            
4.379788            
3.834904            
6.816240            
5.142054            
5.128584            
5.635818            
5.212509            
2.924335            
5.344199            
4.764951            
5.884048            
4.224356            
3.342925            
4.024087            
4.575279            
4.434125            
3.127783            
7.077692            
4.507927            
6.249558            
4.441091            
9.115846            
4.203665            
4.287365            
2.949005            
7.832359            
4.122269            
3.181970            
3.407390            
6.932275            
5.398687            
4.009651            
3.082267            
2.292207            
4.414035            
4.231160            
7.545801            
7.834347            
3.535646            
6.942001            
