243                             1                   0.000000000222      27                  5.80                4.66                15.63               3722144.00          0                   0.0053              0                   0                   3435.00             22.759905           120.800810          T 
214                             1                   0.000000000222      27                  5.80                4.66                15.63               3722144.00          1                   0.012               82.51               84.84               7784.00             22.797868           120.686522          T 
236                             1                   0.000000000222      27                  5.80                4.66                15.63               3722144.00          0                   0.013               0                   0                   8126.00             22.671078           120.679924          T 
266                             1                   0.000000000222      27                  5.80                4.66                15.63               3722144.00          0                   0.0030              0                   0                   1915.00             22.919933           120.752384          T 
108                             1                   0.000000000222      27                  5.80                4.66                15.63               3722144.00          0                   0.028               0                   0                   17700.00            22.764945           121.001552          T 
230                             1                   0.000000000222      27                  5.80                4.66                15.63               3722144.00          1                   0.0082              121.43              124.87              5289.00             22.604085           120.691793          T 
120                             1                   0.000000000222      27                  5.80                4.66                15.63               3722144.00          0                   0.0057              0                   0                   3669.00             22.581617           120.857038          T 
244                             1                   0.000000000222      27                  5.80                4.66                15.63               3722144.00          0                   0.040               0                   0                   25520.00            22.809920           120.601768          T 
245                             1                   0.000000000222      27                  5.80                4.66                15.63               3722144.00          0                   0.041               0                   0                   26629.00            22.742536           120.569394          T 
112                             1                   0.000000000222      27                  5.80                4.66                15.63               3722144.00          0                   0.0056              0                   0                   3614.00             22.903432           120.983190          T 
218                             1                   0.000000000222      27                  5.80                4.66                15.63               3722144.00          0                   0.087               0                   0                   56148.00            22.651169           120.588822          T 
242                             1                   0.000000000222      27                  5.80                4.66                15.63               3722144.00          0                   0.047               0                   0                   30429.00            22.694550           120.555979          T 
111                             1                   0.000000000222      27                  5.80                4.66                15.63               3722144.00          0                   0.018               0                   0                   11507.00            22.590981           120.979764          T 
239                             1                   0.000000000222      27                  5.80                4.66                15.63               3722144.00          0                   0.033               0                   0                   20918.00            22.582335           120.601817          T 
283                             1                   0.000000000222      27                  5.80                4.66                15.63               3722144.00          0                   0.064               0                   0                   41258.00            22.900055           120.563463          T 
246                             1                   0.000000000222      27                  5.80                4.66                15.63               3722144.00          0                   0.018               0                   0                   11313.00            22.648764           120.529969          T 
241                             1                   0.000000000222      27                  5.80                4.66                15.63               3722144.00          0                   0.042               0                   0                   26814.00            22.798548           120.506128          T 
217                             1                   0.000000000222      27                  5.80                4.66                15.63               3722144.00          0                   0.012               0                   0                   7648.00             22.501572           120.685723          T 
262                             1                   0.000000000222      27                  5.80                4.66                15.63               3722144.00          0                   0.021               0                   0                   13663.00            23.011954           120.658563          T 
109                             1                   0.000000000222      27                  5.80                4.66                15.63               3722144.00          0                   0.17                0                   0                   106929.00           22.751657           121.110365          T 
215                             1                   0.000000000222      27                  5.80                4.66                15.63               3722144.00          0                   0.035               0                   0                   22172.00            22.731668           120.484504          T 
237                             1                   0.000000000222      27                  5.80                4.66                15.63               3722144.00          0                   0.028               0                   0                   17719.00            22.588556           120.526638          T 
220                             1                   0.000000000222      27                  5.80                4.66                15.63               3722144.00          0                   0.32                0                   0                   203866.00           22.664738           120.479995          T 
232                             1                   0.000000000222      27                  5.80                4.66                15.63               3722144.00          0                   0.085               0                   0                   54738.00            22.536429           120.556806          T 
282                             1                   0.000000000222      27                  5.80                4.66                15.63               3722144.00          0                   0.059               0                   0                   38100.00            22.864970           120.475455          T 
264                             1                   0.000000000222      27                  5.80                4.66                15.63               3722144.00          0                   0.020               0                   0                   12531.00            22.996947           120.562197          T 
224                             1                   0.000000000222      27                  5.80                4.66                15.63               3722144.00          0                   0.016               0                   0                   10232.00            22.486763           120.584626          T 
238                             1                   0.000000000222      27                  5.80                4.66                15.63               3722144.00          0                   0.081               0                   0                   52085.00            22.588495           120.476619          T 
248                             1                   0.000000000222      27                  5.80                4.66                15.63               3722144.00          0                   0.067               0                   0                   43190.00            22.711004           120.425407          T 
265                             1                   0.000000000222      27                  5.80                4.66                15.63               3722144.00          0                   0.024               0                   0                   15178.00            22.956688           120.471927          T 
225                             1                   0.000000000222      27                  5.80                4.66                15.63               3722144.00          0                   0.0076              0                   0                   4866.00             22.403998           120.697580          T 
221                             1                   0.000000000222      27                  5.80                4.66                15.63               3722144.00          0                   0.025               0                   0                   16374.00            22.515282           120.500660          T 
119                             1                   0.000000000222      27                  5.80                4.66                15.63               3722144.00          0                   0.0058              0                   0                   3721.00             22.384307           120.835524          T 
123                             1                   0.000000000222      27                  5.80                4.66                15.63               3722144.00          0                   0.013               0                   0                   8202.00             22.951257           121.156038          T 
219                             1                   0.000000000222      27                  5.80                4.66                15.63               3722144.00          0                   0.017               0                   0                   11130.00            22.479807           120.518056          T 
110                             1                   0.000000000222      27                  5.80                4.66                15.63               3722144.00          0                   0.010               0                   0                   6565.00             22.383595           120.899170          T 
254                             1                   0.000000000222      27                  5.80                4.66                15.63               3722144.00          0                   0.012               0                   0                   7680.00             22.863943           120.395984          T 
263                             1                   0.000000000222      27                  5.80                4.66                15.63               3722144.00          0                   0.0100              0                   0                   6420.00             23.116550           120.623289          T 
247                             1                   0.000000000222      27                  5.80                4.66                15.63               3722144.00          0                   0.17                0                   0                   111191.00           22.592836           120.411147          T 
250                             1                   0.000000000222      27                  5.80                4.66                15.63               3722144.00          0                   0.13                0                   0                   80994.00            22.739835           120.370799          T 
253                             1                   0.000000000222      27                  5.80                4.66                15.63               3722144.00          1                   0.047               21.13               21.70               30397.00            22.787696           120.370799          T 
227                             1                   0.000000000222      27                  5.80                4.66                15.63               3722144.00          0                   0.040               0                   0                   25482.00            22.403342           120.597584          T 
216                             1                   0.000000000222      27                  5.80                4.66                15.63               3722144.00          0                   0.032               0                   0                   20247.00            22.429806           120.547612          T 
223                             1                   0.000000000222      27                  5.80                4.66                15.63               3722144.00          0                   0.057               0                   0                   36692.00            22.517190           120.450143          T 
251                             1                   0.000000000222      27                  5.80                4.66                15.63               3722144.00          2                   0.068               29.37               31.04               43735.00            22.662493           120.372778          T 
116                             1                   0.000000000222      27                  5.80                4.66                15.63               3722144.00          0                   0.0068              0                   0                   4378.00             23.114785           121.017567          T 
249                             1                   0.000000000222      27                  5.80                4.66                15.63               3722144.00          1                   0.054               18.64               19.14               34455.00            22.701208           120.360526          T 
229                             1                   0.000000000222      27                  5.80                4.66                15.63               3722144.00          1                   0.030               33.39               34.31               19235.00            22.441421           120.512509          T 
226                             1                   0.000000000222      27                  5.80                4.66                15.63               3722144.00          1                   0.075               13.31               13.66               48262.00            22.462656           120.475133          T 
145                             1                   0.000000000222      27                  5.80                4.66                15.63               3722144.00          0                   0.014               0                   0                   9001.00             23.115111           120.544122          T 
173                             1                   0.000000000222      27                  5.80                4.66                15.63               3722144.00          0                   0.0067              0                   0                   4292.00             22.954823           120.386937          T 
280                             1                   0.000000000222      27                  5.80                4.66                15.63               3722144.00          0                   0.55                0                   0                   354093.00           22.613793           120.355436          T 
122                             1                   0.000000000222      27                  5.80                4.66                15.63               3722144.00          0                   0.014               0                   0                   9111.00             23.037807           121.176620          T 
156                             1                   0.000000000222      27                  5.80                4.66                15.63               3722144.00          0                   0.0081              0                   0                   5181.00             23.026046           120.412392          T 
284                             1                   0.000000000222      27                  5.80                4.66                15.63               3722144.00          4                   0.11                36.45               40.88               70476.00            22.508137           120.399052          T 
255                             1                   0.000000000222      27                  5.80                4.66                15.63               3722144.00          1                   0.046               21.72               22.31               29566.00            22.870229           120.321097          T 
279                             1                   0.000000000222      27                  5.80                4.66                15.63               3722144.00          0                   0.24                0                   0                   156171.00           22.551402           120.359261          T 
273                             1                   0.000000000222      27                  5.80                4.66                15.63               3722144.00          3                   0.54                5.54                5.96                347619.00           22.649899           120.317919          T 
252                             1                   0.000000000222      27                  5.80                4.66                15.63               3722144.00          0                   0.058               0                   0                   37198.00            22.752524           120.300653          T 
272                             1                   0.000000000222      27                  5.80                4.66                15.63               3722144.00          3                   0.28                10.79               11.68               178532.00           22.721100           120.300758          T 
276                             1                   0.000000000222      27                  5.80                4.66                15.63               3722144.00          0                   0.27                0                   0                   175854.00           22.623594           120.320910          T 
281                             1                   0.000000000222      27                  5.80                4.66                15.63               3722144.00          0                   0.15                0                   0                   97751.00            22.805059           120.297891          T 
267                             1                   0.000000000222      27                  5.80                4.66                15.63               3722144.00          0                   0.0067              0                   0                   4296.00             23.224946           120.852338          T 
114                             1                   0.000000000222      27                  5.80                4.66                15.63               3722144.00          0                   0.014               0                   0                   9000.00             22.980069           121.251792          T 
170                             1                   0.000000000222      27                  5.80                4.66                15.63               3722144.00          0                   0.054               0                   0                   34865.00            22.955779           120.334282          T 
271                             1                   0.000000000222      27                  5.80                4.66                15.63               3722144.00          2                   0.30                6.57                6.89                195643.00           22.683957           120.295159          T 
167                             1                   0.000000000222      27                  5.80                4.66                15.63               3722144.00          1                   0.023               44.11               45.34               14561.00            23.114809           120.460962          T 
274                             1                   0.000000000222      27                  5.80                4.66                15.63               3722144.00          0                   0.082               0                   0                   52534.00            22.629929           120.306734          T 
275                             1                   0.000000000222      27                  5.80                4.66                15.63               3722144.00          0                   0.043               0                   0                   27832.00            22.626991           120.294422          T 
164                             1                   0.000000000222      27                  5.80                4.66                15.63               3722144.00          0                   0.016               0                   0                   10116.00            23.178859           120.517030          T 
269                             1                   0.000000000222      27                  5.80                4.66                15.63               3722144.00          0                   0.040               0                   0                   25400.00            22.624246           120.284233          T 
270                             1                   0.000000000222      27                  5.80                4.66                15.63               3722144.00          0                   0.21                0                   0                   135667.00           22.650195           120.274163          T 
261                             1                   0.000000000222      27                  5.80                4.66                15.63               3722144.00          1                   0.057               17.65               18.13               36384.00            22.748209           120.259399          T 
256                             1                   0.000000000222      27                  5.80                4.66                15.63               3722144.00          0                   0.083               0                   0                   53064.00            22.857242           120.265987          T 
234                             1                   0.000000000222      27                  5.80                4.66                15.63               3722144.00          0                   0.0076              0                   0                   4882.00             22.260849           120.735645          T 
277                             1                   0.000000000222      27                  5.80                4.66                15.63               3722144.00          4                   0.35                11.52               12.84               222910.00           22.585656           120.289154          T 
