233                             1                   0.00000592          8                   0.39                20.71               38.23               509245.00           0                   0.0037              0                   0                   4912.00             22.155529           120.817361          F 
240                             1                   0.00000592          8                   0.39                20.71               38.23               509245.00           2                   0.0079              252.04              285.51              10460.00            22.079156           120.743263          F 
231                             1                   0.00000592          8                   0.39                20.71               38.23               509245.00           0                   0.0065              0                   0                   8591.00             22.049300           120.843568          F 
234                             1                   0.00000592          8                   0.39                20.71               38.23               509245.00           1                   0.0038              262.48              278.82              5022.00             22.260849           120.735645          F 
222                             1                   0.00000592          8                   0.39                20.71               38.23               509245.00           0                   0.024               0                   0                   31666.00            21.985316           120.763254          F 
228                             1                   0.00000592          8                   0.39                20.71               38.23               509245.00           0                   0.0048              0                   0                   6333.00             22.270870           120.656767          F 
119                             1                   0.00000592          8                   0.39                20.71               38.23               509245.00           0                   0.0030              0                   0                   3959.00             22.384307           120.835524          F 
110                             1                   0.00000592          8                   0.39                20.71               38.23               509245.00           0                   0.0058              0                   0                   7638.00             22.383595           120.899170          F 
225                             1                   0.00000592          8                   0.39                20.71               38.23               509245.00           0                   0.0038              0                   0                   5043.00             22.403998           120.697580          F 
227                             1                   0.00000592          8                   0.39                20.71               38.23               509245.00           0                   0.022               0                   0                   28585.00            22.403342           120.597584          F 
217                             1                   0.00000592          8                   0.39                20.71               38.23               509245.00           0                   0.0060              0                   0                   7938.00             22.501572           120.685723          F 
216                             1                   0.00000592          8                   0.39                20.71               38.23               509245.00           0                   0.017               0                   0                   22815.00            22.429806           120.547612          F 
224                             1                   0.00000592          8                   0.39                20.71               38.23               509245.00           0                   0.0087              0                   0                   11422.00            22.486763           120.584626          F 
229                             1                   0.00000592          8                   0.39                20.71               38.23               509245.00           0                   0.017               0                   0                   21850.00            22.441421           120.512509          F 
219                             1                   0.00000592          8                   0.39                20.71               38.23               509245.00           0                   0.0096              0                   0                   12673.00            22.479807           120.518056          F 
120                             1                   0.00000592          8                   0.39                20.71               38.23               509245.00           0                   0.0026              0                   0                   3373.00             22.581617           120.857038          F 
226                             1                   0.00000592          8                   0.39                20.71               38.23               509245.00           0                   0.038               0                   0                   50188.00            22.462656           120.475133          F 
232                             1                   0.00000592          8                   0.39                20.71               38.23               509245.00           1                   0.044               22.88               24.24               57621.00            22.536429           120.556806          F 
235                             1                   0.00000592          8                   0.39                20.71               38.23               509245.00           0                   0.0100              0                   0                   13139.00            22.340003           120.371047          F 
111                             1                   0.00000592          8                   0.39                20.71               38.23               509245.00           0                   0.0097              0                   0                   12829.00            22.590981           120.979764          F 
230                             1                   0.00000592          8                   0.39                20.71               38.23               509245.00           0                   0.0037              0                   0                   4875.00             22.604085           120.691793          F 
221                             1                   0.00000592          8                   0.39                20.71               38.23               509245.00           0                   0.012               0                   0                   15788.00            22.515282           120.500660          F 
239                             1                   0.00000592          8                   0.39                20.71               38.23               509245.00           0                   0.018               0                   0                   23424.00            22.582335           120.601817          F 
223                             1                   0.00000592          8                   0.39                20.71               38.23               509245.00           1                   0.031               32.30               34.25               40815.00            22.517190           120.450143          F 
237                             1                   0.00000592          8                   0.39                20.71               38.23               509245.00           0                   0.014               0                   0                   18943.00            22.588556           120.526638          F 
284                             1                   0.00000592          8                   0.39                20.71               38.23               509245.00           2                   0.054               37.26               42.10               70752.00            22.508137           120.399052          F 
236                             1                   0.00000592          8                   0.39                20.71               38.23               509245.00           1                   0.0065              153.44              162.96              8591.00             22.671078           120.679924          F 
110                             2                   0.000905            5                   0.18                28.23               39.58               233431.00           0                   0.0058              0                   0                   7638.00             22.383595           120.899170          T 
119                             2                   0.000905            5                   0.18                28.23               39.58               233431.00           0                   0.0030              0                   0                   3959.00             22.384307           120.835524          T 
225                             2                   0.000905            5                   0.18                28.23               39.58               233431.00           0                   0.0038              0                   0                   5043.00             22.403998           120.697580          T 
234                             2                   0.000905            5                   0.18                28.23               39.58               233431.00           1                   0.0038              262.48              278.82              5022.00             22.260849           120.735645          T 
120                             2                   0.000905            5                   0.18                28.23               39.58               233431.00           0                   0.0026              0                   0                   3373.00             22.581617           120.857038          T 
111                             2                   0.000905            5                   0.18                28.23               39.58               233431.00           0                   0.0097              0                   0                   12829.00            22.590981           120.979764          T 
217                             2                   0.000905            5                   0.18                28.23               39.58               233431.00           0                   0.0060              0                   0                   7938.00             22.501572           120.685723          T 
233                             2                   0.000905            5                   0.18                28.23               39.58               233431.00           0                   0.0037              0                   0                   4912.00             22.155529           120.817361          T 
228                             2                   0.000905            5                   0.18                28.23               39.58               233431.00           0                   0.0048              0                   0                   6333.00             22.270870           120.656767          T 
227                             2                   0.000905            5                   0.18                28.23               39.58               233431.00           0                   0.022               0                   0                   28585.00            22.403342           120.597584          T 
230                             2                   0.000905            5                   0.18                28.23               39.58               233431.00           0                   0.0037              0                   0                   4875.00             22.604085           120.691793          T 
224                             2                   0.000905            5                   0.18                28.23               39.58               233431.00           0                   0.0087              0                   0                   11422.00            22.486763           120.584626          T 
216                             2                   0.000905            5                   0.18                28.23               39.58               233431.00           0                   0.017               0                   0                   22815.00            22.429806           120.547612          T 
240                             2                   0.000905            5                   0.18                28.23               39.58               233431.00           2                   0.0079              252.04              285.51              10460.00            22.079156           120.743263          T 
231                             2                   0.000905            5                   0.18                28.23               39.58               233431.00           0                   0.0065              0                   0                   8591.00             22.049300           120.843568          T 
239                             2                   0.000905            5                   0.18                28.23               39.58               233431.00           0                   0.018               0                   0                   23424.00            22.582335           120.601817          T 
232                             2                   0.000905            5                   0.18                28.23               39.58               233431.00           1                   0.044               22.88               24.24               57621.00            22.536429           120.556806          T 
236                             2                   0.000905            5                   0.18                28.23               39.58               233431.00           1                   0.0065              153.44              162.96              8591.00             22.671078           120.679924          T 
284                             3                   0.0400              3                   0.085               35.45               42.83               111567.00           2                   0.054               37.26               42.10               70752.00            22.508137           120.399052          T 
223                             3                   0.0400              3                   0.085               35.45               42.83               111567.00           1                   0.031               32.30               34.25               40815.00            22.517190           120.450143          T 
257                             4                   0.382               3                   0.24                12.64               15.13               312921.00           0                   0.022               0                   0                   28470.00            22.893250           120.225937          F 
258                             4                   0.382               3                   0.24                12.64               15.13               312921.00           1                   0.025               40.35               42.81               32670.00            22.882414           120.198052          F 
140                             4                   0.382               3                   0.24                12.64               15.13               312921.00           0                   0.051               0                   0                   66834.00            22.941309           120.241879          F 
256                             4                   0.382               3                   0.24                12.64               15.13               312921.00           0                   0.041               0                   0                   54271.00            22.857242           120.265987          F 
146                             4                   0.382               3                   0.24                12.64               15.13               312921.00           2                   0.099               20.17               22.73               130676.00           22.955619           120.190374          F 
318                             5                   0.894               3                   0.48                6.22                7.34                635389.00           0                   0.072               0                   0                   94834.00            24.211711           120.710997          F 
300                             5                   0.894               3                   0.48                6.22                7.34                635389.00           1                   0.17                5.73                6.02                230078.00           24.184003           120.736232          F 
324                             5                   0.894               3                   0.48                6.22                7.34                635389.00           1                   0.12                8.08                8.52                163228.00           24.249903           120.737572          F 
299                             5                   0.894               3                   0.48                6.22                7.34                635389.00           1                   0.11                8.95                9.45                147249.00           24.158640           120.680952          F 
