259                             1                   1e-17               204                 15.82               12.89               28.55               1016864.00          0                   0.22                0                   0                   14138.00            22.822246           120.228051          T 
260                             1                   1e-17               204                 15.82               12.89               28.55               1016864.00          2                   0.31                6.45                6.48                19920.00            22.779445           120.239457          T 
256                             1                   1e-17               204                 15.82               12.89               28.55               1016864.00          5                   0.83                6.06                6.13                53036.00            22.857242           120.265987          T 
258                             1                   1e-17               204                 15.82               12.89               28.55               1016864.00          41                  0.48                85.37               96.25               30868.00            22.882414           120.198052          T 
281                             1                   1e-17               204                 15.82               12.89               28.55               1016864.00          6                   1.52                3.94                3.99                97800.00            22.805059           120.297891          T 
257                             1                   1e-17               204                 15.82               12.89               28.55               1016864.00          4                   0.45                8.80                8.89                29203.00            22.893250           120.225937          T 
261                             1                   1e-17               204                 15.82               12.89               28.55               1016864.00          17                  0.57                30.03               31.48               36381.00            22.748209           120.259399          T 
252                             1                   1e-17               204                 15.82               12.89               28.55               1016864.00          3                   0.58                5.21                5.25                37010.00            22.752524           120.300653          T 
255                             1                   1e-17               204                 15.82               12.89               28.55               1016864.00          0                   0.46                0                   0                   29795.00            22.870229           120.321097          T 
140                             1                   1e-17               204                 15.82               12.89               28.55               1016864.00          14                  1.13                12.42               12.88               72444.00            22.941309           120.241879          T 
272                             1                   1e-17               204                 15.82               12.89               28.55               1016864.00          38                  2.76                13.75               15.26               177579.00           22.721100           120.300758          T 
253                             1                   1e-17               204                 15.82               12.89               28.55               1016864.00          2                   0.48                4.21                4.23                30542.00            22.787696           120.370799          T 
146                             1                   1e-17               204                 15.82               12.89               28.55               1016864.00          29                  1.95                14.84               16.06               125611.00           22.955619           120.190374          T 
165                             1                   1e-17               204                 15.82               12.89               28.55               1016864.00          1                   1.04                0.96                0.96                67101.00            22.946795           120.293063          T 
271                             1                   1e-17               204                 15.82               12.89               28.55               1016864.00          42                  3.04                13.81               15.51               195436.00           22.683957           120.295159          T 
222                             2                   0.00000000000127    17                  0.90                18.97               19.86               57606.00            5                   0.48                10.43               10.56               30823.00            21.985316           120.763254          T 
240                             2                   0.00000000000127    17                  0.90                18.97               19.86               57606.00            10                  0.14                70.58               72.58               9106.00             22.079156           120.743263          T 
231                             2                   0.00000000000127    17                  0.90                18.97               19.86               57606.00            0                   0.13                0                   0                   8124.00             22.049300           120.843568          T 
233                             2                   0.00000000000127    17                  0.90                18.97               19.86               57606.00            0                   0.074               0                   0                   4777.00             22.155529           120.817361          T 
234                             2                   0.00000000000127    17                  0.90                18.97               19.86               57606.00            2                   0.074               26.92               27.06               4776.00             22.260849           120.735645          T 
223                             3                   0.0140              62                  35.63               1.74                1.89                2290384.00          1                   0.58                1.73                1.73                37117.00            22.517190           120.450143          T 
221                             3                   0.0140              62                  35.63               1.74                1.89                2290384.00          0                   0.26                0                   0                   16429.00            22.515282           120.500660          T 
284                             3                   0.0140              62                  35.63               1.74                1.89                2290384.00          3                   1.10                2.74                2.75                70436.00            22.508137           120.399052          T 
226                             3                   0.0140              62                  35.63               1.74                1.89                2290384.00          1                   0.76                1.32                1.32                48585.00            22.462656           120.475133          T 
219                             3                   0.0140              62                  35.63               1.74                1.89                2290384.00          0                   0.18                0                   0                   11276.00            22.479807           120.518056          T 
238                             3                   0.0140              62                  35.63               1.74                1.89                2290384.00          0                   0.82                0                   0                   52536.00            22.588495           120.476619          T 
247                             3                   0.0140              62                  35.63               1.74                1.89                2290384.00          3                   1.72                1.75                1.75                110449.00           22.592836           120.411147          T 
279                             3                   0.0140              62                  35.63               1.74                1.89                2290384.00          1                   2.43                0.41                0.41                156115.00           22.551402           120.359261          T 
229                             3                   0.0140              62                  35.63               1.74                1.89                2290384.00          1                   0.30                3.28                3.29                19573.00            22.441421           120.512509          T 
232                             3                   0.0140              62                  35.63               1.74                1.89                2290384.00          2                   0.86                2.33                2.34                55207.00            22.536429           120.556806          T 
237                             3                   0.0140              62                  35.63               1.74                1.89                2290384.00          0                   0.28                0                   0                   17806.00            22.588556           120.526638          T 
216                             3                   0.0140              62                  35.63               1.74                1.89                2290384.00          1                   0.32                3.13                3.14                20538.00            22.429806           120.547612          T 
224                             3                   0.0140              62                  35.63               1.74                1.89                2290384.00          0                   0.16                0                   0                   10243.00            22.486763           120.584626          T 
280                             3                   0.0140              62                  35.63               1.74                1.89                2290384.00          11                  5.49                2.01                2.04                352574.00           22.613793           120.355436          T 
220                             3                   0.0140              62                  35.63               1.74                1.89                2290384.00          2                   3.20                0.62                0.62                205945.00           22.664738           120.479995          T 
246                             3                   0.0140              62                  35.63               1.74                1.89                2290384.00          0                   0.18                0                   0                   11303.00            22.648764           120.529969          T 
239                             3                   0.0140              62                  35.63               1.74                1.89                2290384.00          0                   0.33                0                   0                   21164.00            22.582335           120.601817          T 
276                             3                   0.0140              62                  35.63               1.74                1.89                2290384.00          5                   2.76                1.81                1.82                177716.00           22.623594           120.320910          T 
251                             3                   0.0140              62                  35.63               1.74                1.89                2290384.00          1                   0.68                1.47                1.47                43781.00            22.662493           120.372778          T 
277                             3                   0.0140              62                  35.63               1.74                1.89                2290384.00          9                   3.48                2.58                2.62                223875.00           22.585656           120.289154          T 
274                             3                   0.0140              62                  35.63               1.74                1.89                2290384.00          0                   0.83                0                   0                   53170.00            22.629929           120.306734          T 
227                             3                   0.0140              62                  35.63               1.74                1.89                2290384.00          3                   0.40                7.50                7.56                25693.00            22.403342           120.597584          T 
273                             3                   0.0140              62                  35.63               1.74                1.89                2290384.00          9                   5.42                1.66                1.68                348488.00           22.649899           120.317919          T 
275                             3                   0.0140              62                  35.63               1.74                1.89                2290384.00          1                   0.44                2.29                2.30                28038.00            22.626991           120.294422          T 
218                             3                   0.0140              62                  35.63               1.74                1.89                2290384.00          0                   0.88                0                   0                   56550.00            22.651169           120.588822          T 
269                             3                   0.0140              62                  35.63               1.74                1.89                2290384.00          0                   0.40                0                   0                   25847.00            22.624246           120.284233          T 
235                             3                   0.0140              62                  35.63               1.74                1.89                2290384.00          0                   0.19                0                   0                   12415.00            22.340003           120.371047          T 
248                             3                   0.0140              62                  35.63               1.74                1.89                2290384.00          5                   0.68                7.40                7.49                43418.00            22.711004           120.425407          T 
249                             3                   0.0140              62                  35.63               1.74                1.89                2290384.00          3                   0.53                5.66                5.69                34097.00            22.701208           120.360526          T 
263                             4                   0.854               2                   0.10                19.95               20.05               6444.00             2                   0.10                19.95               20.05               6444.00             23.116550           120.623289          F 
