7.792868            
4.366763            
5.603218            
7.471031            
5.276901            
5.797736            
5.342558            
7.136804            
6.497600            
5.001679            
4.032219            
5.557594            
6.968103            
5.104272            
6.344474            
3.430064            
7.933205            
2.935065            
4.023647            
4.737591            
5.565353            
9.984908            
4.396736            
3.048838            
6.992304            
3.104681            
4.186346            
5.163422            
7.135821            
6.627459            
8.135239            
5.561590            
5.709159            
6.385004            
3.815017            
3.882708            
4.593108            
6.386711            
4.558503            
6.781088            
3.435183            
3.441471            
4.415802            
5.435968            
7.718393            
4.666886            
9.736287            
5.017183            
5.385099            
3.449142            
6.049113            
4.910406            
7.133288            
4.049897            
4.916068            
7.065474            
4.138381            
7.145692            
6.384704            
6.842111            
4.247945            
6.487084            
4.407437            
5.878660            
5.116713            
4.386432            
3.693672            
5.177647            
4.516534            
3.954046            
5.447786            
7.232873            
4.801113            
6.855099            
4.263490            
7.717986            
5.571924            
5.671746            
5.279066            
7.164487            
3.244078            
6.227282            
3.530682            
7.022128            
8.123567            
4.908427            
6.227282            
4.109462            
4.440685            
4.726854            
5.085574            
5.039823            
6.035882            
5.457367            
4.646042            
4.558244            
3.468365            
4.701005            
3.676215            
4.146475            
6.124621            
6.090938            
3.026193            
5.786851            
4.454607            
4.646026            
5.022060            
4.713461            
5.562173            
4.343113            
4.664884            
6.292508            
4.942474            
7.828236            
3.155782            
3.586121            
5.180534            
6.655478            
6.224222            
4.918457            
6.350097            
4.751144            
3.405751            
2.952940            
10.819611           
4.429501            
6.414519            
3.277765            
4.118306            
4.412610            
5.163193            
7.810498            
6.438608            
4.287499            
3.473601            
6.174132            
3.989741            
7.688822            
3.848566            
6.868435            
6.347632            
7.030563            
5.525331            
4.750195            
4.744965            
4.941975            
4.968773            
4.998311            
4.316079            
4.468894            
8.071100            
4.055896            
4.646026            
4.873721            
6.200690            
4.537773            
4.770772            
5.896510            
6.329435            
4.335110            
5.488226            
4.715702            
5.207938            
4.951956            
3.212001            
3.510297            
6.423408            
5.052006            
5.178327            
7.646022            
6.308799            
4.889607            
6.684716            
4.329980            
4.744392            
4.662730            
4.852896            
4.083161            
6.481291            
5.674270            
4.723885            
6.213742            
6.548967            
6.673875            
4.868447            
6.945671            
4.361038            
5.453013            
7.461368            
3.827680            
10.696944           
4.060153            
4.278033            
6.219616            
4.962319            
7.105658            
5.910921            
7.333963            
4.958715            
8.281953            
4.560564            
3.781401            
5.097901            
5.381685            
5.194640            
5.483143            
6.340416            
5.298876            
8.795975            
6.456610            
8.957656            
5.101504            
9.947309            
6.663260            
3.138345            
5.710320            
4.609203            
5.076253            
5.057152            
4.069254            
6.952522            
4.292462            
4.777187            
3.759721            
5.991844            
7.512761            
3.994534            
4.497868            
5.180095            
6.144491            
4.607373            
4.252033            
5.749615            
7.794156            
5.306867            
4.838078            
6.644959            
4.467149            
4.582753            
4.523852            
6.155177            
4.758933            
4.952955            
5.836423            
7.309443            
5.442924            
5.621727            
4.560131            
8.736943            
5.800401            
4.394609            
7.090583            
6.643822            
4.803304            
4.442980            
7.847749            
4.687553            
6.679179            
4.748772            
4.004269            
3.374944            
7.224121            
4.099690            
13.065379           
5.126498            
6.781024            
4.920991            
4.990505            
8.266372            
4.207037            
6.075178            
6.957036            
5.558185            
4.976286            
3.327646            
5.328393            
6.023626            
4.434096            
8.493322            
5.149328            
4.301772            
4.471463            
4.459326            
4.839398            
6.392766            
5.687211            
4.807328            
6.734247            
6.665394            
8.487863            
5.352220            
7.159901            
9.051148            
4.552458            
5.782708            
6.845933            
3.868764            
6.249791            
5.575639            
5.541600            
8.411817            
4.184899            
6.780716            
5.040470            
7.625977            
4.757417            
4.858568            
6.879226            
4.781472            
4.864018            
4.298806            
3.857169            
5.533740            
4.397918            
5.418509            
5.277918            
4.540889            
4.619180            
4.998311            
5.529578            
7.575445            
4.712020            
4.215761            
6.389148            
8.211374            
5.318415            
5.201806            
3.864889            
5.587083            
4.029212            
7.513690            
5.783982            
4.000943            
4.349127            
5.109408            
3.176465            
3.985795            
5.502120            
3.795200            
6.671418            
4.717040            
4.567850            
4.958045            
5.289009            
3.410639            
5.233865            
5.942360            
4.207201            
8.332109            
4.839380            
5.004116            
6.558568            
7.376489            
4.912367            
6.480845            
3.183942            
4.482073            
4.097080            
4.343618            
4.383608            
4.099550            
5.169275            
6.153115            
4.364233            
3.632612            
7.665218            
6.581992            
4.510841            
5.681705            
4.445976            
5.616667            
6.124752            
3.085537            
4.587759            
5.470355            
4.424362            
6.007378            
7.462512            
4.498896            
6.737459            
4.694344            
4.575913            
5.156144            
6.626147            
4.466092            
5.737174            
4.287234            
5.095864            
5.440291            
4.365573            
4.479179            
4.628307            
2.904084            
9.027028            
5.405448            
6.378974            
4.776356            
4.440954            
6.321899            
6.833253            
8.320140            
4.912517            
3.977878            
6.602098            
8.694811            
5.741964            
5.827699            
3.850204            
5.951015            
6.606065            
5.414854            
6.109047            
6.801124            
7.547255            
4.821315            
6.883363            
7.300672            
5.586324            
6.256237            
4.244501            
5.592325            
5.559335            
6.544036            
5.274417            
5.740367            
5.515676            
5.417690            
4.377224            
4.089771            
5.623474            
6.460765            
7.252616            
6.200610            
4.093897            
4.821374            
3.601987            
4.873003            
3.840264            
7.698242            
3.964241            
6.925573            
7.306300            
8.560594            
5.191443            
3.937258            
4.527400            
5.381093            
8.127460            
6.072212            
5.910173            
3.655516            
8.031546            
3.729126            
4.813261            
4.177306            
2.892196            
6.734134            
6.075178            
5.725537            
3.675978            
5.281049            
5.803011            
5.841165            
6.931417            
5.435337            
9.331720            
5.194640            
7.226650            
5.765213            
6.131984            
4.462995            
7.439718            
5.641667            
5.330277            
4.092963            
4.930155            
4.428745            
4.584663            
4.903161            
4.314756            
7.906509            
6.075178            
5.570887            
2.649419            
4.277079            
5.316416            
5.512632            
8.474029            
5.170966            
7.505114            
4.376253            
6.325325            
4.813154            
5.238466            
7.446342            
4.013044            
5.468001            
4.791591            
4.335379            
3.453248            
3.455764            
5.960192            
4.820431            
3.957263            
9.732856            
4.801622            
9.182448            
4.348408            
5.466584            
5.265560            
4.466542            
6.011106            
7.216379            
4.412389            
3.145162            
3.958695            
5.250372            
6.403425            
4.216107            
8.004482            
3.311259            
4.560630            
5.186332            
5.472394            
5.946003            
4.979485            
6.633868            
5.497918            
4.645253            
4.938215            
4.824916            
6.208311            
9.230727            
3.672386            
7.173473            
5.127529            
4.314756            
5.483288            
5.013455            
6.193906            
5.498811            
6.668782            
4.430767            
5.171833            
5.112219            
4.343339            
4.627015            
6.437852            
4.553191            
3.989080            
7.484388            
4.693620            
4.347264            
5.804031            
3.968994            
5.183237            
4.398088            
6.265317            
5.773059            
7.466414            
5.442011            
4.881527            
5.521802            
3.445166            
4.851971            
6.655787            
3.485044            
5.670984            
6.338969            
5.557594            
7.784371            
3.709033            
6.373146            
4.489974            
5.211582            
4.625771            
3.680434            
4.060621            
3.372260            
5.978612            
4.354038            
5.923167            
5.648297            
3.375257            
6.764854            
4.219190            
5.466099            
4.446458            
4.069254            
8.105267            
5.051983            
6.821252            
5.101351            
6.257108            
8.353488            
8.924573            
7.426176            
4.252698            
3.599082            
3.278657            
4.088889            
6.130028            
5.967316            
4.873003            
4.744965            
5.944118            
5.001679            
4.051556            
6.020754            
4.939534            
5.227545            
6.451125            
6.462888            
7.174384            
4.138837            
3.880234            
3.046211            
8.338855            
4.259195            
5.910452            
6.840804            
5.196881            
3.602613            
4.624386            
5.032386            
6.568681            
5.885987            
3.322480            
3.510035            
3.998362            
6.104425            
5.197019            
5.203011            
6.174139            
7.763232            
3.049182            
5.238128            
4.521619            
3.819493            
6.328428            
5.347092            
5.489280            
3.625897            
4.845830            
6.614467            
5.137937            
5.683273            
7.109596            
7.995033            
5.595818            
5.974912            
4.504626            
5.120140            
3.787939            
3.519979            
3.976999            
5.277366            
4.089771            
8.944610            
5.673709            
7.963477            
4.727224            
8.427294            
5.013455            
5.169038            
6.546880            
3.585382            
5.692301            
4.231363            
4.617293            
3.536092            
7.804976            
4.763010            
7.515282            
6.881563            
6.080791            
8.139183            
5.330376            
5.358286            
5.073981            
3.977457            
5.186115            
4.317192            
4.225028            
5.976163            
4.104157            
6.494436            
5.270375            
3.984125            
3.755118            
5.297104            
6.094226            
8.441454            
4.844783            
4.138381            
8.595671            
5.820455            
5.103467            
7.959769            
7.125441            
4.493894            
5.657854            
5.743442            
3.883249            
4.732761            
4.099149            
6.053210            
6.842109            
4.924273            
5.547757            
4.255702            
5.735609            
4.790322            
4.795746            
5.686751            
5.670984            
4.323456            
5.344081            
6.230638            
3.965045            
4.434096            
4.615486            
5.046606            
3.298797            
10.308036           
4.343834            
5.983672            
4.349026            
5.958325            
4.577082            
6.964839            
4.219336            
3.999931            
4.829552            
7.121578            
3.433512            
4.402399            
5.208502            
3.652464            
5.309684            
4.106329            
4.433274            
6.227282            
5.013455            
4.646042            
3.525289            
4.053311            
5.793780            
5.608356            
6.254521            
3.481760            
5.754266            
4.225926            
5.686751            
6.776622            
4.586608            
4.185229            
7.756702            
3.535275            
8.320703            
4.334225            
6.027002            
7.321667            
4.615251            
4.418417            
6.025809            
5.069651            
5.557594            
3.708358            
6.294082            
4.678055            
4.871945            
5.149096            
5.707315            
4.291074            
4.239775            
7.056820            
4.742298            
7.060755            
3.524112            
5.689183            
8.214433            
4.704217            
6.288414            
4.121718            
4.163750            
4.217209            
4.584149            
8.487056            
5.539279            
6.434083            
6.570583            
5.854619            
4.936471            
4.502555            
4.648124            
3.433393            
4.250125            
4.339168            
8.001536            
3.794289            
6.194056            
4.968759            
4.162927            
5.697104            
4.999323            
3.618489            
6.484702            
4.300474            
6.484825            
7.688210            
6.052522            
3.160953            
4.325442            
5.489564            
4.460171            
4.829552            
6.833963            
3.381397            
4.890648            
4.979639            
3.957649            
4.042775            
4.061395            
5.267204            
4.522547            
4.747727            
3.600146            
4.872972            
7.505114            
3.771436            
7.285368            
5.681239            
7.228733            
6.378994            
3.921383            
5.856778            
5.653077            
4.404151            
5.431105            
5.051983            
6.306155            
7.097599            
6.022884            
5.330896            
5.911470            
5.325408            
5.949070            
3.868764            
4.844392            
4.506893            
2.899680            
5.827699            
5.000611            
4.979392            
7.575355            
7.680300            
4.244926            
5.554737            
5.508565            
7.025712            
5.657854            
5.100417            
6.467030            
4.192633            
4.939041            
5.724612            
4.045372            
3.473601            
4.237133            
7.799263            
7.094503            
4.760654            
6.682131            
4.153224            
4.699212            
6.620836            
4.218782            
4.689300            
5.345648            
5.134839            
6.525600            
6.678295            
3.821311            
7.004405            
7.202515            
6.280131            
9.269838            
5.602092            
4.472080            
4.242813            
5.708405            
3.710264            
4.757061            
3.985335            
5.225098            
8.513676            
4.577082            
5.690712            
5.580505            
5.872214            
4.146030            
3.513548            
4.104197            
3.777585            
5.684984            
4.409654            
6.535719            
4.053807            
6.615121            
4.445273            
5.020876            
5.714599            
6.618792            
6.444798            
6.213742            
4.157356            
7.151849            
5.362195            
4.013044            
6.341469            
5.040977            
5.973955            
4.183119            
6.480752            
5.629545            
4.406284            
5.887915            
5.701557            
5.345337            
5.036240            
3.058075            
4.344073            
5.400653            
6.476981            
4.891207            
5.056314            
4.345278            
6.207613            
4.308690            
6.166981            
5.927777            
5.611181            
5.674270            
5.514938            
4.897175            
9.894700            
5.505183            
6.436758            
6.400012            
7.965415            
3.810374            
4.714257            
5.008429            
7.089770            
4.198882            
6.925642            
5.619807            
6.735789            
5.198859            
7.599228            
5.052791            
2.799226            
7.043121            
5.155567            
4.695413            
5.557594            
6.097939            
5.565724            
7.114711            
5.171205            
5.601096            
5.269969            
5.889125            
5.609902            
5.198895            
4.575913            
6.486760            
7.557066            
5.241852            
5.173136            
6.772771            
7.162109            
5.455067            
6.158925            
4.968773            
3.207550            
6.424595            
3.567657            
8.019061            
4.524929            
4.887683            
5.161586            
4.355394            
6.889804            
3.854242            
5.827807            
6.292508            
4.856420            
