2.986396            
4.949134            
5.066210            
4.136427            
3.381781            
4.441720            
8.226066            
4.308963            
10.222218           
3.760477            
6.183984            
5.813951            
4.017233            
3.458360            
3.284240            
4.942129            
6.978907            
3.585199            
4.170058            
4.809748            
6.577418            
5.937155            
5.909410            
5.141484            
5.372231            
6.386519            
7.308601            
5.587198            
3.297012            
3.916290            
4.859406            
4.724821            
5.745881            
6.434630            
3.372158            
5.649250            
6.290982            
3.445078            
5.644700            
4.491302            
3.993805            
4.209119            
6.043976            
5.037574            
3.560862            
4.426354            
4.577250            
5.128700            
5.540734            
7.332618            
4.751248            
4.607403            
6.500408            
4.350861            
3.536417            
6.103120            
4.084955            
4.423626            
5.153947            
6.871502            
3.558170            
4.653166            
5.385782            
7.466536            
3.803172            
3.845995            
6.441320            
4.200679            
3.732681            
8.130579            
5.156642            
3.393977            
3.710410            
7.008665            
3.952653            
4.238985            
6.577876            
8.585860            
5.378798            
5.644700            
8.151384            
6.267015            
6.394321            
7.787818            
4.216060            
4.469480            
4.537637            
5.826769            
4.923235            
7.076429            
7.204467            
6.048031            
3.300227            
6.906610            
5.286681            
5.657450            
4.380243            
5.853676            
4.061263            
5.852853            
4.803204            
6.512475            
3.585200            
5.526537            
5.727828            
3.770597            
5.911847            
4.976739            
4.064341            
5.782507            
4.175095            
3.922979            
5.074965            
5.208233            
5.165192            
3.771741            
4.923235            
3.156106            
3.756966            
5.569968            
4.149915            
6.301684            
5.549676            
5.151231            
6.624067            
10.279965           
6.259236            
7.369345            
5.632946            
5.114365            
4.088710            
2.967104            
5.640004            
7.234380            
4.565723            
4.537637            
3.312799            
4.942716            
3.636906            
3.820309            
7.712681            
7.983931            
3.452511            
4.469218            
6.417563            
4.478361            
14.312921           
6.278208            
4.043378            
2.836871            
5.448339            
3.098251            
3.751926            
5.589916            
6.016536            
3.635190            
5.164261            
5.222623            
5.334820            
5.040413            
4.519586            
3.621903            
4.005165            
5.043569            
6.130778            
4.303653            
7.107297            
4.266611            
4.540740            
6.139289            
7.624733            
4.317101            
4.747694            
5.801495            
4.800984            
3.597017            
3.572411            
5.134304            
2.693831            
4.388378            
6.619265            
5.930547            
3.699058            
4.372569            
3.728293            
5.017631            
3.151525            
6.035040            
3.281497            
6.043976            
5.823298            
3.591594            
4.122664            
7.902754            
4.788485            
3.917386            
4.361383            
4.810161            
3.951298            
5.422926            
6.321611            
4.431811            
3.198508            
6.632077            
3.592243            
5.214146            
5.185880            
6.269422            
5.757136            
5.477836            
4.824592            
5.983238            
3.734062            
4.375133            
5.751665            
7.992329            
6.056768            
4.675534            
7.473710            
6.499547            
3.003558            
4.209119            
4.237176            
7.088092            
6.229717            
3.597875            
4.674653            
6.263521            
7.348312            
3.584943            
2.659226            
3.363390            
8.379472            
6.796457            
5.062983            
4.770124            
5.404986            
7.412274            
5.508018            
3.299398            
4.521340            
4.464542            
6.032444            
4.558234            
3.744961            
5.857123            
6.089159            
9.241418            
3.779888            
4.993550            
5.335288            
4.073939            
6.993498            
3.588516            
4.793475            
4.798746            
4.601126            
5.641867            
5.585707            
5.967547            
3.651355            
5.242325            
5.738035            
4.097104            
5.398511            
4.803550            
5.544850            
4.527073            
7.652364            
3.067086            
3.393977            
4.048495            
4.606782            
5.766882            
6.848675            
4.684069            
5.730279            
5.688895            
6.043098            
4.599554            
4.570831            
5.732549            
5.465916            
5.066192            
3.311234            
4.418451            
5.658632            
3.600884            
6.328053            
3.744961            
4.835317            
5.352464            
4.528430            
4.436198            
5.741597            
4.852597            
4.714111            
6.626496            
4.030422            
3.319682            
4.654125            
4.749179            
4.635671            
7.789631            
3.325899            
4.200679            
4.217541            
5.919179            
5.914566            
5.218309            
5.766882            
4.326552            
4.561389            
4.782775            
5.156642            
6.343751            
4.783832            
5.089553            
5.381493            
4.336573            
5.154562            
5.027106            
5.848843            
4.857522            
3.340977            
6.804750            
3.456876            
3.393136            
5.233800            
5.544603            
3.860102            
6.921432            
5.274310            
4.442595            
3.635986            
4.788485            
5.931080            
5.131126            
4.994943            
3.894910            
5.549560            
5.323666            
4.999377            
4.880702            
6.799543            
5.472918            
4.937472            
6.092496            
7.411144            
4.837854            
7.270608            
5.305860            
3.291477            
6.871001            
7.100369            
5.559274            
4.245538            
4.171443            
8.887198            
3.015374            
4.792413            
5.441652            
5.435473            
4.048495            
3.605773            
5.219626            
6.718290            
7.321622            
3.322171            
4.390935            
7.756356            
4.437643            
4.484594            
8.274809            
5.104549            
4.441720            
5.609234            
4.051058            
6.066967            
5.362783            
5.643406            
5.255630            
4.722491            
4.117757            
3.332752            
3.563838            
5.624093            
5.473880            
4.836660            
7.094155            
3.556881            
5.311915            
4.144394            
7.094155            
4.920337            
3.136586            
7.322253            
2.427536            
4.917311            
4.058648            
5.890517            
4.007623            
4.120229            
4.508991            
4.897716            
5.579940            
3.905297            
6.128218            
2.832872            
5.037905            
3.760408            
5.229951            
4.180056            
4.562511            
4.719464            
6.034978            
4.650456            
4.862454            
4.931699            
4.775634            
3.664311            
5.224542            
4.015691            
6.133912            
4.198819            
5.215492            
3.340956            
3.584943            
6.473475            
7.584785            
6.011785            
9.481008            
2.899221            
3.601325            
4.397383            
4.526426            
3.156247            
5.466121            
4.598505            
4.574076            
4.828284            
3.832790            
4.075496            
4.400580            
4.392631            
4.409697            
3.551549            
4.029805            
8.258152            
5.470910            
5.718682            
6.094487            
5.408237            
6.060355            
5.654760            
4.127294            
5.229951            
7.760938            
4.721394            
5.236382            
4.990044            
3.552539            
4.682197            
3.410743            
5.561502            
6.354037            
4.088710            
5.472918            
5.037574            
5.347145            
5.107499            
5.675184            
2.554946            
5.260546            
2.492249            
4.309008            
4.965912            
7.118130            
3.337495            
4.255723            
5.219911            
3.234451            
4.178602            
5.006629            
4.487113            
7.239334            
3.492332            
5.123670            
6.855639            
5.494663            
4.829374            
5.428220            
4.018863            
6.660286            
4.461494            
5.369224            
3.849562            
3.535337            
3.177198            
5.701581            
4.071627            
3.986677            
5.157774            
3.003558            
7.240813            
2.987711            
5.397666            
3.850655            
4.311395            
6.654943            
7.304766            
5.280584            
2.879346            
3.079741            
3.898713            
4.360719            
5.119317            
4.389523            
8.017974            
2.763738            
4.759586            
4.965204            
3.468036            
5.316557            
5.320516            
5.975558            
4.908241            
3.876279            
5.904730            
3.659593            
5.664796            
6.000648            
4.733477            
5.428173            
4.560240            
5.923441            
6.509201            
5.898174            
9.112036            
4.527073            
4.799735            
5.041784            
3.952653            
4.078695            
5.608831            
5.169375            
4.780897            
3.421456            
6.719774            
4.714111            
5.801495            
6.554492            
4.934233            
4.980678            
2.862738            
6.204774            
2.945648            
8.163508            
5.428220            
3.428683            
4.496452            
4.071627            
6.223200            
5.748231            
4.468158            
4.946689            
5.898942            
6.792798            
6.783931            
3.222798            
6.172810            
5.443698            
3.447828            
4.152029            
5.383067            
4.527073            
6.223009            
4.902278            
6.676149            
3.714092            
3.308956            
7.106323            
3.720100            
5.340033            
6.564717            
4.714111            
6.087882            
3.824271            
4.060742            
5.852951            
4.096726            
4.883810            
3.456236            
7.487204            
5.172869            
5.169695            
5.425764            
4.811290            
6.314815            
6.297421            
2.593145            
6.457343            
4.528033            
5.215431            
3.296211            
4.687729            
6.323743            
5.686244            
4.293945            
4.183923            
5.492433            
5.630068            
4.372569            
4.903239            
3.608049            
5.022289            
4.436157            
5.837941            
5.434326            
10.703131           
4.745090            
4.331752            
5.723443            
4.805774            
3.675190            
6.326188            
7.206719            
4.664593            
4.209119            
4.955097            
4.884023            
3.954066            
5.141484            
6.098180            
4.793475            
3.734062            
4.004736            
5.220191            
4.714111            
5.923441            
4.893704            
6.703271            
3.522001            
3.932991            
3.193340            
5.956313            
3.003082            
6.329586            
4.505731            
5.382763            
5.349659            
7.094155            
3.665434            
4.412256            
4.004582            
5.788676            
5.362783            
4.956970            
4.140830            
4.527073            
6.108732            
3.865038            
2.624203            
4.783832            
5.461367            
4.244573            
5.316651            
7.944107            
4.452160            
3.803020            
5.990590            
4.462742            
5.805082            
5.852853            
4.365926            
7.145194            
7.977878            
6.628062            
4.380176            
10.259836           
3.972110            
4.485510            
5.864008            
4.625296            
5.806186            
6.047537            
5.060563            
4.071627            
7.091207            
5.337485            
3.007026            
4.742401            
4.137692            
4.591206            
4.091859            
3.379703            
5.397932            
5.146108            
6.380759            
5.049271            
5.674020            
5.972790            
6.147307            
6.323743            
8.038268            
6.638476            
9.627663            
4.017432            
8.169690            
4.990601            
3.214937            
5.571026            
5.788646            
4.193470            
4.931699            
4.669307            
4.854923            
7.443271            
5.041784            
4.281264            
6.918117            
4.522915            
4.583717            
6.324322            
5.731382            
5.453830            
3.129305            
3.067015            
5.740722            
5.549676            
4.645048            
7.282895            
4.356370            
4.231253            
2.730373            
6.421630            
6.338053            
4.460302            
5.108302            
7.002760            
4.356334            
5.381715            
3.090618            
3.845747            
3.881477            
5.131690            
4.907980            
3.211323            
3.861101            
5.563247            
4.932359            
6.022571            
5.250625            
5.780733            
4.105954            
8.018948            
2.726240            
7.115324            
5.606064            
4.894613            
5.286215            
3.414353            
6.773770            
5.948126            
5.967903            
4.120296            
3.673746            
5.790187            
4.103417            
4.427801            
4.785382            
7.709718            
4.430387            
4.724821            
5.440043            
3.635986            
4.710196            
3.471650            
6.426198            
4.156105            
8.039893            
7.537484            
5.389348            
7.222456            
3.894749            
4.562511            
3.966037            
7.428049            
6.791742            
6.619265            
6.347820            
4.835288            
6.066967            
5.165530            
4.105954            
5.184737            
8.014893            
2.898734            
5.579229            
4.733477            
4.437743            
11.085982           
4.088710            
4.261758            
5.225537            
5.236845            
8.887951            
5.923441            
4.418451            
5.512031            
10.118877           
4.408306            
2.698736            
3.850655            
4.707199            
3.621420            
4.729464            
4.182631            
3.266926            
8.183211            
7.543196            
3.790871            
3.493707            
5.917508            
2.532254            
5.724966            
5.181806            
3.651809            
3.281497            
5.196216            
8.882117            
6.337239            
3.992208            
7.192323            
5.401635            
4.170058            
3.891731            
4.894612            
6.399154            
4.336573            
4.677132            
7.226278            
6.697527            
4.733477            
6.316912            
4.714455            
6.035562            
5.071459            
4.629282            
4.260361            
5.382882            
5.402945            
6.840365            
7.369320            
4.819711            
3.998022            
4.428787            
2.608949            
3.185116            
11.214473           
5.118493            
5.986534            
6.078144            
3.436223            
3.524709            
4.993550            
3.436223            
6.798454            
3.361689            
5.012810            
4.592388            
7.812327            
4.996644            
4.432031            
5.404986            
4.479795            
5.078493            
3.381488            
3.834246            
7.103874            
7.871484            
4.047391            
5.049631            
5.383957            
5.327030            
3.368211            
3.170238            
4.210312            
3.992067            
4.896768            
5.646595            
6.223076            
5.578060            
4.536817            
3.526930            
4.356370            
4.759700            
4.832921            
3.088550            
7.348836            
3.528693            
3.245778            
6.393568            
4.811237            
6.692955            
3.583562            
4.071952            
5.249233            
3.688145            
6.463463            
3.312799            
4.144394            
8.103630            
6.987566            
4.528580            
4.570551            
8.039289            
6.557850            
3.576237            
4.141282            
4.195600            
5.606423            
6.220961            
5.334765            
9.102684            
5.081371            
4.116147            
3.734062            
3.608819            
3.593683            
5.379867            
4.082839            
4.240306            
5.843512            
3.760386            
4.679551            
7.110866            
4.741777            
4.153450            
6.606337            
4.354695            
4.431811            
5.022921            
3.862536            
4.525398            
4.043378            
4.980231            
6.306023            
4.805016            
4.236897            
5.417525            
4.209232            
6.435855            
2.929997            
6.033877            
5.977192            
4.927930            
4.681698            
5.285661            
4.803204            
6.352666            
6.007814            
4.078357            
9.797252            
5.356157            
3.829750            
4.288829            
6.326047            
9.187184            
6.062819            
6.213614            
7.637633            
5.222623            
5.393410            
5.975284            
7.541347            
4.188796            
3.771741            
5.558250            
2.495463            
8.303081            
4.255252            
5.489174            
2.509410            
7.495249            
3.440755            
2.662172            
3.070607            
3.596621            
3.873924            
5.316557            
3.051675            
5.037574            
4.003855            
4.624615            
3.179420            
5.496133            
3.336446            
6.675774            
