259                             1                   1e-17               29                  2.62                11.06               33.49               1426678.00          0                   0.026               0                   0                   14253.00            22.822246           120.228051          F 
260                             1                   1e-17               29                  2.62                11.06               33.49               1426678.00          0                   0.038               0                   0                   20613.00            22.779445           120.239457          F 
256                             1                   1e-17               29                  2.62                11.06               33.49               1426678.00          2                   0.100               20.10               21.05               54137.00            22.857242           120.265987          F 
258                             1                   1e-17               29                  2.62                11.06               33.49               1426678.00          1                   0.058               17.22               17.62               31583.00            22.882414           120.198052          F 
281                             1                   1e-17               29                  2.62                11.06               33.49               1426678.00          1                   0.18                5.60                5.71                97095.00            22.805059           120.297891          F 
257                             1                   1e-17               29                  2.62                11.06               33.49               1426678.00          0                   0.053               0                   0                   28697.00            22.893250           120.225937          F 
261                             1                   1e-17               29                  2.62                11.06               33.49               1426678.00          2                   0.068               29.51               30.94               36867.00            22.748209           120.259399          F 
252                             1                   1e-17               29                  2.62                11.06               33.49               1426678.00          1                   0.067               14.99               15.33               36284.00            22.752524           120.300653          F 
255                             1                   1e-17               29                  2.62                11.06               33.49               1426678.00          0                   0.056               0                   0                   30613.00            22.870229           120.321097          F 
140                             1                   1e-17               29                  2.62                11.06               33.49               1426678.00          1                   0.13                7.89                8.06                68947.00            22.941309           120.241879          F 
272                             1                   1e-17               29                  2.62                11.06               33.49               1426678.00          4                   0.32                12.66               13.88               171906.00           22.721100           120.300758          F 
253                             1                   1e-17               29                  2.62                11.06               33.49               1426678.00          0                   0.057               0                   0                   31059.00            22.787696           120.370799          F 
146                             1                   1e-17               29                  2.62                11.06               33.49               1426678.00          4                   0.23                17.19               18.90               126571.00           22.955619           120.190374          F 
165                             1                   1e-17               29                  2.62                11.06               33.49               1426678.00          0                   0.12                0                   0                   65924.00            22.946795           120.293063          F 
271                             1                   1e-17               29                  2.62                11.06               33.49               1426678.00          10                  0.35                28.64               37.28               189944.00           22.683957           120.295159          F 
250                             1                   1e-17               29                  2.62                11.06               33.49               1426678.00          0                   0.13                0                   0                   70242.00            22.739835           120.370799          F 
161                             1                   1e-17               29                  2.62                11.06               33.49               1426678.00          1                   0.36                2.80                2.84                194401.00           22.981782           120.228186          F 
254                             1                   1e-17               29                  2.62                11.06               33.49               1426678.00          0                   0.015               0                   0                   8325.00             22.863943           120.395984          F 
170                             1                   1e-17               29                  2.62                11.06               33.49               1426678.00          0                   0.067               0                   0                   36380.00            22.955779           120.334282          F 
249                             1                   1e-17               29                  2.62                11.06               33.49               1426678.00          1                   0.060               16.58               16.96               32808.00            22.701208           120.360526          F 
139                             1                   1e-17               29                  2.62                11.06               33.49               1426678.00          1                   0.15                6.80                6.94                80029.00            22.995945           120.192874          F 
260                             2                   1e-17               21                  1.20                17.50               34.01               652682.00           0                   0.038               0                   0                   20613.00            22.779445           120.239457          T 
261                             2                   1e-17               21                  1.20                17.50               34.01               652682.00           2                   0.068               29.51               30.94               36867.00            22.748209           120.259399          T 
259                             2                   1e-17               21                  1.20                17.50               34.01               652682.00           0                   0.026               0                   0                   14253.00            22.822246           120.228051          T 
281                             2                   1e-17               21                  1.20                17.50               34.01               652682.00           1                   0.18                5.60                5.71                97095.00            22.805059           120.297891          T 
252                             2                   1e-17               21                  1.20                17.50               34.01               652682.00           1                   0.067               14.99               15.33               36284.00            22.752524           120.300653          T 
272                             2                   1e-17               21                  1.20                17.50               34.01               652682.00           4                   0.32                12.66               13.88               171906.00           22.721100           120.300758          T 
256                             2                   1e-17               21                  1.20                17.50               34.01               652682.00           2                   0.100               20.10               21.05               54137.00            22.857242           120.265987          T 
271                             2                   1e-17               21                  1.20                17.50               34.01               652682.00           10                  0.35                28.64               37.28               189944.00           22.683957           120.295159          T 
258                             2                   1e-17               21                  1.20                17.50               34.01               652682.00           1                   0.058               17.22               17.62               31583.00            22.882414           120.198052          T 
146                             3                   0.00447             8                   0.98                8.19                9.88                531688.00           4                   0.23                17.19               18.90               126571.00           22.955619           120.190374          T 
139                             3                   0.00447             8                   0.98                8.19                9.88                531688.00           1                   0.15                6.80                6.94                80029.00            22.995945           120.192874          T 
152                             3                   0.00447             8                   0.98                8.19                9.88                531688.00           1                   0.11                8.81                9.00                61740.00            22.990084           120.164995          T 
161                             3                   0.00447             8                   0.98                8.19                9.88                531688.00           1                   0.36                2.80                2.84                194401.00           22.981782           120.228186          T 
140                             3                   0.00447             8                   0.98                8.19                9.88                531688.00           1                   0.13                7.89                8.06                68947.00            22.941309           120.241879          T 
234                             4                   0.331               4                   0.43                9.34                10.22               232937.00           0                   0.0092              0                   0                   4983.00             22.260849           120.735645          F 
228                             4                   0.331               4                   0.43                9.34                10.22               232937.00           0                   0.011               0                   0                   6180.00             22.270870           120.656767          F 
233                             4                   0.331               4                   0.43                9.34                10.22               232937.00           0                   0.0092              0                   0                   5004.00             22.155529           120.817361          F 
225                             4                   0.331               4                   0.43                9.34                10.22               232937.00           0                   0.0089              0                   0                   4866.00             22.403998           120.697580          F 
119                             4                   0.331               4                   0.43                9.34                10.22               232937.00           0                   0.0075              0                   0                   4103.00             22.384307           120.835524          F 
240                             4                   0.331               4                   0.43                9.34                10.22               232937.00           1                   0.018               54.40               55.71               9999.00             22.079156           120.743263          F 
227                             4                   0.331               4                   0.43                9.34                10.22               232937.00           1                   0.050               20.16               20.63               26986.00            22.403342           120.597584          F 
110                             4                   0.331               4                   0.43                9.34                10.22               232937.00           0                   0.013               0                   0                   7160.00             22.383595           120.899170          F 
231                             4                   0.331               4                   0.43                9.34                10.22               232937.00           0                   0.016               0                   0                   8679.00             22.049300           120.843568          F 
216                             4                   0.331               4                   0.43                9.34                10.22               232937.00           0                   0.040               0                   0                   21715.00            22.429806           120.547612          F 
217                             4                   0.331               4                   0.43                9.34                10.22               232937.00           0                   0.014               0                   0                   7883.00             22.501572           120.685723          F 
224                             4                   0.331               4                   0.43                9.34                10.22               232937.00           0                   0.020               0                   0                   10913.00            22.486763           120.584626          F 
229                             4                   0.331               4                   0.43                9.34                10.22               232937.00           0                   0.039               0                   0                   21143.00            22.441421           120.512509          F 
222                             4                   0.331               4                   0.43                9.34                10.22               232937.00           1                   0.057               17.45               17.85               31170.00            21.985316           120.763254          F 
219                             4                   0.331               4                   0.43                9.34                10.22               232937.00           0                   0.022               0                   0                   11919.00            22.479807           120.518056          F 
226                             4                   0.331               4                   0.43                9.34                10.22               232937.00           1                   0.092               10.83               11.07               50234.00            22.462656           120.475133          F 
