3.651489            
4.601614            
3.778212            
5.471578            
6.261500            
6.086851            
6.816739            
6.020071            
10.049125           
3.578005            
3.568129            
6.842103            
6.578078            
5.201352            
5.204288            
5.722014            
4.633686            
4.454095            
4.238073            
4.821652            
5.627771            
3.569179            
6.076035            
3.852012            
6.664447            
3.567560            
5.236558            
5.046350            
5.147303            
5.515370            
5.317553            
4.409381            
5.828823            
4.312023            
3.825836            
7.140778            
3.996380            
5.825002            
8.076084            
7.965231            
5.812282            
5.754272            
4.561451            
6.935118            
7.041595            
3.328151            
5.119799            
5.073902            
4.981878            
4.496611            
4.274041            
7.897196            
7.487551            
8.993550            
4.159722            
9.408966            
4.535896            
10.062742           
5.599928            
3.703228            
4.251103            
6.142651            
5.831587            
5.432945            
5.461869            
5.224400            
3.798258            
7.402713            
4.033538            
3.176869            
6.391794            
3.249513            
6.954490            
5.638443            
4.336062            
5.425944            
4.924627            
6.446598            
3.359915            
5.213998            
3.601694            
5.455157            
5.535647            
6.476033            
5.535005            
3.601346            
4.895431            
5.907409            
5.681079            
4.981878            
7.503761            
4.538085            
5.620734            
7.135173            
3.886189            
4.041175            
4.561131            
3.958639            
6.949989            
5.578277            
3.396284            
5.561050            
7.259556            
6.385580            
5.673181            
5.378288            
6.332418            
7.305804            
3.850036            
6.516011            
3.235451            
4.049637            
3.530968            
5.588658            
3.889138            
3.502903            
5.114219            
3.813831            
4.332590            
5.092770            
4.020753            
4.848718            
5.730700            
6.227790            
6.851878            
6.932840            
7.470469            
5.695588            
5.659035            
7.245979            
5.338730            
6.747095            
4.150976            
6.217142            
4.606331            
4.374502            
5.372200            
7.069923            
3.946089            
9.313607            
5.582765            
4.828878            
4.392070            
5.030950            
6.942606            
3.689978            
4.066548            
6.202592            
8.470292            
4.832827            
5.734915            
4.165550            
5.251554            
3.699852            
5.362668            
4.371260            
7.754851            
3.890494            
4.447679            
4.879819            
3.932876            
5.348842            
4.710393            
7.219235            
6.037696            
7.713844            
5.556234            
4.485141            
6.263123            
3.801191            
5.436617            
5.890919            
4.334717            
4.043672            
5.666071            
4.908228            
3.960710            
6.951850            
5.589777            
6.447063            
4.777983            
7.331653            
7.030861            
4.005402            
4.825273            
4.348101            
6.344651            
6.236139            
4.551538            
8.853644            
3.776961            
6.557321            
4.406861            
5.238979            
5.114424            
4.803296            
4.497290            
5.460571            
3.661763            
5.066216            
5.646962            
4.970598            
6.138480            
4.586919            
4.687177            
5.905436            
4.047120            
5.227456            
5.956372            
2.907495            
7.040127            
6.063448            
5.799133            
7.191486            
4.492817            
3.830737            
5.018887            
3.576371            
7.682180            
6.840972            
3.118186            
3.612296            
7.938130            
6.077950            
5.563671            
5.885707            
6.409752            
3.999171            
5.612012            
3.891370            
5.632128            
6.845264            
4.424459            
5.072653            
5.023114            
6.335153            
5.019031            
5.735488            
4.931932            
4.119498            
5.252833            
4.943528            
6.389333            
3.717338            
4.280954            
3.379268            
5.801913            
6.895993            
4.380794            
4.530459            
5.343075            
5.150182            
4.264268            
4.235905            
4.569168            
8.611473            
5.751727            
5.074597            
4.626393            
4.700281            
7.183133            
3.183633            
4.822921            
5.283021            
6.789600            
3.947944            
3.788918            
4.655084            
4.342110            
5.667812            
6.321659            
7.010534            
4.948911            
4.369847            
3.835603            
7.227720            
6.199116            
7.833814            
6.372159            
4.600409            
3.931478            
4.574379            
4.915937            
7.260119            
5.238979            
7.167963            
4.730174            
7.529480            
5.379888            
4.783894            
3.537980            
5.275739            
6.846735            
4.531945            
5.728705            
7.771295            
3.937853            
8.783981            
4.506587            
6.540196            
6.438428            
4.449533            
8.787856            
8.247785            
5.342469            
3.567128            
6.028495            
4.245360            
4.769145            
5.913578            
5.259366            
6.239395            
6.165217            
6.085690            
4.935206            
5.443016            
6.146000            
4.232386            
6.483377            
6.554922            
5.858132            
4.571929            
8.451056            
5.970983            
5.987931            
4.127901            
7.030272            
5.141264            
5.397757            
3.916740            
4.805263            
6.995795            
7.496368            
4.658414            
6.232183            
3.600416            
4.642577            
6.791125            
7.512728            
5.312809            
4.486510            
7.781904            
5.657976            
5.423978            
5.272620            
5.380949            
5.059072            
5.546848            
5.381965            
6.388508            
5.047606            
6.989091            
8.696412            
4.249315            
4.757208            
5.751727            
6.214001            
8.344006            
7.940359            
7.158990            
6.228872            
5.472805            
4.211209            
7.985598            
4.552145            
8.030360            
6.805438            
7.863205            
4.094208            
5.241714            
6.438911            
6.004575            
6.838212            
6.785550            
5.400631            
4.334717            
5.558192            
4.330537            
8.226030            
4.956256            
4.951860            
4.465758            
5.865858            
4.731686            
5.051614            
4.706117            
5.208297            
6.851229            
7.717396            
5.154601            
5.367013            
5.003556            
4.434875            
7.731319            
3.556901            
7.306369            
4.824242            
5.236279            
5.728705            
5.535005            
5.217643            
7.749084            
4.364412            
6.431854            
7.782346            
5.123720            
3.792007            
5.236549            
7.914788            
4.561451            
7.191486            
7.003125            
6.344423            
8.653061            
5.510292            
4.160027            
5.985884            
6.011394            
6.829760            
6.088033            
3.971848            
4.920464            
5.521567            
4.700281            
4.004667            
8.645750            
4.369548            
7.153764            
6.832111            
5.904568            
4.498808            
2.796746            
7.653513            
5.167447            
4.228663            
2.704301            
4.194204            
9.552493            
4.593152            
4.488130            
5.086536            
4.914398            
6.078071            
8.300789            
4.094107            
6.618026            
5.321331            
8.101593            
4.846644            
6.212969            
5.190143            
4.926810            
4.407976            
7.464506            
6.472089            
6.111557            
4.406728            
8.221360            
4.060172            
4.952928            
6.127398            
7.643597            
6.004317            
7.731957            
5.987931            
8.506782            
6.183795            
5.011818            
8.765852            
6.464651            
4.793114            
4.503973            
5.762417            
4.477220            
6.081890            
5.640211            
5.885707            
4.258441            
7.797727            
5.293007            
3.838783            
4.564123            
4.414896            
5.041108            
4.104615            
4.155008            
4.743803            
5.626048            
6.464539            
6.386924            
5.161270            
6.678216            
4.906184            
6.698593            
5.641518            
4.911046            
4.946433            
4.648201            
4.658982            
4.998844            
5.421368            
5.261733            
5.692625            
4.722993            
4.557759            
7.475406            
5.676550            
4.203902            
4.620210            
6.287063            
6.147416            
6.224487            
6.047644            
7.404908            
4.802667            
5.804153            
4.642011            
6.005809            
4.316227            
4.755240            
3.548283            
6.257467            
3.634224            
9.037612            
7.187704            
4.094843            
4.194526            
4.241402            
3.617963            
4.568946            
6.050227            
3.313672            
4.462285            
6.925708            
4.957475            
4.672914            
4.643330            
8.907489            
7.372616            
6.193856            
4.093839            
4.566038            
6.861114            
3.564863            
5.471578            
5.653733            
4.788844            
5.415948            
6.356530            
5.970736            
6.718968            
5.037953            
3.980586            
7.003490            
5.648278            
6.007003            
4.557696            
4.756659            
9.674048            
4.585432            
4.694258            
8.631712            
5.514561            
2.974823            
4.784371            
3.819471            
5.180805            
5.468525            
6.035416            
6.331341            
4.026829            
4.489190            
4.485141            
3.174683            
4.469182            
4.349370            
4.454467            
3.724342            
6.102133            
4.956000            
4.600877            
4.830654            
6.389351            
4.421861            
3.793008            
4.949679            
5.357656            
9.333463            
5.097900            
8.205085            
5.032176            
4.621332            
6.025253            
4.745010            
7.187321            
5.613680            
5.022279            
5.965038            
4.385903            
5.216471            
3.557110            
5.716187            
7.227442            
4.805755            
7.641659            
4.493315            
6.151007            
3.258158            
5.564416            
3.689483            
6.501824            
5.230343            
5.782627            
3.913375            
5.916035            
6.084753            
4.308829            
5.466910            
5.449953            
5.860018            
6.030165            
5.702963            
6.151698            
4.235905            
3.589712            
5.031013            
6.592603            
4.280248            
3.656206            
5.322032            
5.739906            
4.652068            
5.468389            
7.325228            
4.743803            
4.008533            
5.284590            
5.059903            
4.666761            
4.750934            
5.362638            
4.043167            
6.136965            
5.945432            
5.730674            
5.822453            
4.866730            
4.648877            
5.429815            
3.796351            
5.918680            
7.977451            
5.569449            
5.159229            
4.956000            
6.626199            
4.907273            
3.980586            
5.901285            
4.237160            
6.319671            
4.979338            
6.956793            
4.661126            
3.270434            
5.673823            
5.027266            
6.064665            
4.529288            
5.003519            
5.579760            
5.239056            
4.391809            
4.403018            
6.085690            
4.855579            
5.625100            
4.173444            
7.548065            
7.785539            
2.918532            
4.094843            
5.575143            
5.144401            
4.462058            
5.234267            
5.648445            
6.835114            
5.325701            
4.442385            
6.938697            
4.786906            
6.835947            
5.623664            
6.787834            
6.513428            
4.083429            
3.803209            
5.944658            
5.091562            
5.731388            
5.538716            
7.922883            
4.663654            
4.505533            
5.628162            
4.504579            
4.235824            
7.898273            
2.836737            
4.458933            
5.429202            
4.487720            
4.535896            
4.865300            
5.252744            
5.048588            
4.324299            
4.795229            
6.504632            
3.594558            
5.241714            
4.093839            
3.592205            
4.689122            
4.493354            
6.138480            
5.503291            
4.066548            
3.206165            
4.194221            
4.206133            
6.809128            
9.124242            
6.795637            
5.723562            
5.452461            
4.506760            
6.159298            
4.814469            
4.395006            
6.504095            
6.388508            
3.849182            
5.613938            
5.202398            
6.955931            
7.847036            
4.863229            
6.203629            
4.238397            
4.029538            
6.203629            
5.658573            
5.075040            
5.925680            
3.877586            
3.310662            
4.023641            
7.221020            
4.765325            
7.995863            
4.772014            
4.780514            
4.217801            
7.068422            
5.691385            
5.813186            
5.605340            
4.367378            
6.184829            
3.886370            
3.748382            
5.873175            
4.397804            
7.278068            
6.666419            
4.356008            
4.786697            
5.754827            
4.069294            
6.226923            
4.623073            
5.414885            
4.427904            
5.681868            
3.994282            
5.319681            
4.365628            
4.504842            
4.522706            
3.449389            
5.533438            
5.096460            
4.882152            
6.381205            
5.921346            
3.224788            
4.436049            
4.275527            
4.226005            
4.745010            
5.074903            
5.609961            
7.614421            
4.057603            
5.187952            
6.763922            
7.870425            
4.740390            
6.200355            
4.850359            
7.024723            
5.637400            
4.782300            
4.687450            
4.634495            
5.342182            
7.954144            
3.905384            
4.135182            
5.859104            
4.213759            
7.163371            
4.776310            
6.230520            
7.846449            
4.881410            
4.357983            
7.580878            
4.687631            
5.544166            
5.314914            
5.274301            
7.832272            
4.890919            
8.754269            
7.624129            
4.862510            
9.556462            
6.312551            
5.828886            
6.095194            
5.707786            
5.776928            
6.212969            
6.716936            
5.502633            
3.653444            
3.832856            
4.137225            
3.980595            
2.968605            
6.247130            
5.640499            
5.566326            
4.684843            
5.076876            
10.988172           
7.040841            
5.570048            
4.375403            
5.184364            
6.986306            
3.726340            
4.076429            
5.630447            
5.180117            
3.714213            
6.705799            
6.851229            
9.480794            
4.199711            
5.243643            
6.765711            
4.455394            
4.741026            
4.324802            
4.888230            
7.482270            
5.740270            
4.148321            
4.097600            
5.010308            
4.113061            
4.382844            
5.139395            
5.296049            
4.554360            
3.581300            
4.641834            
5.854661            
5.932307            
4.041014            
4.177086            
5.149090            
5.241680            
3.708624            
3.421338            
4.851717            
7.607772            
4.032904            
9.021757            
7.387414            
4.557927            
4.352405            
6.169472            
7.560301            
4.005781            
5.047028            
4.872608            
4.627457            
5.844417            
4.108531            
5.865858            
6.439870            
4.637202            
5.197741            
5.184312            
4.740390            
3.188905            
4.244619            
4.991022            
7.607772            
6.130040            
4.739693            
4.165550            
6.247130            
5.433839            
3.697762            
5.082369            
6.998802            
4.364153            
4.188341            
6.222026            
5.673181            
6.845264            
3.958929            
7.279662            
5.271823            
4.917895            
3.287777            
6.817258            
4.285822            
3.986174            
4.369441            
6.148717            
8.949586            
3.905384            
4.029538            
8.989513            
4.750603            
3.371162            
6.828938            
6.276213            
7.435109            
6.192421            
5.878112            
6.183795            
4.932038            
7.274070            
6.016480            
4.978081            
5.912042            
4.476505            
4.139389            
4.912143            
4.906668            
5.225895            
6.887444            
8.307192            
7.174325            
4.622293            
5.776668            
4.705309            
5.794147            
4.647420            
6.637423            
3.741970            
4.305183            
3.202378            
4.231803            
4.199400            
3.855901            
7.294809            
4.571653            
7.209017            
4.603530            
5.183888            
4.774505            
6.357989            
5.724275            
3.889574            
4.478019            
10.229006           
6.030880            
7.598002            
5.548378            
8.015769            
