233                             1                   0.000788            3                   0.016               193.28              257.37              28985.00            0                   0.0026              0                   0                   4912.00             22.155529           120.817361          T 
240                             1                   0.000788            3                   0.016               193.28              257.37              28985.00            2                   0.0056              357.06              428.27              10460.00            22.079156           120.743263          T 
231                             1                   0.000788            3                   0.016               193.28              257.37              28985.00            0                   0.0046              0                   0                   8591.00             22.049300           120.843568          T 
234                             1                   0.000788            3                   0.016               193.28              257.37              28985.00            1                   0.0027              371.84              405.56              5022.00             22.260849           120.735645          T 
284                             2                   0.183               2                   0.038               52.79               63.14               70752.00            2                   0.038               52.79               63.14               70752.00            22.508137           120.399052          F 
146                             3                   0.403               2                   0.070               28.58               34.10               130676.00           2                   0.070               28.58               34.10               130676.00           22.955619           120.190374          F 
318                             4                   0.974               2                   0.26                7.65                8.98                488140.00           0                   0.051               0                   0                   94834.00            24.211711           120.710997          F 
300                             4                   0.974               2                   0.26                7.65                8.98                488140.00           1                   0.12                8.12                8.76                230078.00           24.184003           120.736232          F 
324                             4                   0.974               2                   0.26                7.65                8.98                488140.00           1                   0.087               11.44               12.39               163228.00           24.249903           120.737572          F 
141                             5                   0.988               7                   3.57                1.96                3.30                6672633.00          0                   0.032               0                   0                   58855.00            23.166994           120.178593          F 
169                             5                   0.988               7                   3.57                1.96                3.30                6672633.00          0                   0.014               0                   0                   25982.00            23.124919           120.200231          F 
172                             5                   0.988               7                   3.57                1.96                3.30                6672633.00          0                   0.025               0                   0                   46666.00            23.182480           120.241308          F 
154                             5                   0.988               7                   3.57                1.96                3.30                6672633.00          0                   0.012               0                   0                   22813.00            23.208344           120.127696          F 
151                             5                   0.988               7                   3.57                1.96                3.30                6672633.00          0                   0.016               0                   0                   29963.00            23.099749           120.229624          F 
137                             5                   0.988               7                   3.57                1.96                3.30                6672633.00          0                   0.014               0                   0                   25547.00            23.123266           120.100585          F 
149                             5                   0.988               7                   3.57                1.96                3.30                6672633.00          0                   0.016               0                   0                   29336.00            23.252198           120.184187          F 
138                             5                   0.988               7                   3.57                1.96                3.30                6672633.00          0                   0.015               0                   0                   27340.00            23.231040           120.264840          F 
147                             5                   0.988               7                   3.57                1.96                3.30                6672633.00          0                   0.022               0                   0                   41772.00            23.140311           120.298827          F 
150                             5                   0.988               7                   3.57                1.96                3.30                6672633.00          0                   0.090               0                   0                   168418.00           23.048697           120.152619          F 
144                             5                   0.988               7                   3.57                1.96                3.30                6672633.00          0                   0.0069              0                   0                   12949.00            23.277771           120.126236          F 
159                             5                   0.988               7                   3.57                1.96                3.30                6672633.00          0                   0.019               0                   0                   35719.00            23.083195           120.292394          F 
171                             5                   0.988               7                   3.57                1.96                3.30                6672633.00          0                   0.015               0                   0                   28488.00            23.297986           120.248298          F 
166                             5                   0.988               7                   3.57                1.96                3.30                6672633.00          0                   0.11                0                   0                   204196.00           23.027295           120.254279          F 
153                             5                   0.988               7                   3.57                1.96                3.30                6672633.00          0                   0.012               0                   0                   23234.00            23.190985           120.347992          F 
143                             5                   0.988               7                   3.57                1.96                3.30                6672633.00          0                   0.066               0                   0                   124164.00           23.010122           120.206873          F 
139                             5                   0.988               7                   3.57                1.96                3.30                6672633.00          0                   0.045               0                   0                   84064.00            22.995945           120.192874          F 
160                             5                   0.988               7                   3.57                1.96                3.30                6672633.00          0                   0.042               0                   0                   78390.00            23.301525           120.295407          F 
152                             5                   0.988               7                   3.57                1.96                3.30                6672633.00          0                   0.030               0                   0                   55264.00            22.990084           120.164995          F 
191                             5                   0.988               7                   3.57                1.96                3.30                6672633.00          0                   0.012               0                   0                   22303.00            23.345759           120.223943          F 
155                             5                   0.988               7                   3.57                1.96                3.30                6672633.00          0                   0.0043              0                   0                   8110.00             23.096893           120.370977          F 
161                             5                   0.988               7                   3.57                1.96                3.30                6672633.00          0                   0.10                0                   0                   192331.00           22.981782           120.228186          F 
163                             5                   0.988               7                   3.57                1.96                3.30                6672633.00          0                   0.013               0                   0                   23826.00            23.268870           120.354920          F 
142                             5                   0.988               7                   3.57                1.96                3.30                6672633.00          0                   0.013               0                   0                   24975.00            23.227267           120.380026          F 
158                             5                   0.988               7                   3.57                1.96                3.30                6672633.00          0                   0.024               0                   0                   44970.00            23.033945           120.335796          F 
148                             5                   0.988               7                   3.57                1.96                3.30                6672633.00          0                   0.0062              0                   0                   11611.00            23.144822           120.398815          F 
181                             5                   0.988               7                   3.57                1.96                3.30                6672633.00          0                   0.017               0                   0                   32480.00            23.374943           120.177750          F 
146                             5                   0.988               7                   3.57                1.96                3.30                6672633.00          2                   0.070               28.58               34.10               130676.00           22.955619           120.190374          F 
140                             5                   0.988               7                   3.57                1.96                3.30                6672633.00          0                   0.036               0                   0                   66834.00            22.941309           120.241879          F 
165                             5                   0.988               7                   3.57                1.96                3.30                6672633.00          0                   0.034               0                   0                   64229.00            22.946795           120.293063          F 
157                             5                   0.988               7                   3.57                1.96                3.30                6672633.00          0                   0.015               0                   0                   27161.00            23.362015           120.348508          F 
170                             5                   0.988               7                   3.57                1.96                3.30                6672633.00          0                   0.020               0                   0                   37882.00            22.955779           120.334282          F 
156                             5                   0.988               7                   3.57                1.96                3.30                6672633.00          0                   0.0031              0                   0                   5736.00             23.026046           120.412392          F 
167                             5                   0.988               7                   3.57                1.96                3.30                6672633.00          0                   0.0088              0                   0                   16484.00            23.114809           120.460962          F 
193                             5                   0.988               7                   3.57                1.96                3.30                6672633.00          0                   0.0095              0                   0                   17727.00            23.408117           120.304547          F 
162                             5                   0.988               7                   3.57                1.96                3.30                6672633.00          0                   0.013               0                   0                   24385.00            23.278319           120.444121          F 
257                             5                   0.988               7                   3.57                1.96                3.30                6672633.00          0                   0.015               0                   0                   28470.00            22.893250           120.225937          F 
258                             5                   0.988               7                   3.57                1.96                3.30                6672633.00          1                   0.017               57.16               62.27               32670.00            22.882414           120.198052          F 
173                             5                   0.988               7                   3.57                1.96                3.30                6672633.00          0                   0.0023              0                   0                   4348.00             22.954823           120.386937          F 
183                             5                   0.988               7                   3.57                1.96                3.30                6672633.00          0                   0.024               0                   0                   44057.00            23.446106           120.253898          F 
184                             5                   0.988               7                   3.57                1.96                3.30                6672633.00          0                   0.016               0                   0                   29399.00            23.468661           120.173868          F 
164                             5                   0.988               7                   3.57                1.96                3.30                6672633.00          0                   0.0060              0                   0                   11295.00            23.178859           120.517030          F 
168                             5                   0.988               7                   3.57                1.96                3.30                6672633.00          0                   0.018               0                   0                   33547.00            23.351321           120.457856          F 
256                             5                   0.988               7                   3.57                1.96                3.30                6672633.00          0                   0.029               0                   0                   54271.00            22.857242           120.265987          F 
255                             5                   0.988               7                   3.57                1.96                3.30                6672633.00          0                   0.017               0                   0                   31248.00            22.870229           120.321097          F 
145                             5                   0.988               7                   3.57                1.96                3.30                6672633.00          0                   0.0048              0                   0                   9031.00             23.115111           120.544122          F 
187                             5                   0.988               7                   3.57                1.96                3.30                6672633.00          0                   0.030               0                   0                   55276.00            23.429113           120.414736          F 
180                             5                   0.988               7                   3.57                1.96                3.30                6672633.00          0                   0.019               0                   0                   34597.00            23.472919           120.344001          F 
265                             5                   0.988               7                   3.57                1.96                3.30                6672633.00          0                   0.0092              0                   0                   17179.00            22.956688           120.471927          F 
259                             5                   0.988               7                   3.57                1.96                3.30                6672633.00          0                   0.0077              0                   0                   14427.00            22.822246           120.228051          F 
177                             5                   0.988               7                   3.57                1.96                3.30                6672633.00          0                   0.015               0                   0                   27939.00            23.510210           120.271473          F 
254                             5                   0.988               7                   3.57                1.96                3.30                6672633.00          0                   0.0048              0                   0                   8979.00             22.863943           120.395984          F 
281                             5                   0.988               7                   3.57                1.96                3.30                6672633.00          0                   0.051               0                   0                   95381.00            22.805059           120.297891          F 
175                             5                   0.988               7                   3.57                1.96                3.30                6672633.00          0                   0.074               0                   0                   138226.00           23.479155           120.424872          F 
197                             5                   0.988               7                   3.57                1.96                3.30                6672633.00          0                   0.017               0                   0                   32569.00            23.553654           120.141371          F 
260                             5                   0.988               7                   3.57                1.96                3.30                6672633.00          0                   0.011               0                   0                   21262.00            22.779445           120.239457          F 
264                             5                   0.988               7                   3.57                1.96                3.30                6672633.00          0                   0.0064              0                   0                   11941.00            22.996947           120.562197          F 
178                             5                   0.988               7                   3.57                1.96                3.30                6672633.00          0                   0.0019              0                   0                   3524.00             23.288484           120.589647          F 
208                             5                   0.988               7                   3.57                1.96                3.30                6672633.00          0                   0.017               0                   0                   30955.00            23.561628           120.235273          F 
176                             5                   0.988               7                   3.57                1.96                3.30                6672633.00          0                   0.026               0                   0                   48157.00            23.404090           120.536531          F 
282                             5                   0.988               7                   3.57                1.96                3.30                6672633.00          0                   0.023               0                   0                   42358.00            22.864970           120.475455          F 
182                             5                   0.988               7                   3.57                1.96                3.30                6672633.00          0                   0.019               0                   0                   35815.00            23.545813           120.348287          F 
263                             5                   0.988               7                   3.57                1.96                3.30                6672633.00          1                   0.0045              219.93              239.83              8491.00             23.116550           120.623289          F 
174                             5                   0.988               7                   3.57                1.96                3.30                6672633.00          0                   0.071               0                   0                   132115.00           23.481703           120.470624          F 
253                             5                   0.988               7                   3.57                1.96                3.30                6672633.00          0                   0.017               0                   0                   31618.00            22.787696           120.370799          F 
261                             5                   0.988               7                   3.57                1.96                3.30                6672633.00          0                   0.021               0                   0                   38435.00            22.748209           120.259399          F 
252                             5                   0.988               7                   3.57                1.96                3.30                6672633.00          0                   0.020               0                   0                   37174.00            22.752524           120.300653          F 
196                             5                   0.988               7                   3.57                1.96                3.30                6672633.00          0                   0.024               0                   0                   45353.00            23.592195           120.294016          F 
283                             5                   0.988               7                   3.57                1.96                3.30                6672633.00          0                   0.024               0                   0                   45187.00            22.900055           120.563463          F 
186                             5                   0.988               7                   3.57                1.96                3.30                6672633.00          0                   0.039               0                   0                   72451.00            23.542553           120.444280          F 
272                             5                   0.988               7                   3.57                1.96                3.30                6672633.00          0                   0.087               0                   0                   161814.00           22.721100           120.300758          F 
250                             5                   0.988               7                   3.57                1.96                3.30                6672633.00          0                   0.032               0                   0                   60555.00            22.739835           120.370799          F 
262                             5                   0.988               7                   3.57                1.96                3.30                6672633.00          0                   0.0087              0                   0                   16310.00            23.011954           120.658563          F 
189                             5                   0.988               7                   3.57                1.96                3.30                6672633.00          0                   0.0064              0                   0                   11958.00            23.427657           120.607534          F 
188                             5                   0.988               7                   3.57                1.96                3.30                6672633.00          0                   0.0092              0                   0                   17273.00            23.593531           120.401028          F 
200                             5                   0.988               7                   3.57                1.96                3.30                6672633.00          0                   0.015               0                   0                   28885.00            23.642069           120.206470          F 
241                             5                   0.988               7                   3.57                1.96                3.30                6672633.00          0                   0.014               0                   0                   26862.00            22.798548           120.506128          F 
195                             5                   0.988               7                   3.57                1.96                3.30                6672633.00          0                   0.017               0                   0                   30993.00            23.642431           120.327962          F 
271                             5                   0.988               7                   3.57                1.96                3.30                6672633.00          0                   0.096               0                   0                   179441.00           22.683957           120.295159          F 
249                             5                   0.988               7                   3.57                1.96                3.30                6672633.00          0                   0.017               0                   0                   32307.00            22.701208           120.360526          F 
248                             5                   0.988               7                   3.57                1.96                3.30                6672633.00          0                   0.024               0                   0                   45576.00            22.711004           120.425407          F 
190                             5                   0.988               7                   3.57                1.96                3.30                6672633.00          0                   0.022               0                   0                   40576.00            23.503765           120.596577          F 
179                             5                   0.988               7                   3.57                1.96                3.30                6672633.00          0                   0.019               0                   0                   35309.00            23.598908           120.480786          F 
215                             5                   0.988               7                   3.57                1.96                3.30                6672633.00          0                   0.013               0                   0                   23491.00            22.731668           120.484504          F 
270                             5                   0.988               7                   3.57                1.96                3.30                6672633.00          0                   0.060               0                   0                   111635.00           22.650195           120.274163          F 
244                             5                   0.988               7                   3.57                1.96                3.30                6672633.00          0                   0.015               0                   0                   28307.00            22.809920           120.601768          F 
268                             5                   0.988               7                   3.57                1.96                3.30                6672633.00          0                   0.0018              0                   0                   3383.00             23.275008           120.741944          F 
202                             5                   0.988               7                   3.57                1.96                3.30                6672633.00          0                   0.012               0                   0                   22476.00            23.645597           120.425559          F 
273                             5                   0.988               7                   3.57                1.96                3.30                6672633.00          0                   0.19                0                   0                   360363.00           22.649899           120.317919          F 
206                             5                   0.988               7                   3.57                1.96                3.30                6672633.00          0                   0.0099              0                   0                   18486.00            23.696123           120.256417          F 
251                             5                   0.988               7                   3.57                1.96                3.30                6672633.00          0                   0.021               0                   0                   40129.00            22.662493           120.372778          F 
199                             5                   0.988               7                   3.57                1.96                3.30                6672633.00          0                   0.015               0                   0                   28077.00            23.716008           120.205495          F 
274                             5                   0.988               7                   3.57                1.96                3.30                6672633.00          0                   0.032               0                   0                   59486.00            22.629929           120.306734          F 
275                             5                   0.988               7                   3.57                1.96                3.30                6672633.00          0                   0.017               0                   0                   31309.00            22.626991           120.294422          F 
201                             5                   0.988               7                   3.57                1.96                3.30                6672633.00          0                   0.017               0                   0                   31805.00            23.691107           120.364725          F 
269                             5                   0.988               7                   3.57                1.96                3.30                6672633.00          0                   0.016               0                   0                   29815.00            22.624246           120.284233          F 
245                             5                   0.988               7                   3.57                1.96                3.30                6672633.00          0                   0.015               0                   0                   28313.00            22.742536           120.569394          F 
276                             5                   0.988               7                   3.57                1.96                3.30                6672633.00          0                   0.10                0                   0                   193997.00           22.623594           120.320910          F 
211                             5                   0.988               7                   3.57                1.96                3.30                6672633.00          0                   0.0082              0                   0                   15231.00            23.716132           120.311612          F 
185                             5                   0.988               7                   3.57                1.96                3.30                6672633.00          0                   0.012               0                   0                   22874.00            23.555355           120.638746          F 
220                             5                   0.988               7                   3.57                1.96                3.30                6672633.00          0                   0.12                0                   0                   216777.00           22.664738           120.479995          F 
205                             5                   0.988               7                   3.57                1.96                3.30                6672633.00          0                   0.026               0                   0                   48199.00            23.670664           120.482636          F 
280                             5                   0.988               7                   3.57                1.96                3.30                6672633.00          1                   0.18                5.60                6.02                333474.00           22.613793           120.355436          F 
266                             5                   0.988               7                   3.57                1.96                3.30                6672633.00          0                   0.00094             0                   0                   1757.00             22.919933           120.752384          F 
242                             5                   0.988               7                   3.57                1.96                3.30                6672633.00          0                   0.016               0                   0                   30772.00            22.694550           120.555979          F 
277                             5                   0.988               7                   3.57                1.96                3.30                6672633.00          0                   0.12                0                   0                   231699.00           22.585656           120.289154          F 
214                             5                   0.988               7                   3.57                1.96                3.30                6672633.00          0                   0.0039              0                   0                   7250.00             22.797868           120.686522          F 
210                             5                   0.988               7                   3.57                1.96                3.30                6672633.00          0                   0.037               0                   0                   68504.00            23.716615           120.429306          F 
192                             5                   0.988               7                   3.57                1.96                3.30                6672633.00          0                   0.0033              0                   0                   6188.00             23.440776           120.759617          F 
198                             5                   0.988               7                   3.57                1.96                3.30                6672633.00          0                   0.019               0                   0                   35600.00            23.625455           120.611735          F 
246                             5                   0.988               7                   3.57                1.96                3.30                6672633.00          0                   0.0063              0                   0                   11792.00            22.648764           120.529969          F 
247                             5                   0.988               7                   3.57                1.96                3.30                6672633.00          0                   0.059               0                   0                   110745.00           22.592836           120.411147          F 
267                             5                   0.988               7                   3.57                1.96                3.30                6672633.00          0                   0.0026              0                   0                   4846.00             23.224946           120.852338          F 
213                             5                   0.988               7                   3.57                1.96                3.30                6672633.00          0                   0.017               0                   0                   32613.00            23.788171           120.243533          F 
203                             5                   0.988               7                   3.57                1.96                3.30                6672633.00          0                   0.015               0                   0                   28859.00            23.778498           120.333977          F 
279                             5                   0.988               7                   3.57                1.96                3.30                6672633.00          0                   0.082               0                   0                   153118.00           22.551402           120.359261          F 
218                             5                   0.988               7                   3.57                1.96                3.30                6672633.00          0                   0.033               0                   0                   60867.00            22.651169           120.588822          F 
238                             5                   0.988               7                   3.57                1.96                3.30                6672633.00          0                   0.029               0                   0                   54495.00            22.588495           120.476619          F 
204                             5                   0.988               7                   3.57                1.96                3.30                6672633.00          0                   0.056               0                   0                   103910.00           23.706519           120.560004          F 
194                             5                   0.988               7                   3.57                1.96                3.30                6672633.00          0                   0.017               0                   0                   31700.00            23.792552           120.396460          F 
237                             5                   0.988               7                   3.57                1.96                3.30                6672633.00          0                   0.010               0                   0                   18943.00            22.588556           120.526638          F 
212                             5                   0.988               7                   3.57                1.96                3.30                6672633.00          0                   0.027               0                   0                   50005.00            23.779421           120.458079          F 
236                             5                   0.988               7                   3.57                1.96                3.30                6672633.00          0                   0.0046              0                   0                   8591.00             22.671078           120.679924          F 
209                             5                   0.988               7                   3.57                1.96                3.30                6672633.00          0                   0.017               0                   0                   31516.00            23.769739           120.529042          F 
284                             5                   0.988               7                   3.57                1.96                3.30                6672633.00          2                   0.038               52.79               63.14               70752.00            22.508137           120.399052          F 
