5.272532            
3.157717            
5.788185            
3.077236            
7.030466            
4.275311            
4.595074            
3.840744            
3.416260            
4.742606            
5.127868            
6.589491            
7.666463            
3.139462            
5.412087            
5.196604            
4.115910            
4.877220            
5.278526            
1.605006            
6.229981            
3.392519            
3.800230            
3.389524            
6.159719            
2.469618            
7.691548            
4.736806            
3.450557            
6.973901            
9.004684            
6.898133            
2.714751            
4.728519            
3.637234            
7.937899            
3.966360            
7.978807            
3.794254            
5.959485            
3.850385            
4.295856            
4.178951            
2.704438            
6.615134            
4.989719            
3.390560            
5.678158            
5.478262            
2.602065            
5.315569            
3.289540            
5.020178            
3.870806            
4.640673            
2.596224            
3.832560            
2.380089            
4.995507            
5.049752            
4.686133            
6.182653            
5.836954            
3.556772            
3.552440            
4.642669            
6.511833            
4.524684            
4.253979            
4.646071            
3.802459            
6.190837            
5.862075            
3.040780            
7.242187            
4.598714            
10.353464           
3.946415            
2.848659            
4.404921            
2.295277            
3.439429            
7.251216            
5.629526            
4.065537            
3.772342            
4.665692            
4.130395            
5.709268            
4.902321            
6.625619            
3.575747            
7.547353            
3.966360            
3.618287            
4.335842            
5.605699            
4.494224            
3.855684            
3.434943            
4.353767            
5.481548            
4.494224            
3.317172            
6.653166            
2.742374            
3.884920            
5.839416            
3.675795            
4.043778            
2.892843            
3.637705            
5.389345            
5.943834            
3.430979            
4.553316            
3.360795            
4.528197            
3.276412            
6.798721            
7.292110            
3.025557            
4.788981            
5.883591            
4.819634            
5.637704            
4.562306            
7.623874            
3.400373            
4.208529            
8.394023            
4.540065            
2.544128            
5.240378            
6.624690            
5.260113            
4.127802            
2.588988            
3.528119            
4.520488            
4.359784            
3.650870            
3.434709            
3.788625            
4.556100            
4.437853            
2.514490            
4.005157            
5.866191            
6.182454            
5.915149            
6.237115            
2.593300            
5.191001            
7.026254            
4.741367            
5.293238            
5.617520            
5.309011            
5.099156            
6.593912            
7.160397            
2.556403            
5.916896            
7.910505            
4.400279            
3.533495            
5.731303            
5.009476            
3.862830            
4.721646            
7.026254            
7.109835            
5.129023            
3.005328            
4.646645            
4.520488            
6.975494            
2.751584            
5.208432            
3.390697            
4.007510            
4.356460            
3.071513            
4.356460            
5.219658            
6.409711            
5.812884            
3.196879            
2.058710            
5.551724            
6.021079            
4.861091            
6.192323            
3.836283            
4.835472            
8.984896            
5.262748            
4.842879            
4.899282            
3.819526            
6.483185            
6.582251            
3.889857            
5.836954            
7.323696            
5.634747            
5.398478            
4.313024            
3.383227            
5.956733            
8.353814            
3.189757            
7.376951            
5.816079            
5.811382            
3.378810            
6.919299            
4.640673            
5.758854            
5.901788            
3.468704            
4.433134            
3.417218            
4.826976            
4.890061            
5.639347            
3.614354            
3.077236            
4.094291            
3.426953            
3.992298            
4.620663            
6.211061            
4.340530            
4.555675            
6.309266            
9.062964            
5.690321            
3.432758            
4.500108            
7.992075            
8.044243            
4.266801            
3.158490            
3.466677            
3.266429            
3.089651            
3.336476            
2.953203            
6.882641            
3.278593            
4.451446            
3.832273            
3.889857            
6.660610            
3.830636            
3.652857            
5.799596            
6.143093            
3.158190            
8.383038            
8.507519            
6.100541            
4.096694            
3.422630            
4.232382            
3.434925            
3.425152            
4.195451            
6.911843            
4.136501            
5.784294            
4.560739            
4.680370            
5.332210            
3.016344            
5.706911            
6.503833            
3.345792            
2.316144            
5.820717            
4.519264            
5.421239            
4.935050            
1.767289            
3.576953            
4.115910            
4.058838            
6.700474            
4.328394            
4.766783            
6.807739            
4.216614            
1.721201            
3.511862            
5.468402            
9.002134            
4.254550            
5.315391            
6.739869            
4.337411            
3.266429            
3.703604            
2.749947            
9.302482            
4.917830            
10.522243           
2.545008            
5.011927            
8.271693            
7.161397            
4.904594            
10.592609           
5.402554            
4.062427            
6.153269            
2.866811            
3.123728            
5.448997            
3.287087            
4.969091            
7.552396            
4.472332            
4.973157            
3.122166            
4.541575            
2.892843            
2.329700            
2.806245            
5.943172            
3.278593            
4.831783            
2.469618            
3.512689            
3.956361            
4.359784            
3.877071            
3.959120            
2.469618            
5.425557            
4.270218            
4.738935            
2.944493            
4.940731            
3.907557            
3.180759            
6.221296            
3.417495            
4.682058            
2.840253            
5.785775            
4.328394            
4.627795            
4.991315            
4.724053            
1.937555            
5.313242            
3.158490            
3.868806            
4.187212            
5.294093            
5.129023            
1.836873            
3.884920            
6.353241            
3.671251            
5.722472            
5.381782            
6.150432            
4.877220            
5.011927            
4.793368            
4.640673            
5.929887            
10.286201           
3.590550            
4.804821            
4.571275            
5.087119            
4.700074            
6.463448            
6.142869            
4.539561            
8.616072            
5.930979            
10.487908           
5.227492            
5.785775            
6.176126            
3.490411            
4.826976            
5.247161            
6.715040            
4.226301            
1.964958            
4.924593            
3.225509            
4.620663            
3.804279            
4.536396            
4.992399            
3.582018            
4.441136            
3.829095            
4.122300            
3.016344            
7.913942            
2.838369            
2.599142            
9.233283            
2.421296            
4.692343            
2.573788            
5.480738            
6.559320            
3.652725            
4.171473            
5.247161            
4.904820            
4.431983            
4.770748            
5.387116            
6.484347            
4.312239            
3.014194            
4.729147            
2.988096            
6.429193            
4.231824            
7.106914            
6.474412            
3.496738            
6.447643            
3.956337            
6.074124            
5.691423            
3.827012            
6.354695            
3.776344            
3.077236            
5.018193            
6.518026            
4.428141            
5.624298            
8.209625            
4.394203            
9.412484            
4.505952            
3.093148            
4.549841            
3.888361            
4.105328            
6.099904            
4.257495            
3.419260            
5.594575            
4.633834            
4.613580            
4.294357            
5.799596            
4.449821            
3.597923            
8.021041            
1.589161            
7.675023            
5.735718            
4.133747            
3.834154            
2.827242            
3.269068            
6.156689            
4.620500            
3.301779            
3.746109            
3.661715            
4.793368            
5.256496            
4.912538            
4.625410            
5.873157            
4.178951            
5.120692            
3.647093            
5.480738            
6.687434            
4.540581            
11.433049           
5.109190            
2.860737            
5.284613            
4.163010            
4.312854            
3.215816            
5.619282            
5.193308            
4.699332            
4.583331            
9.133733            
3.320976            
6.219677            
4.598714            
2.397556            
3.416471            
3.767071            
9.156300            
6.287055            
3.439429            
5.008644            
5.040044            
5.964289            
7.292971            
3.005670            
8.288794            
3.120380            
3.193709            
4.210868            
3.761991            
5.717582            
3.419260            
4.788981            
3.988804            
4.558642            
2.720084            
4.600819            
5.473183            
5.218252            
3.378810            
3.528119            
3.426953            
3.894565            
4.630376            
4.082237            
5.294093            
5.023311            
5.684280            
3.798295            
6.036679            
7.323696            
5.611759            
3.709208            
3.482146            
2.283576            
3.299291            
3.278593            
5.705710            
3.256317            
3.780817            
5.706231            
8.170492            
6.968929            
8.696848            
7.188308            
4.210337            
3.540218            
3.326848            
5.679203            
6.204080            
4.906650            
3.956361            
4.386899            
4.973157            
3.181112            
5.379031            
3.598991            
4.615138            
6.499449            
3.544430            
4.027483            
5.058738            
5.621571            
6.122354            
7.023951            
2.704801            
5.422860            
5.373835            
3.669208            
4.559244            
3.451259            
4.821420            
4.580504            
5.319303            
5.175441            
3.047176            
4.940731            
4.717253            
5.016665            
2.950510            
4.367528            
4.405987            
6.356439            
4.131184            
4.038823            
7.469193            
4.239166            
4.692343            
5.551724            
4.786934            
4.833747            
3.003926            
5.313242            
3.162209            
4.380409            
6.225243            
7.673939            
7.024501            
5.479043            
5.921043            
5.583280            
8.173229            
4.264096            
3.455636            
4.360186            
7.284522            
4.305360            
7.747272            
4.790612            
2.339458            
2.556403            
6.482886            
4.784263            
3.092225            
4.018970            
3.232650            
4.591401            
4.977135            
7.675511            
3.896418            
3.387730            
2.743194            
2.499246            
7.133267            
5.486687            
6.058905            
3.417218            
2.346943            
4.693785            
4.786934            
5.878349            
5.859605            
6.099904            
4.940731            
3.218157            
3.928056            
4.131738            
2.788342            
2.737689            
4.591401            
4.177966            
4.762119            
3.528201            
6.809603            
3.510762            
6.632717            
4.078314            
4.129928            
8.328160            
4.964081            
4.354732            
3.657886            
4.904594            
4.639084            
4.477310            
4.657947            
3.968124            
3.558526            
4.745978            
5.314569            
4.960174            
5.216441            
6.546586            
5.597269            
5.193783            
4.826976            
4.036755            
5.005643            
4.064641            
6.873096            
6.453001            
5.107429            
5.259691            
6.328875            
3.777687            
4.138155            
4.520488            
4.707325            
4.115294            
1.964438            
4.391841            
2.699439            
10.608329           
2.831874            
5.854670            
3.866095            
4.225113            
6.706396            
5.152329            
6.212612            
4.520488            
4.326389            
5.397646            
5.565842            
12.326060           
7.154294            
4.839379            
5.165215            
6.045194            
2.327138            
5.072228            
6.438929            
4.226223            
1.869128            
2.321128            
5.399139            
4.232382            
5.541974            
4.094291            
2.973300            
8.763798            
3.954164            
4.930659            
4.721253            
3.681474            
4.686174            
3.583789            
4.665621            
6.812067            
3.884920            
8.207407            
8.175294            
7.569131            
3.621714            
8.538388            
5.024456            
3.309213            
4.930212            
3.529156            
5.472522            
6.063140            
5.914088            
6.965854            
6.208975            
5.268875            
5.081862            
4.159309            
4.870376            
4.546925            
5.048119            
6.225243            
4.163581            
4.973157            
7.719748            
2.800207            
4.886293            
4.831783            
4.491839            
5.620976            
4.737260            
5.229771            
3.242668            
3.918954            
8.070274            
3.513707            
2.973300            
4.018970            
2.041418            
6.752944            
3.046906            
4.635197            
8.052297            
4.121469            
9.814339            
3.934546            
3.644430            
6.213824            
4.713710            
3.924097            
3.478326            
2.847313            
6.727528            
3.961069            
11.955918           
5.934327            
4.622818            
4.497879            
4.529206            
4.232382            
4.499565            
5.735718            
2.220037            
3.157717            
3.250413            
3.074802            
11.874960           
3.445175            
4.053894            
4.680370            
4.456798            
3.751803            
4.811092            
5.459126            
6.279368            
5.586157            
5.063030            
4.573174            
3.884041            
12.359789           
3.158190            
2.674558            
5.260342            
3.966360            
3.725816            
4.174746            
4.352881            
2.429579            
3.264859            
2.573788            
5.212338            
3.956361            
5.227492            
4.164176            
3.870806            
3.888874            
3.182024            
7.034272            
3.434943            
5.209850            
5.422328            
8.308382            
3.393048            
6.174463            
2.757024            
4.253753            
3.089651            
2.841611            
5.196542            
3.704605            
5.482692            
5.260342            
7.911942            
6.344013            
7.096886            
4.604701            
3.496006            
4.243389            
3.236301            
4.795389            
5.538860            
3.840744            
3.737997            
5.381700            
3.400086            
4.980278            
4.305360            
2.096979            
4.747107            
10.729135           
5.406673            
4.266801            
4.598687            
3.088241            
7.428013            
3.854055            
4.981306            
5.248349            
4.367897            
4.825512            
4.151543            
3.258206            
4.905964            
3.933343            
7.486950            
3.942026            
6.780178            
3.503629            
8.107464            
3.653250            
2.235425            
5.264932            
4.038823            
4.351359            
5.405858            
4.044700            
11.197935           
3.115458            
4.149552            
5.079626            
4.363271            
3.617837            
6.109143            
3.650870            
5.089217            
4.494224            
3.914661            
5.829732            
2.550428            
5.109190            
5.065615            
7.420663            
3.289801            
5.565842            
2.545008            
4.998490            
3.255317            
4.721646            
5.799363            
5.471146            
4.354732            
2.701007            
4.905964            
3.295486            
2.868711            
8.986724            
4.081629            
6.136254            
6.067149            
6.088041            
4.867496            
9.748023            
5.033750            
4.709365            
5.384162            
3.967158            
4.218810            
7.879788            
6.888778            
9.236170            
4.227905            
3.228534            
3.612100            
3.614354            
6.353413            
5.939654            
3.300441            
4.706140            
3.185479            
4.826976            
4.277236            
4.176380            
5.674528            
4.382440            
4.087699            
4.733966            
3.467298            
4.875635            
5.074875            
2.772591            
6.435708            
4.336562            
7.238514            
4.768036            
6.053288            
3.490821            
5.709268            
5.417839            
4.018630            
3.415928            
3.834154            
5.583280            
6.253134            
6.118808            
7.060836            
5.173639            
7.776442            
3.804279            
4.094291            
2.822333            
3.663524            
7.247009            
3.803738            
4.612790            
6.429193            
6.050124            
5.883591            
5.519434            
3.293218            
4.816401            
3.949832            
4.735181            
3.933878            
3.851441            
4.077885            
3.411103            
3.077236            
3.840744            
3.647093            
4.537556            
4.136501            
4.296216            
5.399139            
2.564367            
6.204521            
5.327458            
3.014995            
4.907520            
7.327731            
4.480277            
7.605542            
6.636088            
