5.002907            
4.903368            
4.191000            
6.525466            
5.597540            
3.358893            
4.876673            
4.437324            
5.763714            
7.442733            
3.734800            
4.682724            
4.783569            
4.947071            
8.969749            
4.710662            
4.974200            
3.888489            
4.809636            
5.278712            
4.755127            
3.950859            
5.359922            
2.838764            
6.001033            
4.333870            
11.679258           
5.037221            
5.266388            
5.588434            
5.505896            
3.018171            
6.905484            
5.096614            
6.927472            
5.081853            
7.940263            
7.486914            
7.162822            
4.925052            
6.150717            
4.066622            
3.872623            
6.083848            
3.766443            
4.344957            
4.967214            
4.908323            
6.452323            
6.793005            
4.243439            
4.575755            
5.928281            
3.626667            
4.630507            
6.097484            
4.030417            
3.780715            
3.422047            
4.469817            
7.233041            
3.516285            
3.926439            
4.857097            
4.390665            
8.977847            
5.004621            
5.400237            
3.919785            
6.247453            
4.092547            
2.977585            
4.165193            
7.486746            
4.231470            
4.199180            
4.164382            
4.231405            
5.233594            
6.230341            
7.526707            
7.449726            
5.094974            
4.839087            
4.970116            
6.305634            
7.046902            
4.702642            
4.545119            
4.746366            
6.475710            
5.968098            
5.389304            
5.299432            
4.337024            
4.502242            
4.464959            
5.484751            
3.786012            
4.016765            
4.086984            
3.591332            
7.561099            
6.826218            
5.850878            
3.366770            
4.729194            
7.838705            
6.823934            
5.334735            
4.548598            
5.954532            
6.526591            
6.186179            
3.663817            
3.354658            
5.136031            
7.150516            
6.710437            
3.689096            
5.544193            
4.520274            
4.806053            
6.116745            
4.360087            
4.926438            
4.514928            
6.340549            
3.654026            
3.626667            
3.791431            
4.643756            
3.957923            
5.751560            
3.992051            
4.391125            
2.951441            
5.046837            
4.102569            
4.108454            
5.708397            
4.008591            
3.515222            
6.030692            
4.459259            
5.367362            
5.642935            
3.662209            
4.973883            
7.371248            
6.658390            
6.889610            
4.329738            
4.711952            
5.978659            
5.277564            
8.098186            
4.695191            
5.014103            
5.632511            
4.726551            
4.281355            
5.775746            
4.724475            
4.566427            
5.004850            
6.576406            
6.716755            
7.146348            
5.045276            
6.019031            
4.243803            
6.670717            
5.449683            
5.728214            
7.118748            
5.883782            
4.102908            
3.328301            
6.548286            
5.135401            
6.233261            
5.659274            
5.431785            
5.166215            
4.695479            
6.319407            
4.959456            
3.606175            
4.574265            
4.250219            
6.074582            
3.267707            
5.912876            
4.528218            
3.218295            
3.943882            
5.737017            
5.241726            
5.214972            
4.424762            
6.058196            
5.185471            
3.702811            
5.328226            
4.492959            
3.647840            
5.663949            
7.012719            
5.592449            
7.497972            
4.287419            
6.319271            
5.271115            
7.469500            
4.390665            
5.910117            
4.143724            
2.857290            
9.048363            
7.707124            
6.615745            
5.417927            
7.291912            
6.431088            
8.040563            
6.174213            
6.106870            
4.714359            
4.005056            
5.369457            
3.898572            
4.042368            
3.881380            
4.253942            
3.022302            
4.872397            
4.413653            
5.847813            
6.335869            
7.089418            
4.440663            
5.434184            
4.963944            
4.845171            
3.426437            
4.927939            
3.758505            
4.440487            
4.925806            
7.162105            
6.416303            
5.389362            
6.044596            
5.453385            
4.782954            
5.448377            
4.006096            
3.701440            
5.000274            
7.730365            
3.278226            
5.621387            
3.331692            
4.393397            
5.170926            
4.388331            
5.921033            
6.286665            
4.734671            
3.733291            
3.134396            
4.963309            
6.847920            
5.452766            
7.342515            
4.599410            
5.312814            
5.741892            
4.530198            
5.060863            
5.347966            
5.212151            
6.355437            
6.480509            
3.288413            
4.332972            
3.355849            
3.933324            
5.550501            
5.284409            
5.755145            
5.464142            
6.403711            
8.049737            
6.536813            
6.799050            
6.150319            
4.548558            
4.594693            
3.433628            
3.892983            
4.294838            
8.048624            
5.610660            
3.582603            
5.163388            
4.747945            
6.440105            
3.918129            
6.316723            
3.267640            
3.658152            
3.176208            
6.415261            
7.725248            
7.267228            
6.514736            
5.711432            
6.962856            
3.622450            
4.556426            
4.963309            
4.684205            
3.514522            
3.988424            
3.662718            
5.306078            
4.069770            
5.274282            
6.058196            
5.059738            
4.602351            
4.900117            
5.467070            
4.668924            
5.930359            
4.892495            
3.801754            
7.922225            
6.670698            
6.815220            
6.853226            
4.601364            
6.045876            
7.219672            
2.890381            
4.940259            
6.723620            
5.263993            
5.113885            
5.583599            
5.448202            
6.226161            
6.392518            
7.418160            
6.940431            
4.548617            
5.792193            
5.182481            
5.143225            
5.188479            
4.441105            
5.664059            
3.887973            
4.102516            
3.906866            
8.658109            
4.642302            
3.321603            
6.802413            
4.866623            
5.719544            
3.740874            
6.156957            
7.575886            
5.008689            
5.407934            
4.423587            
5.629080            
7.247120            
6.541202            
5.276610            
5.581391            
4.391278            
8.487552            
5.531803            
4.473605            
8.139717            
3.958390            
4.499540            
4.934372            
4.596358            
6.926738            
6.669544            
6.676924            
4.995356            
6.027144            
5.600856            
4.653439            
5.894907            
5.407489            
4.070586            
6.505419            
3.490312            
5.064098            
5.874678            
4.360409            
6.038907            
9.157064            
7.483138            
4.455153            
5.572561            
5.448366            
7.370791            
6.390426            
4.440487            
4.604797            
5.286901            
6.594897            
6.063554            
3.658152            
4.687579            
5.274391            
2.566463            
5.272804            
3.882482            
4.438614            
6.183196            
6.885129            
5.728466            
4.938077            
3.828184            
6.196827            
7.459899            
4.793264            
4.753848            
3.052638            
4.394188            
5.452766            
4.351452            
4.518739            
5.576999            
6.605334            
3.917284            
4.004841            
4.866623            
5.924133            
8.485033            
3.800400            
3.916477            
5.684392            
5.345796            
5.428362            
5.883783            
4.643756            
7.931943            
4.785933            
6.326261            
6.953798            
6.601465            
3.193976            
7.517357            
8.311543            
3.327218            
5.908026            
9.039541            
6.831797            
5.333044            
5.075263            
6.116456            
5.020278            
7.712444            
6.758478            
7.537542            
9.740795            
5.504838            
3.908253            
3.331692            
6.446232            
3.447772            
5.131374            
7.497707            
4.715638            
9.449267            
6.873030            
5.597540            
4.900427            
5.132218            
6.224951            
5.424239            
6.789010            
4.968209            
7.093084            
5.585425            
3.694567            
4.681494            
5.192797            
4.548203            
5.424239            
6.988012            
3.923927            
5.338144            
3.452863            
9.185632            
6.771727            
5.771787            
4.072159            
4.934372            
7.885283            
4.363032            
7.906894            
6.253021            
4.829620            
6.408056            
4.028529            
6.576406            
5.902466            
8.953628            
4.477931            
3.980175            
5.451578            
3.038765            
8.139977            
5.894907            
4.530382            
5.318961            
4.644477            
6.271278            
5.723304            
3.422047            
3.798933            
5.355614            
5.468348            
5.706185            
4.202267            
5.378328            
4.140287            
5.094629            
4.315709            
4.535172            
5.003102            
5.047571            
5.913372            
5.051324            
3.530260            
5.654078            
9.000851            
4.390665            
5.256374            
5.663949            
4.507331            
5.654078            
4.503618            
3.279996            
7.285173            
3.992051            
3.992110            
4.953133            
5.522141            
3.572613            
4.707644            
7.778899            
4.686319            
3.646717            
3.855449            
4.821992            
4.644832            
6.007182            
4.642302            
5.560438            
3.714734            
9.903267            
8.017055            
6.229795            
3.988077            
5.440911            
4.094988            
5.082444            
5.409340            
3.026310            
6.557651            
8.758714            
4.113896            
6.502094            
3.751152            
4.197927            
4.953197            
4.477931            
4.853143            
5.037221            
4.210929            
4.057116            
4.924038            
5.660926            
4.369850            
5.998751            
6.080542            
7.467521            
5.932934            
3.554665            
6.743762            
5.551607            
5.212194            
5.614911            
6.114133            
5.928281            
7.526160            
7.292471            
4.981589            
4.531492            
3.334469            
5.695975            
3.791458            
5.546328            
5.783291            
5.619720            
5.524864            
6.558664            
5.150326            
5.050661            
6.048515            
4.543793            
4.392368            
3.976343            
3.848209            
5.901187            
4.049402            
3.257086            
5.546328            
3.848209            
6.155077            
5.754374            
2.972431            
4.130327            
7.166081            
6.154459            
4.232814            
3.138289            
3.166653            
6.300555            
8.557446            
6.079040            
5.296046            
5.167707            
7.007035            
3.647890            
4.748171            
3.764547            
4.693379            
4.721594            
6.725877            
5.021264            
4.135948            
5.706185            
4.813538            
4.546310            
5.676196            
3.542891            
5.431785            
5.079841            
5.894907            
4.761972            
4.283807            
2.959654            
8.532442            
6.329488            
4.721636            
4.725118            
3.544405            
9.611818            
3.770120            
6.262180            
3.418565            
5.047021            
6.731213            
3.623236            
7.294047            
4.033573            
9.806464            
7.008818            
3.673707            
7.683168            
6.631776            
5.778119            
5.743745            
5.783845            
4.612199            
4.644333            
7.293542            
4.751283            
5.490773            
3.983158            
4.411961            
7.080636            
4.113281            
5.714305            
3.693385            
3.856522            
5.336399            
5.383904            
3.813512            
5.524632            
5.650343            
4.573712            
4.094152            
4.913959            
5.654420            
4.179630            
2.792255            
4.642789            
4.635770            
6.856871            
6.132267            
5.204993            
4.070925            
4.241747            
3.550858            
3.830311            
7.963159            
6.505365            
6.487948            
4.379833            
8.058656            
4.268338            
5.923237            
8.274015            
5.823099            
4.313786            
6.169269            
5.020004            
4.785933            
7.150341            
5.567171            
8.185595            
6.904178            
4.391125            
14.551790           
5.428392            
4.242573            
3.206526            
5.181444            
4.752326            
8.075716            
3.959905            
5.187572            
4.321122            
6.088952            
4.359646            
5.275992            
4.741694            
6.893850            
5.545380            
4.775261            
4.953197            
4.292196            
5.328038            
5.389673            
4.585863            
5.592166            
5.902482            
4.277496            
6.760381            
5.681941            
4.955339            
3.744104            
4.979045            
7.224587            
5.838711            
6.691508            
6.557357            
5.389673            
5.449683            
4.726551            
5.488164            
6.211194            
5.593237            
5.631469            
4.146732            
5.436135            
6.040486            
6.316214            
6.726139            
9.376747            
3.954814            
4.231961            
5.525808            
5.660454            
3.346425            
4.283657            
4.702112            
5.225287            
5.026702            
4.994876            
5.083393            
5.363513            
3.631626            
5.085370            
5.574973            
7.544376            
5.188479            
4.483302            
4.616066            
6.273707            
6.233680            
4.853399            
5.492988            
8.986379            
5.535890            
4.335813            
7.730190            
7.340818            
4.360511            
3.269026            
6.280016            
5.222307            
4.014184            
5.883783            
4.744078            
5.769077            
7.163263            
4.686115            
3.599414            
4.181591            
5.164961            
4.207822            
8.987651            
4.775261            
3.463916            
5.503941            
5.737670            
5.998751            
4.970116            
4.672210            
5.079017            
4.963109            
8.194925            
7.095272            
6.396725            
5.329333            
5.524438            
2.934340            
6.524533            
6.560529            
7.064319            
8.471721            
4.637267            
6.501232            
5.701165            
5.396748            
5.388850            
5.702016            
7.380057            
4.691422            
5.248567            
7.479892            
5.763052            
4.109531            
5.143225            
3.610529            
5.136775            
9.792134            
3.885168            
7.095489            
2.853205            
7.565592            
4.685732            
4.477453            
6.247453            
5.097702            
6.762402            
3.506019            
4.403690            
4.085090            
4.336498            
4.410421            
5.152808            
2.820534            
4.359356            
4.199180            
5.003102            
5.854504            
5.334512            
4.674258            
5.000086            
3.802010            
5.280654            
4.907564            
4.646426            
6.273707            
9.297811            
6.237898            
4.432154            
5.047555            
5.924878            
3.885029            
7.779720            
4.897316            
5.359301            
5.436182            
5.079841            
4.771174            
5.214972            
5.752813            
5.054923            
5.588995            
5.203520            
5.492988            
4.702642            
5.024209            
3.341096            
4.430880            
4.232814            
7.012706            
5.093118            
5.757439            
5.728214            
5.543689            
4.746599            
4.812809            
3.679513            
7.109174            
4.287419            
5.802562            
7.440507            
5.362732            
4.881906            
4.304941            
3.971546            
3.251065            
4.816899            
5.437829            
4.054374            
5.942330            
5.148251            
6.131522            
5.388356            
5.350331            
3.705593            
4.311679            
6.672847            
4.043954            
8.597074            
5.930359            
6.014659            
3.877993            
6.591791            
3.827488            
6.137723            
3.627537            
5.150309            
3.398394            
5.791803            
8.710407            
4.450117            
4.311001            
5.329333            
4.614433            
4.712758            
4.882934            
4.379833            
7.466689            
3.531901            
4.821992            
4.222388            
5.415103            
4.182240            
4.346824            
3.776671            
5.886154            
5.610191            
2.746289            
4.017102            
5.093256            
3.772469            
4.359855            
5.433292            
5.680550            
5.619720            
4.346864            
6.118113            
3.309877            
4.350948            
3.854726            
5.654078            
2.984732            
3.753664            
5.472889            
4.612953            
5.021523            
5.267612            
7.534520            
4.113281            
5.732814            
5.004850            
4.024637            
7.699414            
5.517900            
4.358405            
