260                             1                   1e-17               99                  15.46               6.40                28.69               2907028.00          5                   0.096               52.02               54.18               18069.00            22.779445           120.239457          T 
261                             1                   1e-17               99                  15.46               6.40                28.69               2907028.00          17                  0.19                91.86               106.43              34792.00            22.748209           120.259399          T 
259                             1                   1e-17               99                  15.46               6.40                28.69               2907028.00          3                   0.074               40.80               41.80               13823.00            22.822246           120.228051          T 
281                             1                   1e-17               99                  15.46               6.40                28.69               2907028.00          3                   0.51                5.93                6.05                95176.00            22.805059           120.297891          T 
252                             1                   1e-17               99                  15.46               6.40                28.69               2907028.00          0                   0.23                0                   0                   42671.00            22.752524           120.300653          T 
272                             1                   1e-17               99                  15.46               6.40                28.69               2907028.00          24                  1.03                23.21               28.59               194404.00           22.721100           120.300758          T 
256                             1                   1e-17               99                  15.46               6.40                28.69               2907028.00          1                   0.26                3.78                3.80                49715.00            22.857242           120.265987          T 
271                             1                   1e-17               99                  15.46               6.40                28.69               2907028.00          3                   1.05                2.85                2.90                197784.00           22.683957           120.295159          T 
258                             1                   1e-17               99                  15.46               6.40                28.69               2907028.00          1                   0.15                6.49                6.54                28959.00            22.882414           120.198052          T 
257                             1                   1e-17               99                  15.46               6.40                28.69               2907028.00          3                   0.16                19.19               19.64               29396.00            22.893250           120.225937          T 
255                             1                   1e-17               99                  15.46               6.40                28.69               2907028.00          0                   0.14                0                   0                   27131.00            22.870229           120.321097          T 
253                             1                   1e-17               99                  15.46               6.40                28.69               2907028.00          3                   0.15                19.74               20.21               28576.00            22.787696           120.370799          T 
250                             1                   1e-17               99                  15.46               6.40                28.69               2907028.00          2                   0.53                3.80                3.85                98956.00            22.739835           120.370799          T 
270                             1                   1e-17               99                  15.46               6.40                28.69               2907028.00          5                   0.75                6.65                6.89                141277.00           22.650195           120.274163          T 
249                             1                   1e-17               99                  15.46               6.40                28.69               2907028.00          1                   0.18                5.57                5.61                33754.00            22.701208           120.360526          T 
273                             1                   1e-17               99                  15.46               6.40                28.69               2907028.00          0                   1.76                0                   0                   330287.00           22.649899           120.317919          T 
269                             1                   1e-17               99                  15.46               6.40                28.69               2907028.00          0                   0.12                0                   0                   22275.00            22.624246           120.284233          T 
275                             1                   1e-17               99                  15.46               6.40                28.69               2907028.00          0                   0.14                0                   0                   27199.00            22.626991           120.294422          T 
140                             1                   1e-17               99                  15.46               6.40                28.69               2907028.00          2                   0.41                4.85                4.91                77574.00            22.941309           120.241879          T 
274                             1                   1e-17               99                  15.46               6.40                28.69               2907028.00          0                   0.26                0                   0                   49573.00            22.629929           120.306734          T 
254                             1                   1e-17               99                  15.46               6.40                28.69               2907028.00          0                   0.034               0                   0                   6298.00             22.863943           120.395984          T 
251                             1                   1e-17               99                  15.46               6.40                28.69               2907028.00          1                   0.24                4.25                4.28                44233.00            22.662493           120.372778          T 
276                             1                   1e-17               99                  15.46               6.40                28.69               2907028.00          0                   0.87                0                   0                   163295.00           22.623594           120.320910          T 
165                             1                   1e-17               99                  15.46               6.40                28.69               2907028.00          1                   0.37                2.69                2.71                69818.00            22.946795           120.293063          T 
146                             1                   1e-17               99                  15.46               6.40                28.69               2907028.00          4                   0.64                6.25                6.43                120323.00           22.955619           120.190374          T 
248                             1                   1e-17               99                  15.46               6.40                28.69               2907028.00          5                   0.21                23.40               24.35               40163.00            22.711004           120.425407          T 
170                             1                   1e-17               99                  15.46               6.40                28.69               2907028.00          0                   0.18                0                   0                   33048.00            22.955779           120.334282          T 
280                             1                   1e-17               99                  15.46               6.40                28.69               2907028.00          3                   1.89                1.59                1.60                355175.00           22.613793           120.355436          T 
277                             1                   1e-17               99                  15.46               6.40                28.69               2907028.00          7                   1.08                6.45                6.78                203877.00           22.585656           120.289154          T 
161                             1                   1e-17               99                  15.46               6.40                28.69               2907028.00          1                   0.97                1.03                1.03                181962.00           22.981782           120.228186          T 
139                             1                   1e-17               99                  15.46               6.40                28.69               2907028.00          0                   0.41                0                   0                   77124.00            22.995945           120.192874          T 
152                             1                   1e-17               99                  15.46               6.40                28.69               2907028.00          4                   0.37                10.69               11.02               70321.00            22.990084           120.164995          T 
