226                             1                   1e-17               493                 107.06              4.60                16.53               3828681.00          2                   1.28                1.56                1.56                45908.00            22.462656           120.475133          F 
229                             1                   1e-17               493                 107.06              4.60                16.53               3828681.00          2                   0.47                4.27                4.28                16762.00            22.441421           120.512509          F 
219                             1                   1e-17               493                 107.06              4.60                16.53               3828681.00          0                   0.27                0                   0                   9698.00             22.479807           120.518056          F 
221                             1                   1e-17               493                 107.06              4.60                16.53               3828681.00          1                   0.42                2.36                2.36                15168.00            22.515282           120.500660          F 
223                             1                   1e-17               493                 107.06              4.60                16.53               3828681.00          2                   0.93                2.16                2.16                33091.00            22.517190           120.450143          F 
216                             1                   1e-17               493                 107.06              4.60                16.53               3828681.00          1                   0.51                1.98                1.98                18095.00            22.429806           120.547612          F 
284                             1                   1e-17               493                 107.06              4.60                16.53               3828681.00          13                  1.91                6.79                6.91                68429.00            22.508137           120.399052          F 
224                             1                   1e-17               493                 107.06              4.60                16.53               3828681.00          1                   0.27                3.72                3.72                9623.00             22.486763           120.584626          F 
232                             1                   1e-17               493                 107.06              4.60                16.53               3828681.00          3                   1.49                2.02                2.02                53124.00            22.536429           120.556806          F 
238                             1                   1e-17               493                 107.06              4.60                16.53               3828681.00          1                   1.38                0.72                0.72                49457.00            22.588495           120.476619          F 
227                             1                   1e-17               493                 107.06              4.60                16.53               3828681.00          4                   0.64                6.23                6.26                22969.00            22.403342           120.597584          F 
237                             1                   1e-17               493                 107.06              4.60                16.53               3828681.00          1                   0.45                2.22                2.23                16073.00            22.588556           120.526638          F 
279                             1                   1e-17               493                 107.06              4.60                16.53               3828681.00          5                   4.33                1.15                1.16                154808.00           22.551402           120.359261          F 
247                             1                   1e-17               493                 107.06              4.60                16.53               3828681.00          4                   3.12                1.28                1.28                111514.00           22.592836           120.411147          F 
235                             1                   1e-17               493                 107.06              4.60                16.53               3828681.00          0                   0.34                0                   0                   12216.00            22.340003           120.371047          F 
239                             1                   1e-17               493                 107.06              4.60                16.53               3828681.00          1                   0.54                1.84                1.84                19478.00            22.582335           120.601817          F 
280                             1                   1e-17               493                 107.06              4.60                16.53               3828681.00          27                  9.96                2.71                2.79                356016.00           22.613793           120.355436          F 
246                             1                   1e-17               493                 107.06              4.60                16.53               3828681.00          0                   0.30                0                   0                   10592.00            22.648764           120.529969          F 
217                             1                   1e-17               493                 107.06              4.60                16.53               3828681.00          0                   0.21                0                   0                   7423.00             22.501572           120.685723          F 
220                             1                   1e-17               493                 107.06              4.60                16.53               3828681.00          5                   5.42                0.92                0.92                193941.00           22.664738           120.479995          F 
277                             1                   1e-17               493                 107.06              4.60                16.53               3828681.00          24                  5.79                4.15                4.27                206953.00           22.585656           120.289154          F 
225                             1                   1e-17               493                 107.06              4.60                16.53               3828681.00          1                   0.14                7.31                7.32                4889.00             22.403998           120.697580          F 
276                             1                   1e-17               493                 107.06              4.60                16.53               3828681.00          13                  4.55                2.86                2.90                162642.00           22.623594           120.320910          F 
218                             1                   1e-17               493                 107.06              4.60                16.53               3828681.00          0                   1.46                0                   0                   52258.00            22.651169           120.588822          F 
251                             1                   1e-17               493                 107.06              4.60                16.53               3828681.00          8                   1.24                6.48                6.55                44168.00            22.662493           120.372778          F 
274                             1                   1e-17               493                 107.06              4.60                16.53               3828681.00          1                   1.37                0.73                0.73                49068.00            22.629929           120.306734          F 
275                             1                   1e-17               493                 107.06              4.60                16.53               3828681.00          2                   0.74                2.69                2.69                26633.00            22.626991           120.294422          F 
273                             1                   1e-17               493                 107.06              4.60                16.53               3828681.00          18                  9.24                1.95                1.98                330419.00           22.649899           120.317919          F 
269                             1                   1e-17               493                 107.06              4.60                16.53               3828681.00          1                   0.63                1.59                1.59                22481.00            22.624246           120.284233          F 
242                             1                   1e-17               493                 107.06              4.60                16.53               3828681.00          2                   0.81                2.46                2.46                29126.00            22.694550           120.555979          F 
230                             1                   1e-17               493                 107.06              4.60                16.53               3828681.00          1                   0.15                6.70                6.71                5338.00             22.604085           120.691793          F 
248                             1                   1e-17               493                 107.06              4.60                16.53               3828681.00          10                  1.14                8.78                8.90                40732.00            22.711004           120.425407          F 
228                             1                   1e-17               493                 107.06              4.60                16.53               3828681.00          1                   0.14                6.97                6.98                5128.00             22.270870           120.656767          F 
249                             1                   1e-17               493                 107.06              4.60                16.53               3828681.00          10                  0.94                10.62               10.77               33670.00            22.701208           120.360526          F 
270                             1                   1e-17               493                 107.06              4.60                16.53               3828681.00          9                   3.90                2.31                2.32                139590.00           22.650195           120.274163          F 
215                             1                   1e-17               493                 107.06              4.60                16.53               3828681.00          1                   0.61                1.65                1.65                21645.00            22.731668           120.484504          F 
271                             1                   1e-17               493                 107.06              4.60                16.53               3828681.00          57                  5.46                10.44               11.36               195296.00           22.683957           120.295159          F 
236                             1                   1e-17               493                 107.06              4.60                16.53               3828681.00          2                   0.21                9.60                9.62                7454.00             22.671078           120.679924          F 
245                             1                   1e-17               493                 107.06              4.60                16.53               3828681.00          1                   0.68                1.47                1.47                24266.00            22.742536           120.569394          F 
250                             1                   1e-17               493                 107.06              4.60                16.53               3828681.00          4                   2.66                1.50                1.51                95089.00            22.739835           120.370799          F 
272                             1                   1e-17               493                 107.06              4.60                16.53               3828681.00          60                  5.35                11.22               12.27               191313.00           22.721100           120.300758          F 
234                             1                   1e-17               493                 107.06              4.60                16.53               3828681.00          2                   0.14                14.62               14.67               4891.00             22.260849           120.735645          F 
252                             1                   1e-17               493                 107.06              4.60                16.53               3828681.00          8                   1.13                7.07                7.15                40470.00            22.752524           120.300653          F 
241                             1                   1e-17               493                 107.06              4.60                16.53               3828681.00          2                   0.72                2.78                2.79                25685.00            22.798548           120.506128          F 
253                             1                   1e-17               493                 107.06              4.60                16.53               3828681.00          4                   0.81                4.94                4.96                28963.00            22.787696           120.370799          F 
119                             1                   1e-17               493                 107.06              4.60                16.53               3828681.00          0                   0.097               0                   0                   3482.00             22.384307           120.835524          F 
261                             1                   1e-17               493                 107.06              4.60                16.53               3828681.00          19                  0.97                19.50               20.06               34845.00            22.748209           120.259399          F 
244                             1                   1e-17               493                 107.06              4.60                16.53               3828681.00          0                   0.65                0                   0                   23182.00            22.809920           120.601768          F 
120                             1                   1e-17               493                 107.06              4.60                16.53               3828681.00          0                   0.10                0                   0                   3713.00             22.581617           120.857038          F 
281                             1                   1e-17               493                 107.06              4.60                16.53               3828681.00          7                   2.67                2.63                2.64                95349.00            22.805059           120.297891          F 
260                             1                   1e-17               493                 107.06              4.60                16.53               3828681.00          4                   0.52                7.75                7.79                18468.00            22.779445           120.239457          F 
214                             1                   1e-17               493                 107.06              4.60                16.53               3828681.00          2                   0.22                9.18                9.20                7793.00             22.797868           120.686522          F 
110                             1                   1e-17               493                 107.06              4.60                16.53               3828681.00          0                   0.16                0                   0                   5635.00             22.383595           120.899170          F 
282                             1                   1e-17               493                 107.06              4.60                16.53               3828681.00          0                   0.97                0                   0                   34622.00            22.864970           120.475455          F 
254                             1                   1e-17               493                 107.06              4.60                16.53               3828681.00          1                   0.19                5.37                5.38                6655.00             22.863943           120.395984          F 
243                             1                   1e-17               493                 107.06              4.60                16.53               3828681.00          0                   0.093               0                   0                   3324.00             22.759905           120.800810          F 
259                             1                   1e-17               493                 107.06              4.60                16.53               3828681.00          1                   0.39                2.60                2.60                13776.00            22.822246           120.228051          F 
255                             1                   1e-17               493                 107.06              4.60                16.53               3828681.00          2                   0.77                2.59                2.59                27656.00            22.870229           120.321097          F 
256                             1                   1e-17               493                 107.06              4.60                16.53               3828681.00          7                   1.42                4.95                4.99                50602.00            22.857242           120.265987          F 
233                             1                   1e-17               493                 107.06              4.60                16.53               3828681.00          0                   0.14                0                   0                   4866.00             22.155529           120.817361          F 
283                             1                   1e-17               493                 107.06              4.60                16.53               3828681.00          2                   1.04                1.92                1.92                37317.00            22.900055           120.563463          F 
240                             1                   1e-17               493                 107.06              4.60                16.53               3828681.00          14                  0.23                61.10               62.44               8194.00             22.079156           120.743263          F 
111                             1                   1e-17               493                 107.06              4.60                16.53               3828681.00          0                   0.30                0                   0                   10744.00            22.590981           120.979764          F 
257                             1                   1e-17               493                 107.06              4.60                16.53               3828681.00          4                   0.83                4.84                4.87                29540.00            22.893250           120.225937          F 
258                             1                   1e-17               493                 107.06              4.60                16.53               3828681.00          43                  0.82                52.16               55.83               29480.00            22.882414           120.198052          F 
265                             1                   1e-17               493                 107.06              4.60                16.53               3828681.00          0                   0.38                0                   0                   13499.00            22.956688           120.471927          F 
173                             1                   1e-17               493                 107.06              4.60                16.53               3828681.00          0                   0.10                0                   0                   3601.00             22.954823           120.386937          F 
170                             1                   1e-17               493                 107.06              4.60                16.53               3828681.00          0                   0.93                0                   0                   33424.00            22.955779           120.334282          F 
165                             1                   1e-17               493                 107.06              4.60                16.53               3828681.00          1                   1.90                0.53                0.52                68044.00            22.946795           120.293063          F 
266                             1                   1e-17               493                 107.06              4.60                16.53               3828681.00          0                   0.054               0                   0                   1940.00             22.919933           120.752384          F 
140                             1                   1e-17               493                 107.06              4.60                16.53               3828681.00          16                  2.15                7.44                7.61                76896.00            22.941309           120.241879          F 
231                             1                   1e-17               493                 107.06              4.60                16.53               3828681.00          0                   0.21                0                   0                   7454.00             22.049300           120.843568          F 
264                             1                   1e-17               493                 107.06              4.60                16.53               3828681.00          2                   0.31                6.45                6.46                11094.00            22.996947           120.562197          F 
222                             1                   1e-17               493                 107.06              4.60                16.53               3828681.00          18                  0.84                21.53               22.12               29899.00            21.985316           120.763254          F 
146                             1                   1e-17               493                 107.06              4.60                16.53               3828681.00          35                  3.38                10.34               10.88               121035.00           22.955619           120.190374          F 
259                             2                   1e-17               268                 28.57               9.38                15.38               1021733.00          1                   0.39                2.60                2.60                13776.00            22.822246           120.228051          T 
260                             2                   1e-17               268                 28.57               9.38                15.38               1021733.00          4                   0.52                7.75                7.79                18468.00            22.779445           120.239457          T 
256                             2                   1e-17               268                 28.57               9.38                15.38               1021733.00          7                   1.42                4.95                4.99                50602.00            22.857242           120.265987          T 
258                             2                   1e-17               268                 28.57               9.38                15.38               1021733.00          43                  0.82                52.16               55.83               29480.00            22.882414           120.198052          T 
281                             2                   1e-17               268                 28.57               9.38                15.38               1021733.00          7                   2.67                2.63                2.64                95349.00            22.805059           120.297891          T 
257                             2                   1e-17               268                 28.57               9.38                15.38               1021733.00          4                   0.83                4.84                4.87                29540.00            22.893250           120.225937          T 
261                             2                   1e-17               268                 28.57               9.38                15.38               1021733.00          19                  0.97                19.50               20.06               34845.00            22.748209           120.259399          T 
252                             2                   1e-17               268                 28.57               9.38                15.38               1021733.00          8                   1.13                7.07                7.15                40470.00            22.752524           120.300653          T 
255                             2                   1e-17               268                 28.57               9.38                15.38               1021733.00          2                   0.77                2.59                2.59                27656.00            22.870229           120.321097          T 
140                             2                   1e-17               268                 28.57               9.38                15.38               1021733.00          16                  2.15                7.44                7.61                76896.00            22.941309           120.241879          T 
272                             2                   1e-17               268                 28.57               9.38                15.38               1021733.00          60                  5.35                11.22               12.27               191313.00           22.721100           120.300758          T 
253                             2                   1e-17               268                 28.57               9.38                15.38               1021733.00          4                   0.81                4.94                4.96                28963.00            22.787696           120.370799          T 
146                             2                   1e-17               268                 28.57               9.38                15.38               1021733.00          35                  3.38                10.34               10.88               121035.00           22.955619           120.190374          T 
165                             2                   1e-17               268                 28.57               9.38                15.38               1021733.00          1                   1.90                0.53                0.52                68044.00            22.946795           120.293063          T 
271                             2                   1e-17               268                 28.57               9.38                15.38               1021733.00          57                  5.46                10.44               11.36               195296.00           22.683957           120.295159          T 
222                             3                   1e-17               32                  1.07                30.04               31.56               38093.00            18                  0.84                21.53               22.12               29899.00            21.985316           120.763254          T 
240                             3                   1e-17               32                  1.07                30.04               31.56               38093.00            14                  0.23                61.10               62.44               8194.00             22.079156           120.743263          T 
251                             4                   2.22045e-16         86                  27.06               3.18                3.52                967647.00           8                   1.24                6.48                6.55                44168.00            22.662493           120.372778          T 
249                             4                   2.22045e-16         86                  27.06               3.18                3.52                967647.00           10                  0.94                10.62               10.77               33670.00            22.701208           120.360526          T 
280                             4                   2.22045e-16         86                  27.06               3.18                3.52                967647.00           27                  9.96                2.71                2.79                356016.00           22.613793           120.355436          T 
273                             4                   2.22045e-16         86                  27.06               3.18                3.52                967647.00           18                  9.24                1.95                1.98                330419.00           22.649899           120.317919          T 
276                             4                   2.22045e-16         86                  27.06               3.18                3.52                967647.00           13                  4.55                2.86                2.90                162642.00           22.623594           120.320910          T 
248                             4                   2.22045e-16         86                  27.06               3.18                3.52                967647.00           10                  1.14                8.78                8.90                40732.00            22.711004           120.425407          T 
235                             5                   0.00000000263       62                  21.77               2.85                3.05                778358.00           0                   0.34                0                   0                   12216.00            22.340003           120.371047          T 
226                             5                   0.00000000263       62                  21.77               2.85                3.05                778358.00           2                   1.28                1.56                1.56                45908.00            22.462656           120.475133          T 
229                             5                   0.00000000263       62                  21.77               2.85                3.05                778358.00           2                   0.47                4.27                4.28                16762.00            22.441421           120.512509          T 
284                             5                   0.00000000263       62                  21.77               2.85                3.05                778358.00           13                  1.91                6.79                6.91                68429.00            22.508137           120.399052          T 
216                             5                   0.00000000263       62                  21.77               2.85                3.05                778358.00           1                   0.51                1.98                1.98                18095.00            22.429806           120.547612          T 
223                             5                   0.00000000263       62                  21.77               2.85                3.05                778358.00           2                   0.93                2.16                2.16                33091.00            22.517190           120.450143          T 
219                             5                   0.00000000263       62                  21.77               2.85                3.05                778358.00           0                   0.27                0                   0                   9698.00             22.479807           120.518056          T 
279                             5                   0.00000000263       62                  21.77               2.85                3.05                778358.00           5                   4.33                1.15                1.16                154808.00           22.551402           120.359261          T 
221                             5                   0.00000000263       62                  21.77               2.85                3.05                778358.00           1                   0.42                2.36                2.36                15168.00            22.515282           120.500660          T 
227                             5                   0.00000000263       62                  21.77               2.85                3.05                778358.00           4                   0.64                6.23                6.26                22969.00            22.403342           120.597584          T 
224                             5                   0.00000000263       62                  21.77               2.85                3.05                778358.00           1                   0.27                3.72                3.72                9623.00             22.486763           120.584626          T 
247                             5                   0.00000000263       62                  21.77               2.85                3.05                778358.00           4                   3.12                1.28                1.28                111514.00           22.592836           120.411147          T 
277                             5                   0.00000000263       62                  21.77               2.85                3.05                778358.00           24                  5.79                4.15                4.27                206953.00           22.585656           120.289154          T 
232                             5                   0.00000000263       62                  21.77               2.85                3.05                778358.00           3                   1.49                2.02                2.02                53124.00            22.536429           120.556806          T 
145                             6                   0.0890              10                  2.21                4.53                4.58                78966.00            0                   0.23                0                   0                   8114.00             23.115111           120.544122          F 
164                             6                   0.0890              10                  2.21                4.53                4.58                78966.00            0                   0.25                0                   0                   8870.00             23.178859           120.517030          F 
263                             6                   0.0890              10                  2.21                4.53                4.58                78966.00            3                   0.16                18.95               19.04               5661.00             23.116550           120.623289          F 
167                             6                   0.0890              10                  2.21                4.53                4.58                78966.00            2                   0.37                5.45                5.47                13118.00            23.114809           120.460962          F 
264                             6                   0.0890              10                  2.21                4.53                4.58                78966.00            2                   0.31                6.45                6.46                11094.00            22.996947           120.562197          F 
148                             6                   0.0890              10                  2.21                4.53                4.58                78966.00            0                   0.25                0                   0                   8847.00             23.144822           120.398815          F 
262                             6                   0.0890              10                  2.21                4.53                4.58                78966.00            1                   0.33                3.00                3.00                11920.00            23.011954           120.658563          F 
156                             6                   0.0890              10                  2.21                4.53                4.58                78966.00            0                   0.12                0                   0                   4366.00             23.026046           120.412392          F 
155                             6                   0.0890              10                  2.21                4.53                4.58                78966.00            2                   0.20                10.25               10.28               6976.00             23.096893           120.370977          F 
