1                               0                   4.25                0                   0                   
10                              0                   1.64                0                   0                   
100                             0                   0.20                0                   0                   
101                             0                   0.31                0                   0                   
102                             0                   0.59                0                   0                   
103                             0                   5.59                0                   0                   
104                             0                   0.31                0                   0                   
105                             0                   0.58                0                   0                   
106                             0                   0.23                0                   0                   
107                             0                   2.47                0                   0                   
108                             0                   0.47                0                   0                   
109                             2                   2.89                0.69                0.69                
11                              0                   0.34                0                   0                   
110                             0                   0.16                0                   0                   
111                             0                   0.30                0                   0                   
112                             0                   0.10                0                   0                   
113                             0                   0.37                0                   0                   
114                             0                   0.23                0                   0                   
115                             0                   0.22                0                   0                   
116                             0                   0.12                0                   0                   
117                             0                   0.12                0                   0                   
118                             0                   0.15                0                   0                   
119                             0                   0.097               0                   0                   
12                              0                   2.27                0                   0                   
120                             0                   0.10                0                   0                   
121                             0                   0.19                0                   0                   
122                             0                   0.23                0                   0                   
123                             0                   0.20                0                   0                   
124                             0                   0.34                0                   0                   
125                             0                   0.17                0                   0                   
126                             0                   2.32                0                   0                   
127                             1                   0.48                2.09                2.09                
128                             0                   0.27                0                   0                   
129                             0                   0.57                0                   0                   
13                              1                   5.85                0.17                0.17                
130                             0                   0.63                0                   0                   
131                             0                   0.31                0                   0                   
132                             1                   0.48                2.10                2.11                
133                             0                   2.78                0                   0                   
134                             0                   0.17                0                   0                   
135                             0                   0.12                0                   0                   
136                             0                   0.29                0                   0                   
137                             1                   0.60                1.67                1.67                
138                             2                   0.63                3.16                3.17                
139                             3                   2.16                1.39                1.39                
14                              0                   2.70                0                   0                   
140                             16                  2.15                7.44                7.61                
141                             0                   1.62                0                   0                   
142                             2                   0.60                3.35                3.36                
143                             1                   3.53                0.28                0.28                
144                             0                   0.28                0                   0                   
145                             0                   0.23                0                   0                   
146                             35                  3.38                10.34               10.88               
147                             0                   1.45                0                   0                   
148                             0                   0.25                0                   0                   
149                             0                   0.69                0                   0                   
15                              0                   0.56                0                   0                   
150                             5                   5.57                0.90                0.90                
151                             0                   0.84                0                   0                   
152                             1                   1.90                0.53                0.52                
153                             0                   0.58                0                   0                   
154                             0                   0.52                0                   0                   
155                             2                   0.20                10.25               10.28               
156                             0                   0.12                0                   0                   
157                             0                   0.61                0                   0                   
158                             1                   1.19                0.84                0.84                
159                             1                   1.05                0.95                0.95                
16                              1                   0.76                1.32                1.32                
160                             0                   2.09                0                   0                   
161                             2                   5.05                0.40                0.39                
162                             0                   0.54                0                   0                   
163                             0                   0.57                0                   0                   
164                             0                   0.25                0                   0                   
165                             1                   1.90                0.53                0.52                
166                             8                   6.55                1.22                1.22                
167                             2                   0.37                5.45                5.47                
168                             2                   0.73                2.73                2.73                
169                             2                   0.69                2.89                2.90                
17                              3                   11.85               0.25                0.25                
170                             0                   0.93                0                   0                   
171                             0                   0.68                0                   0                   
172                             0                   1.20                0                   0                   
173                             0                   0.10                0                   0                   
174                             4                   3.29                1.21                1.22                
175                             2                   4.06                0.49                0.49                
176                             0                   1.20                0                   0                   
177                             0                   0.60                0                   0                   
178                             0                   0.13                0                   0                   
179                             0                   0.83                0                   0                   
18                              2                   5.87                0.34                0.34                
180                             0                   1.09                0                   0                   
181                             1                   0.70                1.43                1.43                
182                             0                   0.85                0                   0                   
183                             0                   1.14                0                   0                   
184                             0                   0.65                0                   0                   
185                             0                   0.50                0                   0                   
186                             2                   1.97                1.02                1.02                
187                             1                   1.34                0.75                0.75                
188                             0                   0.38                0                   0                   
189                             0                   0.31                0                   0                   
19                              0                   2.40                0                   0                   
190                             0                   0.94                0                   0                   
191                             2                   0.48                4.21                4.22                
192                             0                   0.15                0                   0                   
193                             0                   0.40                0                   0                   
194                             0                   0.71                0                   0                   
195                             0                   0.66                0                   0                   
196                             0                   1.06                0                   0                   
197                             1                   0.71                1.40                1.40                
198                             0                   0.84                0                   0                   
199                             1                   0.62                1.61                1.62                
2                               0                   6.20                0                   0                   
20                              0                   2.64                0                   0                   
200                             0                   0.60                0                   0                   
201                             1                   0.77                1.29                1.29                
202                             0                   0.51                0                   0                   
203                             0                   0.65                0                   0                   
204                             0                   3.01                0                   0                   
205                             1                   1.21                0.82                0.82                
206                             0                   0.38                0                   0                   
207                             0                   0.47                0                   0                   
208                             0                   0.65                0                   0                   
209                             1                   0.77                1.30                1.30                
21                              0                   6.36                0                   0                   
210                             0                   1.97                0                   0                   
211                             0                   0.34                0                   0                   
212                             0                   1.25                0                   0                   
213                             0                   1.38                0                   0                   
214                             2                   0.22                9.18                9.20                
215                             1                   0.61                1.65                1.65                
216                             1                   0.51                1.98                1.98                
217                             0                   0.21                0                   0                   
218                             0                   1.46                0                   0                   
219                             0                   0.27                0                   0                   
22                              0                   0.37                0                   0                   
220                             5                   5.42                0.92                0.92                
221                             1                   0.42                2.36                2.36                
222                             18                  0.84                21.53               22.12               
223                             2                   0.93                2.16                2.16                
224                             1                   0.27                3.72                3.72                
225                             1                   0.14                7.31                7.32                
226                             2                   1.28                1.56                1.56                
227                             4                   0.64                6.23                6.26                
228                             1                   0.14                6.97                6.98                
229                             2                   0.47                4.27                4.28                
23                              0                   1.38                0                   0                   
230                             1                   0.15                6.70                6.71                
231                             0                   0.21                0                   0                   
232                             3                   1.49                2.02                2.02                
233                             0                   0.14                0                   0                   
234                             2                   0.14                14.62               14.67               
235                             0                   0.34                0                   0                   
236                             2                   0.21                9.60                9.62                
237                             1                   0.45                2.22                2.23                
238                             1                   1.38                0.72                0.72                
239                             1                   0.54                1.84                1.84                
24                              0                   12.93               0                   0                   
240                             14                  0.23                61.10               62.44               
241                             2                   0.72                2.78                2.79                
242                             2                   0.81                2.46                2.46                
243                             0                   0.093               0                   0                   
244                             0                   0.65                0                   0                   
245                             1                   0.68                1.47                1.47                
246                             0                   0.30                0                   0                   
247                             4                   3.12                1.28                1.28                
248                             10                  1.14                8.78                8.90                
249                             10                  0.94                10.62               10.77               
25                              3                   4.97                0.60                0.60                
250                             4                   2.66                1.50                1.51                
251                             8                   1.24                6.48                6.55                
252                             8                   1.13                7.07                7.15                
253                             4                   0.81                4.94                4.96                
254                             1                   0.19                5.37                5.38                
255                             2                   0.77                2.59                2.59                
256                             7                   1.42                4.95                4.99                
257                             4                   0.83                4.84                4.87                
258                             43                  0.82                52.16               55.83               
259                             1                   0.39                2.60                2.60                
26                              0                   4.68                0                   0                   
260                             4                   0.52                7.75                7.79                
261                             19                  0.97                19.50               20.06               
262                             1                   0.33                3.00                3.00                
263                             3                   0.16                18.95               19.04               
264                             2                   0.31                6.45                6.46                
265                             0                   0.38                0                   0                   
266                             0                   0.054               0                   0                   
267                             0                   0.12                0                   0                   
268                             0                   0.090               0                   0                   
269                             1                   0.63                1.59                1.59                
27                              0                   2.04                0                   0                   
270                             9                   3.90                2.31                2.32                
271                             57                  5.46                10.44               11.36               
272                             60                  5.35                11.22               12.27               
273                             18                  9.24                1.95                1.98                
274                             1                   1.37                0.73                0.73                
275                             2                   0.74                2.69                2.69                
276                             13                  4.55                2.86                2.90                
277 et al                       24                  5.79                4.15                4.27                
279                             5                   4.33                1.15                1.16                
28                              1                   3.49                0.29                0.29                
280                             27                  9.96                2.71                2.79                
281                             7                   2.67                2.63                2.64                
282                             0                   0.97                0                   0                   
283                             2                   1.04                1.92                1.92                
284                             13                  1.91                6.79                6.91                
285                             0                   0.35                0                   0                   
286                             0                   0.37                0                   0                   
287                             1                   0.37                2.70                2.70                
288                             1                   2.40                0.42                0.41                
289                             0                   0.92                0                   0                   
29                              0                   4.82                0                   0                   
290                             0                   0.44                0                   0                   
291                             1                   1.93                0.52                0.52                
292                             0                   0.41                0                   0                   
293                             0                   1.30                0                   0                   
294                             3                   2.41                1.24                1.24                
295                             1                   0.26                3.90                3.90                
296                             0                   0.38                0                   0                   
297                             0                   0.42                0                   0                   
298                             0                   0.49                0                   0                   
299                             1                   3.99                0.25                0.25                
3                               1                   2.20                0.45                0.45                
30                              0                   0.17                0                   0                   
300                             1                   8.27                0.12                0.12                
301                             3                   3.51                0.86                0.85                
302                             3                   4.98                0.60                0.60                
303                             0                   1.50                0                   0                   
304                             1                   0.31                3.28                3.28                
305                             0                   0.87                0                   0                   
306                             0                   0.51                0                   0                   
307                             0                   2.09                0                   0                   
308                             3                   1.57                1.91                1.92                
309                             4                   5.91                0.68                0.67                
31                              0                   0.42                0                   0                   
310                             2                   2.66                0.75                0.75                
311                             6                   5.48                1.09                1.10                
312                             0                   0.65                0                   0                   
313                             1                   1.34                0.75                0.75                
314                             1                   2.11                0.47                0.47                
315                             0                   1.67                0                   0                   
316                             1                   2.71                0.37                0.37                
317                             1                   2.49                0.40                0.40                
318                             0                   3.04                0                   0                   
319                             6                   2.18                2.75                2.76                
32                              0                   0.88                0                   0                   
320                             0                   0.40                0                   0                   
321                             0                   1.80                0                   0                   
322                             4                   3.14                1.27                1.28                
323                             2                   6.48                0.31                0.31                
324                             1                   4.57                0.22                0.22                
325                             1                   1.79                0.56                0.56                
326                             3                   2.18                1.38                1.38                
327                             0                   1.35                0                   0                   
328                             0                   0.40                0                   0                   
329                             0                   1.06                0                   0                   
33                              0                   0.43                0                   0                   
330                             0                   0.93                0                   0                   
331                             0                   2.48                0                   0                   
332                             1                   3.42                0.29                0.29                
333                             0                   0.95                0                   0                   
334                             0                   0.88                0                   0                   
335                             1                   0.82                1.22                1.22                
336                             0                   0.43                0                   0                   
337                             0                   1.13                0                   0                   
338                             3                   6.33                0.47                0.47                
339                             0                   0.99                0                   0                   
34                              0                   0.25                0                   0                   
340                             1                   0.80                1.25                1.25                
341                             0                   1.51                0                   0                   
342                             0                   1.11                0                   0                   
343                             0                   0.73                0                   0                   
344                             1                   1.16                0.86                0.86                
345                             0                   1.27                0                   0                   
346                             0                   1.07                0                   0                   
347                             0                   0.40                0                   0                   
348                             0                   0.46                0                   0                   
349                             0                   0.63                0                   0                   
35                              0                   0.37                0                   0                   
350                             0                   1.24                0                   0                   
351                             0                   0.88                0                   0                   
352                             0                   2.39                0                   0                   
36                              0                   0.96                0                   0                   
37                              0                   0.16                0                   0                   
38                              0                   0.12                0                   0                   
39                              0                   2.47                0                   0                   
4                               0                   0.13                0                   0                   
40                              1                   1.23                0.81                0.81                
41                              0                   2.41                0                   0                   
42                              0                   0.18                0                   0                   
43                              0                   0.89                0                   0                   
44                              1                   0.33                3.05                3.06                
45                              0                   0.47                0                   0                   
46                              0                   2.95                0                   0                   
47                              0                   0.28                0                   0                   
48                              0                   5.97                0                   0                   
49                              1                   4.15                0.24                0.24                
5                               0                   0.24                0                   0                   
50                              0                   5.72                0                   0                   
51                              1                   7.66                0.13                0.13                
52                              0                   6.75                0                   0                   
53                              0                   3.19                0                   0                   
54                              0                   7.42                0                   0                   
55                              0                   3.33                0                   0                   
56                              0                   8.00                0                   0                   
57                              1                   7.22                0.14                0.14                
58                              0                   5.33                0                   0                   
59                              0                   4.84                0                   0                   
6                               0                   0.40                0                   0                   
60                              1                   1.48                0.67                0.67                
61                              1                   1.26                0.79                0.79                
62                              0                   1.41                0                   0                   
63                              0                   1.16                0                   0                   
64                              0                   1.48                0                   0                   
65                              0                   2.25                0                   0                   
66                              0                   1.07                0                   0                   
67                              0                   0.59                0                   0                   
68                              0                   1.14                0                   0                   
69                              0                   1.48                0                   0                   
7                               0                   0.27                0                   0                   
70                              0                   0.17                0                   0                   
71                              0                   0.89                0                   0                   
72                              1                   0.68                1.46                1.47                
73                              0                   0.17                0                   0                   
74                              0                   2.65                0                   0                   
75                              0                   0.97                0                   0                   
76                              0                   1.96                0                   0                   
77                              0                   1.06                0                   0                   
78                              0                   0.80                0                   0                   
79                              0                   3.22                0                   0                   
8                               0                   0.15                0                   0                   
80                              0                   0.62                0                   0                   
81                              1                   10.62               0.094               0.093               
82                              1                   11.27               0.089               0.087               
83                              1                   2.56                0.39                0.39                
84                              0                   1.14                0                   0                   
85                              0                   6.64                0                   0                   
86                              0                   0.18                0                   0                   
87                              0                   0.12                0                   0                   
88                              1                   8.35                0.12                0.12                
89                              1                   11.74               0.085               0.084               
9                               0                   0.92                0                   0                   
90                              2                   15.37               0.13                0.13                
91                              0                   3.58                0                   0                   
92                              0                   5.04                0                   0                   
93                              2                   5.93                0.34                0.34                
94                              1                   5.77                0.17                0.17                
95                              0                   2.15                0                   0                   
96                              0                   5.25                0                   0                   
97                              0                   0.66                0                   0                   
98                              0                   0.18                0                   0                   
99                              0                   1.05                0                   0                   
