265                             1                   0.00000128          16                  2.81                5.70                18.24               2968548.00          0                   0.014               0                   0                   14437.00            22.956688           120.471927          T 
173                             1                   0.00000128          16                  2.81                5.70                18.24               2968548.00          0                   0.0038              0                   0                   3995.00             22.954823           120.386937          T 
156                             1                   0.00000128          16                  2.81                5.70                18.24               2968548.00          0                   0.0045              0                   0                   4781.00             23.026046           120.412392          T 
282                             1                   0.00000128          16                  2.81                5.70                18.24               2968548.00          0                   0.035               0                   0                   36652.00            22.864970           120.475455          T 
264                             1                   0.00000128          16                  2.81                5.70                18.24               2968548.00          0                   0.011               0                   0                   11795.00            22.996947           120.562197          T 
283                             1                   0.00000128          16                  2.81                5.70                18.24               2968548.00          0                   0.037               0                   0                   39589.00            22.900055           120.563463          T 
254                             1                   0.00000128          16                  2.81                5.70                18.24               2968548.00          0                   0.0068              0                   0                   7159.00             22.863943           120.395984          T 
170                             1                   0.00000128          16                  2.81                5.70                18.24               2968548.00          0                   0.032               0                   0                   34353.00            22.955779           120.334282          T 
158                             1                   0.00000128          16                  2.81                5.70                18.24               2968548.00          0                   0.041               0                   0                   43456.00            23.033945           120.335796          T 
167                             1                   0.00000128          16                  2.81                5.70                18.24               2968548.00          0                   0.013               0                   0                   13997.00            23.114809           120.460962          T 
241                             1                   0.00000128          16                  2.81                5.70                18.24               2968548.00          0                   0.025               0                   0                   26044.00            22.798548           120.506128          T 
255                             1                   0.00000128          16                  2.81                5.70                18.24               2968548.00          0                   0.027               0                   0                   28658.00            22.870229           120.321097          T 
165                             1                   0.00000128          16                  2.81                5.70                18.24               2968548.00          0                   0.065               0                   0                   68403.00            22.946795           120.293063          T 
155                             1                   0.00000128          16                  2.81                5.70                18.24               2968548.00          0                   0.0069              0                   0                   7317.00             23.096893           120.370977          T 
145                             1                   0.00000128          16                  2.81                5.70                18.24               2968548.00          0                   0.0082              0                   0                   8724.00             23.115111           120.544122          T 
262                             1                   0.00000128          16                  2.81                5.70                18.24               2968548.00          0                   0.012               0                   0                   12939.00            23.011954           120.658563          T 
244                             1                   0.00000128          16                  2.81                5.70                18.24               2968548.00          0                   0.023               0                   0                   24384.00            22.809920           120.601768          T 
253                             1                   0.00000128          16                  2.81                5.70                18.24               2968548.00          0                   0.028               0                   0                   29820.00            22.787696           120.370799          T 
148                             1                   0.00000128          16                  2.81                5.70                18.24               2968548.00          0                   0.0091              0                   0                   9605.00             23.144822           120.398815          T 
159                             1                   0.00000128          16                  2.81                5.70                18.24               2968548.00          0                   0.035               0                   0                   36898.00            23.083195           120.292394          T 
263                             1                   0.00000128          16                  2.81                5.70                18.24               2968548.00          1                   0.0057              175.58              183.89              6026.00             23.116550           120.623289          T 
140                             1                   0.00000128          16                  2.81                5.70                18.24               2968548.00          0                   0.072               0                   0                   75878.00            22.941309           120.241879          T 
166                             1                   0.00000128          16                  2.81                5.70                18.24               2968548.00          0                   0.22                0                   0                   234891.00           23.027295           120.254279          T 
256                             1                   0.00000128          16                  2.81                5.70                18.24               2968548.00          0                   0.050               0                   0                   52538.00            22.857242           120.265987          T 
281                             1                   0.00000128          16                  2.81                5.70                18.24               2968548.00          0                   0.092               0                   0                   97103.00            22.805059           120.297891          T 
215                             1                   0.00000128          16                  2.81                5.70                18.24               2968548.00          0                   0.021               0                   0                   22061.00            22.731668           120.484504          T 
161                             1                   0.00000128          16                  2.81                5.70                18.24               2968548.00          0                   0.18                0                   0                   186250.00           22.981782           120.228186          T 
164                             1                   0.00000128          16                  2.81                5.70                18.24               2968548.00          0                   0.0090              0                   0                   9537.00             23.178859           120.517030          T 
245                             1                   0.00000128          16                  2.81                5.70                18.24               2968548.00          0                   0.024               0                   0                   25719.00            22.742536           120.569394          T 
257                             1                   0.00000128          16                  2.81                5.70                18.24               2968548.00          0                   0.028               0                   0                   29794.00            22.893250           120.225937          T 
250                             1                   0.00000128          16                  2.81                5.70                18.24               2968548.00          0                   0.083               0                   0                   87694.00            22.739835           120.370799          T 
147                             1                   0.00000128          16                  2.81                5.70                18.24               2968548.00          0                   0.046               0                   0                   48968.00            23.140311           120.298827          T 
248                             1                   0.00000128          16                  2.81                5.70                18.24               2968548.00          0                   0.040               0                   0                   42390.00            22.711004           120.425407          T 
143                             1                   0.00000128          16                  2.81                5.70                18.24               2968548.00          0                   0.12                0                   0                   132112.00           23.010122           120.206873          T 
214                             1                   0.00000128          16                  2.81                5.70                18.24               2968548.00          0                   0.0073              0                   0                   7697.00             22.797868           120.686522          T 
252                             1                   0.00000128          16                  2.81                5.70                18.24               2968548.00          1                   0.036               28.10               29.39               37650.00            22.752524           120.300653          T 
146                             1                   0.00000128          16                  2.81                5.70                18.24               2968548.00          3                   0.12                25.43               29.29               124824.00           22.955619           120.190374          T 
139                             1                   0.00000128          16                  2.81                5.70                18.24               2968548.00          1                   0.074               13.54               14.13               78167.00            22.995945           120.192874          T 
153                             1                   0.00000128          16                  2.81                5.70                18.24               2968548.00          0                   0.020               0                   0                   21314.00            23.190985           120.347992          T 
266                             1                   0.00000128          16                  2.81                5.70                18.24               2968548.00          0                   0.0019              0                   0                   1994.00             22.919933           120.752384          T 
259                             1                   0.00000128          16                  2.81                5.70                18.24               2968548.00          0                   0.013               0                   0                   13909.00            22.822246           120.228051          T 
258                             1                   0.00000128          16                  2.81                5.70                18.24               2968548.00          1                   0.028               35.16               36.79               30089.00            22.882414           120.198052          T 
151                             1                   0.00000128          16                  2.81                5.70                18.24               2968548.00          0                   0.029               0                   0                   30483.00            23.099749           120.229624          T 
242                             1                   0.00000128          16                  2.81                5.70                18.24               2968548.00          0                   0.028               0                   0                   29677.00            22.694550           120.555979          T 
249                             1                   0.00000128          16                  2.81                5.70                18.24               2968548.00          0                   0.033               0                   0                   34604.00            22.701208           120.360526          T 
260                             1                   0.00000128          16                  2.81                5.70                18.24               2968548.00          1                   0.018               54.96               57.53               19252.00            22.779445           120.239457          T 
142                             1                   0.00000128          16                  2.81                5.70                18.24               2968548.00          0                   0.021               0                   0                   22148.00            23.227267           120.380026          T 
272                             1                   0.00000128          16                  2.81                5.70                18.24               2968548.00          4                   0.18                22.79               27.63               185687.00           22.721100           120.300758          T 
152                             1                   0.00000128          16                  2.81                5.70                18.24               2968548.00          0                   0.063               0                   0                   66775.00            22.990084           120.164995          T 
261                             1                   0.00000128          16                  2.81                5.70                18.24               2968548.00          0                   0.034               0                   0                   35940.00            22.748209           120.259399          T 
220                             1                   0.00000128          16                  2.81                5.70                18.24               2968548.00          2                   0.19                10.60               11.56               199606.00           22.664738           120.479995          T 
169                             1                   0.00000128          16                  2.81                5.70                18.24               2968548.00          1                   0.023               42.85               44.85               24690.00            23.124919           120.200231          T 
150                             1                   0.00000128          16                  2.81                5.70                18.24               2968548.00          0                   0.18                0                   0                   193438.00           23.048697           120.152619          T 
251                             1                   0.00000128          16                  2.81                5.70                18.24               2968548.00          0                   0.042               0                   0                   44469.00            22.662493           120.372778          T 
172                             1                   0.00000128          16                  2.81                5.70                18.24               2968548.00          0                   0.042               0                   0                   44260.00            23.182480           120.241308          T 
246                             1                   0.00000128          16                  2.81                5.70                18.24               2968548.00          0                   0.010               0                   0                   11036.00            22.648764           120.529969          T 
271                             1                   0.00000128          16                  2.81                5.70                18.24               2968548.00          1                   0.19                5.37                5.58                196872.00           22.683957           120.295159          T 
