6.963964            
6.322022            
7.506313            
3.732794            
3.850620            
3.996057            
6.691567            
7.457934            
5.273125            
4.100787            
7.036906            
5.480770            
3.513790            
4.992330            
2.741618            
3.938851            
5.136092            
5.046598            
3.620320            
4.624299            
4.374947            
5.601881            
3.784482            
4.890592            
6.628587            
4.051629            
3.917245            
5.853634            
7.414600            
3.908370            
3.979904            
4.044304            
3.993741            
4.120431            
3.229106            
4.469644            
4.201637            
6.105661            
4.924942            
4.557462            
7.303770            
5.526703            
7.492577            
4.659704            
7.480008            
5.882942            
4.067286            
4.996734            
6.500467            
3.228487            
5.600715            
3.562033            
5.206493            
4.743534            
4.730529            
3.777663            
6.307774            
4.568469            
7.781006            
4.515475            
6.556921            
6.119571            
4.108430            
5.061359            
4.702798            
5.273885            
4.430644            
4.895930            
6.220414            
5.289107            
2.769740            
4.632325            
5.359119            
4.554543            
4.272486            
3.535171            
8.176308            
4.816387            
7.368006            
5.342663            
5.799056            
4.272257            
5.521321            
6.863900            
4.807903            
5.211036            
3.756848            
5.139566            
2.964410            
4.966297            
6.259337            
3.605102            
4.378415            
7.022769            
5.046962            
5.726032            
5.527456            
3.861142            
2.953714            
3.254448            
8.528904            
4.076342            
6.020379            
3.570638            
5.849128            
5.459829            
2.201678            
5.918027            
7.130384            
4.530591            
5.208202            
3.120474            
4.824400            
5.932694            
3.013181            
7.654641            
3.005467            
3.374531            
2.928186            
4.565680            
9.756535            
10.370351           
5.314761            
7.148013            
5.552948            
4.823482            
7.158417            
7.880462            
4.137157            
4.261546            
4.731194            
6.350004            
4.909328            
2.869097            
5.360287            
5.833318            
6.007578            
6.269062            
4.127617            
5.274814            
14.123639           
3.643402            
3.555655            
4.813725            
7.781006            
6.686690            
4.469644            
3.945486            
5.400989            
7.717901            
6.488615            
5.970624            
2.545023            
4.584066            
4.201637            
5.114417            
3.025868            
5.981017            
2.718048            
3.479958            
4.852658            
4.127617            
8.643809            
6.230893            
5.749312            
7.789927            
5.261711            
5.526703            
4.752487            
5.381117            
4.904752            
5.301355            
4.063242            
6.562957            
3.078847            
7.045373            
4.768898            
5.088264            
2.738430            
3.931326            
4.573896            
4.110095            
5.802239            
4.622666            
6.150404            
6.236895            
5.842032            
4.744664            
5.183599            
5.349917            
7.204861            
9.154972            
4.604935            
5.552704            
3.723566            
3.436920            
4.337503            
4.801327            
7.292112            
3.495632            
5.766417            
3.904387            
3.821504            
8.256055            
5.617379            
6.463307            
3.887146            
3.918532            
5.158609            
4.871510            
4.583077            
8.469350            
7.511015            
5.751494            
5.730653            
3.468576            
6.358627            
5.510214            
5.715887            
3.268919            
6.234241            
7.950007            
4.704689            
6.517763            
5.723151            
7.847395            
5.851179            
5.729564            
4.127617            
4.604217            
4.791333            
3.402793            
6.527218            
3.634023            
4.125533            
5.934709            
5.774479            
4.743707            
3.400943            
3.929018            
2.937164            
7.079875            
2.805171            
5.879809            
6.002804            
3.168146            
4.551377            
6.403341            
3.377932            
5.908267            
3.406866            
4.623862            
5.226823            
6.572253            
6.322583            
6.224572            
6.986831            
4.467401            
4.679207            
3.275358            
4.915479            
3.191131            
4.044304            
4.693022            
5.977030            
3.191738            
4.536700            
3.812294            
5.459251            
3.495225            
10.674322           
3.754802            
3.449431            
4.201597            
7.644388            
4.487191            
6.007999            
4.046723            
7.041519            
4.824400            
4.771640            
6.031823            
5.342674            
3.154556            
5.443123            
5.732018            
3.320626            
4.743534            
4.810088            
6.450077            
4.559542            
8.330359            
2.850621            
5.311677            
5.975539            
4.255790            
5.497810            
4.855353            
2.647546            
6.800027            
3.422487            
4.410965            
11.244265           
3.321485            
5.348385            
2.491131            
6.541037            
3.762533            
4.770767            
6.980100            
5.943251            
4.757992            
4.537864            
6.167210            
3.509339            
4.120431            
4.423157            
3.461822            
2.928186            
3.293717            
6.222123            
7.122902            
5.594984            
7.048644            
6.350227            
5.926787            
7.230781            
4.388599            
3.152715            
4.741768            
5.501812            
5.851081            
4.369880            
3.886316            
5.517030            
3.400943            
3.841734            
4.543470            
3.896640            
3.892442            
5.085602            
6.554749            
5.426088            
5.664893            
4.824066            
6.156814            
2.730318            
5.524316            
7.503386            
4.733114            
6.867080            
4.855334            
3.638231            
3.675963            
5.375511            
3.861142            
4.770370            
4.960798            
4.120431            
4.608898            
4.922511            
6.258323            
4.004101            
4.369746            
4.613054            
4.829342            
4.212112            
5.966019            
4.030011            
5.272089            
4.792605            
5.403824            
3.740505            
6.569597            
5.227890            
7.666197            
4.769444            
4.253105            
7.523272            
4.178100            
3.070524            
6.573722            
4.380023            
4.441390            
5.009995            
2.788780            
3.267375            
3.700631            
5.274687            
8.591198            
3.598041            
3.981045            
2.967756            
4.576750            
8.798044            
5.439071            
9.753545            
4.807903            
6.890054            
4.563969            
4.392466            
3.360883            
5.374293            
6.456451            
3.220405            
4.666249            
3.498614            
4.635934            
4.201637            
6.722184            
5.725539            
3.681904            
3.851276            
4.074545            
4.934154            
7.983800            
6.082490            
3.823149            
5.746082            
2.954709            
6.022775            
9.293111            
4.993564            
3.342968            
6.449635            
4.093964            
3.133122            
3.894571            
6.106604            
6.446059            
5.025360            
5.676430            
4.217931            
6.257143            
5.712166            
3.779296            
3.139904            
3.904387            
3.836904            
5.027051            
6.625261            
8.949621            
4.078002            
5.912212            
4.851292            
6.469780            
6.562601            
3.158479            
4.603890            
4.524776            
5.235354            
6.686690            
4.856138            
8.346248            
11.896993           
2.972244            
4.095938            
3.903622            
5.265836            
10.023976           
4.810088            
5.372029            
4.744195            
6.275274            
3.658303            
4.467401            
2.949120            
3.837723            
4.279210            
3.910603            
6.041161            
5.705929            
5.843331            
3.923600            
5.185081            
5.301355            
5.152870            
4.376563            
5.703014            
5.658544            
5.234210            
3.844956            
4.025570            
2.735122            
3.623244            
7.729925            
5.925873            
6.343664            
4.330320            
6.065377            
4.872555            
6.315240            
5.180875            
5.833318            
5.161343            
2.536221            
6.846410            
4.919233            
5.853634            
6.038586            
2.972244            
3.642270            
4.071663            
5.129101            
5.389289            
7.044686            
5.063058            
5.817149            
7.514268            
4.660014            
6.151268            
14.708051           
2.964347            
5.738304            
4.963286            
3.588326            
6.185249            
7.474669            
4.926526            
4.100787            
7.401455            
3.519797            
8.542122            
3.109039            
3.993225            
4.156454            
4.430644            
3.232270            
4.380652            
3.779767            
5.072776            
3.993225            
5.142311            
6.214938            
4.982544            
6.364571            
2.666428            
4.853033            
8.023807            
6.424686            
2.718530            
4.449300            
5.731105            
4.004101            
6.119571            
6.136360            
3.821504            
5.528009            
3.355265            
3.400620            
3.826685            
3.120474            
4.770370            
5.893535            
6.269062            
4.367731            
3.044845            
4.373991            
3.888090            
6.863056            
4.329933            
5.847678            
5.707464            
3.270520            
3.589025            
3.560990            
4.487191            
5.320319            
2.847961            
4.100787            
3.846296            
4.658649            
3.725831            
4.504408            
7.714564            
4.436995            
5.960279            
4.453122            
5.367641            
4.101833            
4.432344            
3.743259            
4.334731            
5.650354            
2.901411            
6.391656            
7.422180            
6.781305            
7.025997            
4.068011            
6.559447            
5.739699            
4.890501            
10.810796           
5.248861            
5.952261            
3.678058            
6.701265            
5.542438            
5.062704            
3.231511            
6.095011            
5.511731            
4.580499            
3.199958            
5.956611            
3.597084            
6.559217            
4.341156            
4.127756            
5.055948            
3.136352            
4.358941            
2.068702            
3.472286            
6.211867            
5.787966            
3.410020            
6.824384            
4.163481            
3.648459            
3.198625            
5.956611            
4.545788            
4.117180            
2.888823            
5.879970            
5.359119            
3.911135            
1.864103            
3.354939            
6.828512            
4.287854            
4.458138            
4.213092            
3.809552            
5.852005            
6.529822            
5.563102            
3.495632            
3.994327            
2.934999            
4.630758            
4.456793            
2.987967            
7.182219            
7.290038            
9.242554            
3.085644            
5.693227            
4.962877            
5.606508            
7.060521            
5.140784            
4.379062            
5.481701            
4.271942            
3.455400            
4.340475            
4.175627            
4.644025            
4.053846            
3.120376            
5.315016            
4.104702            
8.661809            
6.780124            
5.826605            
7.966311            
4.453912            
5.158609            
5.976161            
4.855720            
4.399235            
3.959463            
4.653775            
4.446949            
6.023276            
3.972811            
4.864200            
5.234585            
4.906245            
5.879970            
3.102467            
4.099306            
5.833807            
7.160641            
4.735245            
5.364274            
3.423882            
6.236992            
4.212112            
4.104702            
3.699712            
6.275274            
3.622711            
4.027998            
6.487327            
5.344158            
4.366488            
5.033525            
4.342011            
2.201906            
8.474750            
3.125036            
5.951042            
4.731194            
5.960556            
3.634023            
6.423264            
4.660631            
6.229142            
5.139566            
3.407689            
4.261546            
4.576750            
6.220414            
2.228937            
4.065104            
5.397969            
4.623862            
5.460286            
5.154134            
3.410114            
4.480147            
6.484462            
5.530530            
4.168144            
4.079780            
3.546093            
3.319382            
2.893040            
5.369495            
6.356014            
6.259528            
3.931326            
6.526053            
3.245669            
4.735384            
4.272361            
5.153796            
6.388352            
3.780436            
8.219942            
3.367314            
5.806020            
5.984165            
2.410441            
2.833072            
5.774479            
4.153706            
6.976110            
7.251759            
3.175954            
3.993225            
4.983646            
4.534658            
2.926642            
2.648013            
5.246905            
8.053216            
5.028286            
5.598557            
4.387694            
3.846787            
5.723151            
6.598663            
4.660740            
3.722291            
6.296558            
3.975683            
4.006298            
3.770034            
4.770767            
5.662292            
5.615093            
4.924942            
3.641692            
4.376563            
4.555519            
5.465770            
9.421720            
3.316154            
9.067942            
5.472739            
2.769740            
6.598663            
5.831650            
4.730529            
6.794453            
3.743259            
3.905377            
3.723566            
7.567200            
4.433153            
7.951715            
4.850676            
4.433112            
4.448554            
4.325882            
6.094290            
10.630564           
4.378809            
5.951042            
3.737962            
8.176244            
4.406395            
3.762824            
4.267241            
6.079157            
5.617379            
3.529118            
5.306050            
4.709163            
3.854269            
6.311882            
3.316154            
5.305605            
4.777935            
4.583077            
4.730529            
3.563912            
3.345745            
2.594980            
4.080461            
5.103638            
5.994931            
6.760679            
4.431638            
6.121611            
4.004316            
4.491380            
3.296852            
3.534292            
5.064824            
8.815622            
3.660634            
4.441390            
5.943423            
7.589445            
5.182572            
4.364883            
4.646337            
3.345745            
4.341228            
2.964410            
3.892034            
3.993362            
6.858690            
6.341728            
5.988742            
6.095709            
5.533109            
5.738028            
3.014246            
4.392466            
6.980100            
4.684567            
3.492467            
5.518891            
7.269494            
4.562183            
4.160697            
3.975523            
3.664726            
4.046301            
5.175790            
7.492239            
9.066930            
3.246522            
5.493509            
4.225019            
5.590793            
4.629896            
4.728332            
8.538603            
4.221520            
4.813804            
3.470777            
3.853727            
4.149494            
3.404689            
3.497034            
6.504020            
6.601885            
10.038904           
4.286855            
5.636108            
4.793061            
6.863419            
4.291119            
4.592977            
5.531079            
6.856517            
4.129367            
3.912215            
6.055616            
3.739705            
4.948414            
4.898721            
4.378654            
5.996529            
3.555069            
4.493635            
5.881493            
3.131894            
4.107497            
5.480770            
6.184526            
5.857675            
6.876753            
4.228953            
5.668005            
2.334965            
3.586453            
3.754949            
4.183979            
3.910603            
5.430960            
6.989558            
5.563102            
6.073078            
5.307362            
7.682270            
4.637045            
3.908370            
4.384774            
8.048857            
2.699046            
5.318167            
7.937275            
4.555519            
3.870298            
5.900917            
3.738527            
6.452948            
3.181280            
5.132055            
5.530530            
3.502545            
5.972821            
6.645413            
8.575391            
3.717644            
4.068287            
4.088869            
4.467401            
3.096878            
6.105661            
3.513568            
4.027998            
3.665249            
8.957817            
3.402050            
5.481701            
6.022775            
3.183504            
6.639858            
3.635090            
2.593231            
4.147874            
5.822493            
4.828406            
7.446577            
9.692555            
4.095938            
6.739766            
3.130821            
6.398338            
4.148300            
2.825953            
3.705100            
6.201649            
4.928026            
8.407560            
3.323814            
6.403177            
6.605042            
3.511556            
5.658544            
6.167006            
5.906944            
3.910603            
7.280292            
8.235363            
8.559353            
5.600825            
4.837924            
4.351883            
2.879104            
3.510308            
4.771640            
3.231755            
3.872025            
5.097142            
4.724861            
4.364883            
2.834976            
4.273683            
