5.158659            
4.675571            
8.076655            
4.596743            
4.398141            
6.451596            
11.087184           
5.813602            
5.474531            
2.982073            
3.160450            
3.975785            
7.225318            
8.101844            
4.804854            
6.008882            
4.663028            
5.003419            
4.195803            
7.074575            
7.077271            
5.038288            
4.967909            
4.208187            
4.344719            
7.279757            
7.671030            
4.686016            
6.786536            
7.359931            
5.928221            
8.112426            
9.654599            
5.428371            
4.204337            
6.877670            
5.531842            
4.289564            
6.287146            
5.436151            
4.256171            
5.665643            
8.370783            
4.563661            
4.991764            
4.234534            
5.300728            
4.535195            
7.753575            
4.303764            
5.229508            
5.194434            
6.754857            
4.332379            
5.180461            
5.035405            
3.892137            
3.495447            
5.582568            
3.971472            
4.502308            
5.056743            
5.698565            
3.336490            
4.881590            
6.550173            
5.709549            
7.519602            
5.517278            
3.310737            
7.615689            
2.959015            
4.802021            
5.145049            
4.492566            
6.206041            
5.607742            
6.425261            
4.383582            
3.979570            
5.966710            
4.367298            
4.810053            
5.537197            
4.378261            
7.990189            
7.187428            
4.124635            
5.906615            
5.903944            
3.989085            
4.985115            
4.826280            
7.509995            
4.633917            
3.453610            
6.099063            
4.903139            
6.383441            
4.378497            
5.718997            
5.291216            
7.701626            
5.015104            
4.606690            
5.649167            
5.929641            
8.322675            
4.324339            
12.572022           
5.452031            
4.925410            
6.714551            
4.951609            
5.007938            
5.598008            
4.879740            
4.912723            
5.128862            
5.954350            
6.384689            
7.489144            
6.395904            
5.162675            
4.247345            
5.162403            
5.479969            
4.440106            
5.762753            
6.314575            
4.508127            
7.397753            
5.445805            
4.168145            
4.325183            
5.127525            
8.925129            
4.744314            
5.885745            
4.599262            
5.599225            
5.442770            
3.523590            
5.818220            
5.903135            
3.501999            
4.521898            
7.917388            
6.059102            
6.543698            
7.672912            
4.202090            
4.518691            
6.699930            
5.068458            
5.121954            
4.610901            
4.013833            
7.360898            
6.290967            
6.160416            
5.127489            
5.180327            
3.741520            
5.396291            
4.633767            
3.531510            
5.585156            
7.916952            
4.716530            
5.217366            
4.792597            
4.153490            
4.246840            
3.561447            
5.633956            
6.181129            
3.444617            
3.400408            
4.610469            
6.479746            
5.989370            
10.037954           
6.301323            
4.289564            
4.186086            
3.679071            
4.785614            
3.033678            
4.702542            
6.771616            
4.580252            
3.986981            
6.220548            
6.500068            
5.916717            
9.458507            
4.000148            
5.350502            
6.600429            
4.811543            
5.624914            
4.183042            
6.166080            
4.354380            
5.431468            
3.851073            
5.140437            
5.564271            
3.684877            
4.668551            
3.797333            
4.577765            
4.301481            
4.691175            
5.461454            
6.238030            
6.953017            
3.710135            
4.153490            
4.712181            
2.809354            
3.869343            
6.534002            
3.552926            
6.418500            
5.356415            
4.486774            
5.010461            
6.521785            
4.878901            
4.838901            
3.188733            
5.556473            
6.340797            
8.647995            
6.153115            
3.679575            
4.999103            
3.828958            
5.333221            
4.623910            
7.299522            
5.752448            
5.797900            
5.338687            
3.661037            
5.079893            
6.415315            
4.728061            
6.962208            
3.434926            
4.561053            
5.325520            
6.673338            
12.376761           
6.588166            
4.763974            
11.306765           
3.841166            
3.763169            
4.998968            
5.981454            
5.038754            
4.539878            
4.775104            
4.339189            
6.160698            
4.221753            
4.858575            
5.947375            
7.179377            
4.344719            
5.720158            
5.429042            
5.810252            
7.365765            
5.631716            
4.599329            
5.963035            
5.450595            
5.099286            
3.960650            
8.803618            
5.000600            
4.908530            
3.597180            
8.921884            
5.157077            
5.261270            
3.623135            
4.942245            
9.100505            
5.594627            
7.620508            
5.582952            
4.398790            
7.999253            
6.094421            
4.894029            
5.867421            
4.827242            
6.575588            
9.067297            
6.022525            
4.189858            
4.771725            
6.596584            
5.076930            
3.970122            
6.094564            
6.923696            
4.735939            
9.067297            
4.376821            
6.553179            
5.574914            
4.961058            
6.666794            
9.307449            
6.373445            
6.502922            
9.350961            
3.864147            
4.218491            
5.368737            
8.055705            
5.449262            
6.174695            
5.158222            
9.823689            
5.820701            
4.957886            
6.532638            
6.144110            
3.610204            
6.077895            
6.027790            
6.813063            
5.107806            
5.264966            
7.154620            
5.789190            
6.075751            
4.374451            
8.636582            
7.160964            
7.269992            
6.917483            
8.368127            
5.288017            
5.647529            
6.676319            
8.649627            
6.686719            
5.636500            
7.265456            
10.413889           
6.896044            
11.298145           
7.572099            
7.267552            
3.770972            
4.058945            
4.662952            
6.595207            
6.287870            
5.459292            
6.247073            
3.833505            
4.722103            
3.955918            
5.957290            
4.015496            
7.051701            
4.468260            
4.786987            
3.895346            
5.802933            
6.048545            
5.514661            
4.342147            
5.270191            
5.800881            
4.970209            
6.029877            
3.534526            
5.169608            
4.262400            
6.560504            
5.587606            
5.144376            
4.409121            
7.088222            
4.169533            
6.702260            
5.752132            
5.888760            
4.776404            
5.596702            
5.954885            
9.994229            
6.364817            
9.037471            
4.075686            
5.625099            
7.249076            
4.914860            
6.016098            
5.625840            
7.287623            
5.694434            
5.944843            
7.471043            
7.687728            
5.358548            
5.541364            
9.139727            
13.489238           
5.409910            
3.774177            
4.349019            
3.819803            
5.034354            
4.450371            
4.889516            
7.708279            
5.721264            
5.112409            
7.243645            
2.820146            
3.953452            
4.711264            
5.140437            
9.508540            
5.556255            
4.644046            
4.822256            
4.831532            
2.922682            
5.011180            
5.479835            
5.589130            
6.155839            
3.507366            
5.042897            
4.339656            
4.295312            
4.304255            
6.057649            
5.771672            
4.453930            
5.510853            
5.130583            
5.124660            
5.875827            
5.462989            
6.333173            
7.280477            
5.572219            
5.430608            
3.083520            
3.589752            
5.976035            
6.274843            
7.285305            
4.398790            
3.180181            
4.888117            
4.826079            
6.314014            
4.137233            
4.535353            
3.358158            
4.535074            
4.943624            
4.267734            
8.465251            
8.434925            
6.686942            
3.252806            
6.170020            
4.477694            
7.081602            
8.812286            
6.603264            
5.683785            
4.921629            
9.394249            
6.320299            
6.745791            
5.169671            
4.440104            
4.560249            
6.317493            
7.913840            
6.787182            
5.905264            
5.132878            
5.694096            
7.770816            
5.315318            
6.127515            
5.311817            
5.571679            
4.573561            
7.809953            
5.211916            
5.634069            
5.317398            
4.199131            
5.830170            
4.535930            
6.323687            
5.529914            
5.017162            
6.350706            
4.807781            
3.278720            
9.517093            
8.803002            
5.320594            
3.898683            
5.933019            
9.388378            
5.540103            
5.541364            
6.381321            
8.015975            
4.480084            
4.562662            
10.025419           
4.012294            
6.350249            
5.206404            
4.831532            
6.157786            
3.845806            
4.969936            
8.264288            
5.190437            
4.973084            
8.707546            
4.426338            
4.496092            
6.701660            
4.118895            
5.283141            
5.386556            
4.875073            
6.042472            
6.420143            
10.554128           
5.421316            
5.056022            
6.009626            
6.977653            
3.798666            
4.255255            
8.514913            
4.558605            
6.227036            
6.847422            
5.234335            
4.204337            
9.307442            
5.459791            
4.134630            
3.953739            
4.573976            
3.962494            
6.532611            
4.947257            
5.635466            
4.642787            
4.655465            
7.052163            
4.118859            
5.114031            
6.775125            
6.674117            
6.540839            
7.473043            
4.434148            
6.848638            
4.929686            
6.268518            
6.221178            
3.493756            
7.927787            
4.513265            
6.642908            
5.733662            
5.750088            
6.301634            
6.669306            
4.286359            
5.250854            
6.054583            
4.163982            
6.459047            
4.977708            
5.832746            
5.425773            
4.604947            
7.162558            
6.126273            
6.274466            
5.255699            
4.771445            
5.980306            
3.591243            
5.979490            
5.128486            
4.652847            
3.981941            
4.342341            
6.548528            
4.477161            
3.887233            
6.000464            
5.247725            
5.255845            
4.339944            
5.128862            
5.181931            
5.556775            
5.765767            
4.957110            
5.402269            
7.793203            
5.217215            
5.906819            
11.135294           
5.775766            
4.736418            
4.754141            
4.508911            
3.918989            
4.582911            
5.743791            
3.779644            
4.782284            
5.677941            
3.695191            
5.422565            
4.163722            
4.603936            
5.083722            
4.491930            
5.798114            
5.459331            
3.878612            
6.195796            
7.723465            
6.314894            
7.125036            
4.477694            
6.222225            
6.066644            
13.438150           
5.415470            
6.433658            
4.309650            
3.970236            
4.295881            
4.351105            
4.957110            
7.068030            
5.519930            
7.882222            
3.594392            
3.500366            
5.234169            
6.855262            
6.657272            
6.153540            
3.905777            
3.979837            
6.492255            
7.202501            
4.207077            
5.360576            
6.555269            
5.353116            
3.222593            
5.640561            
3.517367            
4.612561            
5.128486            
5.845148            
5.843500            
9.524083            
8.644537            
8.381820            
5.832231            
6.688579            
4.733274            
4.910844            
6.076566            
6.291326            
6.360432            
6.547216            
2.982726            
4.235902            
5.251420            
5.647288            
4.742168            
5.822847            
4.804769            
6.830536            
7.269286            
7.524834            
5.435851            
5.906615            
6.147727            
4.608618            
4.762776            
3.920442            
5.046339            
8.381703            
4.612324            
5.039380            
3.367640            
5.560827            
4.727153            
4.506694            
6.754740            
2.937162            
6.674117            
5.156182            
5.833277            
4.283379            
8.634413            
6.305658            
4.440180            
4.895242            
6.441372            
6.918704            
4.460961            
4.613936            
3.730487            
4.814828            
7.970502            
4.019452            
4.527648            
4.124408            
6.356071            
5.701490            
5.999744            
4.846653            
5.000173            
4.732732            
7.252994            
5.548153            
4.990051            
6.739244            
4.027128            
5.127525            
3.964285            
5.834982            
3.958737            
6.761004            
3.956417            
5.243184            
12.538220           
4.760028            
3.934187            
3.134844            
5.196722            
4.649794            
5.347536            
4.105698            
5.943396            
5.161912            
4.435746            
9.405699            
6.553179            
6.056233            
5.668450            
4.549325            
6.102009            
4.477035            
5.130805            
5.754375            
6.967269            
6.285705            
3.928993            
6.183683            
6.791046            
6.452619            
4.083927            
5.184341            
3.681012            
5.191074            
3.715012            
6.935051            
4.563862            
4.768386            
7.274323            
5.736876            
4.140751            
6.841696            
5.354912            
6.504155            
5.073581            
5.688639            
5.111609            
7.004188            
4.720658            
3.492911            
4.632790            
4.663028            
5.264327            
5.422565            
2.841891            
5.986427            
7.943241            
4.579331            
10.000411           
4.194627            
6.735310            
3.756994            
3.809967            
5.652381            
4.137233            
5.035135            
5.718054            
3.916357            
4.384525            
4.680939            
7.794435            
6.850290            
10.649855           
5.169608            
4.463954            
4.757642            
4.703071            
6.205044            
6.814800            
4.625011            
4.907441            
3.686122            
6.565956            
6.314575            
4.760028            
3.979570            
9.398064            
4.870613            
4.058645            
4.674135            
5.508557            
3.724057            
6.349359            
6.224741            
7.896503            
8.045415            
4.086427            
5.505497            
6.227114            
4.765731            
5.487088            
5.168772            
4.315856            
6.457234            
4.788681            
3.987639            
5.218459            
4.323742            
6.000155            
5.181931            
4.388874            
6.684278            
7.175864            
6.233822            
7.996843            
4.651698            
5.141228            
8.377387            
3.817179            
5.329971            
6.725356            
6.901533            
5.252221            
4.809038            
6.408332            
8.439739            
8.333136            
5.230022            
4.733274            
6.985973            
3.187683            
5.018612            
7.140698            
6.852286            
5.119503            
6.373364            
5.334628            
7.246452            
7.506233            
9.060320            
3.494618            
3.481869            
8.534374            
6.824774            
4.811543            
6.806609            
3.263644            
5.237989            
5.647288            
4.201814            
3.979219            
4.196325            
6.880484            
4.677624            
5.940907            
5.251095            
4.796033            
5.638761            
5.810719            
4.351149            
5.411638            
5.461454            
3.946750            
2.784060            
3.983118            
7.211366            
3.602027            
5.662190            
6.061819            
5.344532            
5.449036            
7.602054            
4.199598            
5.338166            
6.986691            
7.196410            
5.729916            
7.332114            
5.137153            
3.555294            
4.003258            
6.822252            
8.546002            
11.691902           
5.279657            
4.833827            
11.846053           
3.640407            
4.949486            
5.713420            
6.687751            
5.162675            
4.408329            
4.464932            
5.254687            
4.171713            
4.770162            
3.861899            
6.686738            
5.445581            
5.862043            
3.024697            
3.828063            
4.340558            
4.948706            
6.257246            
8.666094            
5.661073            
4.598603            
7.019300            
3.985896            
3.546916            
5.169608            
4.306863            
6.420797            
4.384967            
5.033248            
4.208663            
5.288502            
6.417770            
4.842576            
4.556390            
3.986981            
4.887270            
5.643040            
5.788052            
4.826280            
3.562984            
3.977212            
6.173642            
6.050037            
5.472612            
4.370045            
7.241736            
5.325520            
4.742786            
6.801787            
4.479064            
