226                             1                   1e-17               616                 132.80              4.64                16.56               3814341.00          2                   1.60                1.25                1.25                45926.00            22.462656           120.475133          F 
229                             1                   1e-17               616                 132.80              4.64                16.56               3814341.00          2                   0.55                3.63                3.64                15830.00            22.441421           120.512509          F 
219                             1                   1e-17               616                 132.80              4.64                16.56               3814341.00          0                   0.33                0                   0                   9548.00             22.479807           120.518056          F 
221                             1                   1e-17               616                 132.80              4.64                16.56               3814341.00          1                   0.51                1.96                1.97                14619.00            22.515282           120.500660          F 
223                             1                   1e-17               616                 132.80              4.64                16.56               3814341.00          2                   1.11                1.80                1.81                31831.00            22.517190           120.450143          F 
216                             1                   1e-17               616                 132.80              4.64                16.56               3814341.00          1                   0.60                1.66                1.66                17294.00            22.429806           120.547612          F 
284                             1                   1e-17               616                 132.80              4.64                16.56               3814341.00          15                  2.36                6.36                6.47                67696.00            22.508137           120.399052          F 
224                             1                   1e-17               616                 132.80              4.64                16.56               3814341.00          1                   0.32                3.17                3.17                9064.00             22.486763           120.584626          F 
232                             1                   1e-17               616                 132.80              4.64                16.56               3814341.00          3                   1.83                1.64                1.64                52594.00            22.536429           120.556806          F 
238                             1                   1e-17               616                 132.80              4.64                16.56               3814341.00          1                   1.69                0.59                0.59                48660.00            22.588495           120.476619          F 
227                             1                   1e-17               616                 132.80              4.64                16.56               3814341.00          5                   0.78                6.40                6.44                22429.00            22.403342           120.597584          F 
237                             1                   1e-17               616                 132.80              4.64                16.56               3814341.00          1                   0.53                1.87                1.87                15355.00            22.588556           120.526638          F 
279                             1                   1e-17               616                 132.80              4.64                16.56               3814341.00          7                   5.35                1.31                1.31                153705.00           22.551402           120.359261          F 
247                             1                   1e-17               616                 132.80              4.64                16.56               3814341.00          4                   3.91                1.02                1.02                112360.00           22.592836           120.411147          F 
235                             1                   1e-17               616                 132.80              4.64                16.56               3814341.00          0                   0.42                0                   0                   12115.00            22.340003           120.371047          F 
239                             1                   1e-17               616                 132.80              4.64                16.56               3814341.00          1                   0.66                1.52                1.52                18893.00            22.582335           120.601817          F 
280                             1                   1e-17               616                 132.80              4.64                16.56               3814341.00          32                  12.36               2.59                2.66                354878.00           22.613793           120.355436          F 
246                             1                   1e-17               616                 132.80              4.64                16.56               3814341.00          0                   0.36                0                   0                   10461.00            22.648764           120.529969          F 
217                             1                   1e-17               616                 132.80              4.64                16.56               3814341.00          0                   0.25                0                   0                   7320.00             22.501572           120.685723          F 
220                             1                   1e-17               616                 132.80              4.64                16.56               3814341.00          6                   6.64                0.90                0.90                190796.00           22.664738           120.479995          F 
277                             1                   1e-17               616                 132.80              4.64                16.56               3814341.00          31                  7.08                4.38                4.52                203303.00           22.585656           120.289154          F 
225                             1                   1e-17               616                 132.80              4.64                16.56               3814341.00          1                   0.17                5.93                5.93                4846.00             22.403998           120.697580          F 
276                             1                   1e-17               616                 132.80              4.64                16.56               3814341.00          13                  5.66                2.30                2.32                162436.00           22.623594           120.320910          F 
218                             1                   1e-17               616                 132.80              4.64                16.56               3814341.00          0                   1.84                0                   0                   52791.00            22.651169           120.588822          F 
251                             1                   1e-17               616                 132.80              4.64                16.56               3814341.00          10                  1.53                6.53                6.60                43997.00            22.662493           120.372778          F 
274                             1                   1e-17               616                 132.80              4.64                16.56               3814341.00          1                   1.72                0.58                0.58                49494.00            22.629929           120.306734          F 
275                             1                   1e-17               616                 132.80              4.64                16.56               3814341.00          2                   0.95                2.10                2.10                27396.00            22.626991           120.294422          F 
273                             1                   1e-17               616                 132.80              4.64                16.56               3814341.00          18                  11.46               1.57                1.58                329127.00           22.649899           120.317919          F 
269                             1                   1e-17               616                 132.80              4.64                16.56               3814341.00          1                   0.77                1.30                1.30                22171.00            22.624246           120.284233          F 
242                             1                   1e-17               616                 132.80              4.64                16.56               3814341.00          2                   1.02                1.96                1.97                29268.00            22.694550           120.555979          F 
230                             1                   1e-17               616                 132.80              4.64                16.56               3814341.00          1                   0.18                5.42                5.43                5297.00             22.604085           120.691793          F 
248                             1                   1e-17               616                 132.80              4.64                16.56               3814341.00          15                  1.40                10.74               10.92               40120.00            22.711004           120.425407          F 
228                             1                   1e-17               616                 132.80              4.64                16.56               3814341.00          1                   0.17                5.84                5.85                4919.00             22.270870           120.656767          F 
249                             1                   1e-17               616                 132.80              4.64                16.56               3814341.00          12                  1.18                10.18               10.32               33856.00            22.701208           120.360526          F 
270                             1                   1e-17               616                 132.80              4.64                16.56               3814341.00          15                  4.92                3.05                3.09                141383.00           22.650195           120.274163          F 
215                             1                   1e-17               616                 132.80              4.64                16.56               3814341.00          1                   0.75                1.34                1.34                21465.00            22.731668           120.484504          F 
271                             1                   1e-17               616                 132.80              4.64                16.56               3814341.00          62                  6.88                9.01                9.67                197750.00           22.683957           120.295159          F 
236                             1                   1e-17               616                 132.80              4.64                16.56               3814341.00          2                   0.25                8.04                8.06                7143.00             22.671078           120.679924          F 
245                             1                   1e-17               616                 132.80              4.64                16.56               3814341.00          1                   0.83                1.20                1.20                23857.00            22.742536           120.569394          F 
250                             1                   1e-17               616                 132.80              4.64                16.56               3814341.00          7                   3.47                2.02                2.03                99541.00            22.739835           120.370799          F 
272                             1                   1e-17               616                 132.80              4.64                16.56               3814341.00          88                  6.79                12.96               14.43               194996.00           22.721100           120.300758          F 
234                             1                   1e-17               616                 132.80              4.64                16.56               3814341.00          2                   0.17                11.96               11.98               4804.00             22.260849           120.735645          F 
252                             1                   1e-17               616                 132.80              4.64                16.56               3814341.00          9                   1.50                6.00                6.05                43095.00            22.752524           120.300653          F 
241                             1                   1e-17               616                 132.80              4.64                16.56               3814341.00          2                   0.87                2.29                2.29                25071.00            22.798548           120.506128          F 
253                             1                   1e-17               616                 132.80              4.64                16.56               3814341.00          7                   0.99                7.05                7.10                28531.00            22.787696           120.370799          F 
119                             1                   1e-17               616                 132.80              4.64                16.56               3814341.00          0                   0.12                0                   0                   3402.00             22.384307           120.835524          F 
261                             1                   1e-17               616                 132.80              4.64                16.56               3814341.00          36                  1.21                29.75               31.10               34751.00            22.748209           120.259399          F 
244                             1                   1e-17               616                 132.80              4.64                16.56               3814341.00          0                   0.76                0                   0                   21908.00            22.809920           120.601768          F 
120                             1                   1e-17               616                 132.80              4.64                16.56               3814341.00          0                   0.13                0                   0                   3673.00             22.581617           120.857038          F 
281                             1                   1e-17               616                 132.80              4.64                16.56               3814341.00          10                  3.31                3.02                3.05                94957.00            22.805059           120.297891          F 
260                             1                   1e-17               616                 132.80              4.64                16.56               3814341.00          10                  0.62                16.03               16.21               17923.00            22.779445           120.239457          F 
214                             1                   1e-17               616                 132.80              4.64                16.56               3814341.00          2                   0.27                7.53                7.55                7624.00             22.797868           120.686522          F 
110                             1                   1e-17               616                 132.80              4.64                16.56               3814341.00          0                   0.19                0                   0                   5431.00             22.383595           120.899170          F 
282                             1                   1e-17               616                 132.80              4.64                16.56               3814341.00          0                   1.17                0                   0                   33721.00            22.864970           120.475455          F 
254                             1                   1e-17               616                 132.80              4.64                16.56               3814341.00          1                   0.22                4.62                4.62                6218.00             22.863943           120.395984          F 
243                             1                   1e-17               616                 132.80              4.64                16.56               3814341.00          0                   0.12                0                   0                   3440.00             22.759905           120.800810          F 
259                             1                   1e-17               616                 132.80              4.64                16.56               3814341.00          4                   0.47                8.42                8.46                13641.00            22.822246           120.228051          F 
255                             1                   1e-17               616                 132.80              4.64                16.56               3814341.00          2                   0.94                2.13                2.13                26955.00            22.870229           120.321097          F 
256                             1                   1e-17               616                 132.80              4.64                16.56               3814341.00          8                   1.72                4.65                4.68                49443.00            22.857242           120.265987          F 
233                             1                   1e-17               616                 132.80              4.64                16.56               3814341.00          0                   0.16                0                   0                   4658.00             22.155529           120.817361          F 
283                             1                   1e-17               616                 132.80              4.64                16.56               3814341.00          2                   1.27                1.57                1.57                36518.00            22.900055           120.563463          F 
240                             1                   1e-17               616                 132.80              4.64                16.56               3814341.00          16                  0.27                60.03               61.23               7655.00             22.079156           120.743263          F 
111                             1                   1e-17               616                 132.80              4.64                16.56               3814341.00          0                   0.37                0                   0                   10486.00            22.590981           120.979764          F 
257                             1                   1e-17               616                 132.80              4.64                16.56               3814341.00          7                   1.02                6.83                6.88                29439.00            22.893250           120.225937          F 
258                             1                   1e-17               616                 132.80              4.64                16.56               3814341.00          44                  1.00                43.81               46.29               28844.00            22.882414           120.198052          F 
265                             1                   1e-17               616                 132.80              4.64                16.56               3814341.00          0                   0.44                0                   0                   12730.00            22.956688           120.471927          F 
173                             1                   1e-17               616                 132.80              4.64                16.56               3814341.00          0                   0.11                0                   0                   3274.00             22.954823           120.386937          F 
170                             1                   1e-17               616                 132.80              4.64                16.56               3814341.00          0                   1.16                0                   0                   33234.00            22.955779           120.334282          F 
165                             1                   1e-17               616                 132.80              4.64                16.56               3814341.00          2                   2.44                0.82                0.82                70134.00            22.946795           120.293063          F 
266                             1                   1e-17               616                 132.80              4.64                16.56               3814341.00          0                   0.064               0                   0                   1851.00             22.919933           120.752384          F 
140                             1                   1e-17               616                 132.80              4.64                16.56               3814341.00          18                  2.70                6.65                6.78                77688.00            22.941309           120.241879          F 
231                             1                   1e-17               616                 132.80              4.64                16.56               3814341.00          0                   0.25                0                   0                   7143.00             22.049300           120.843568          F 
264                             1                   1e-17               616                 132.80              4.64                16.56               3814341.00          2                   0.37                5.38                5.39                10672.00            22.996947           120.562197          F 
222                             1                   1e-17               616                 132.80              4.64                16.56               3814341.00          25                  1.01                24.76               25.52               29003.00            21.985316           120.763254          F 
146                             1                   1e-17               616                 132.80              4.64                16.56               3814341.00          39                  4.17                9.34                9.77                119894.00           22.955619           120.190374          F 
259                             2                   1e-17               346                 35.79               9.67                16.21               1028041.00          4                   0.47                8.42                8.46                13641.00            22.822246           120.228051          T 
260                             2                   1e-17               346                 35.79               9.67                16.21               1028041.00          10                  0.62                16.03               16.21               17923.00            22.779445           120.239457          T 
256                             2                   1e-17               346                 35.79               9.67                16.21               1028041.00          8                   1.72                4.65                4.68                49443.00            22.857242           120.265987          T 
258                             2                   1e-17               346                 35.79               9.67                16.21               1028041.00          44                  1.00                43.81               46.29               28844.00            22.882414           120.198052          T 
281                             2                   1e-17               346                 35.79               9.67                16.21               1028041.00          10                  3.31                3.02                3.05                94957.00            22.805059           120.297891          T 
257                             2                   1e-17               346                 35.79               9.67                16.21               1028041.00          7                   1.02                6.83                6.88                29439.00            22.893250           120.225937          T 
261                             2                   1e-17               346                 35.79               9.67                16.21               1028041.00          36                  1.21                29.75               31.10               34751.00            22.748209           120.259399          T 
252                             2                   1e-17               346                 35.79               9.67                16.21               1028041.00          9                   1.50                6.00                6.05                43095.00            22.752524           120.300653          T 
255                             2                   1e-17               346                 35.79               9.67                16.21               1028041.00          2                   0.94                2.13                2.13                26955.00            22.870229           120.321097          T 
140                             2                   1e-17               346                 35.79               9.67                16.21               1028041.00          18                  2.70                6.65                6.78                77688.00            22.941309           120.241879          T 
272                             2                   1e-17               346                 35.79               9.67                16.21               1028041.00          88                  6.79                12.96               14.43               194996.00           22.721100           120.300758          T 
253                             2                   1e-17               346                 35.79               9.67                16.21               1028041.00          7                   0.99                7.05                7.10                28531.00            22.787696           120.370799          T 
146                             2                   1e-17               346                 35.79               9.67                16.21               1028041.00          39                  4.17                9.34                9.77                119894.00           22.955619           120.190374          T 
165                             2                   1e-17               346                 35.79               9.67                16.21               1028041.00          2                   2.44                0.82                0.82                70134.00            22.946795           120.293063          T 
271                             2                   1e-17               346                 35.79               9.67                16.21               1028041.00          62                  6.88                9.01                9.67                197750.00           22.683957           120.295159          T 
222                             3                   1e-17               41                  1.28                32.12               33.80               36658.00            25                  1.01                24.76               25.52               29003.00            21.985316           120.763254          T 
240                             3                   1e-17               41                  1.28                32.12               33.80               36658.00            16                  0.27                60.03               61.23               7655.00             22.079156           120.743263          T 
276                             4                   5.55112e-16         123                 46.45               2.65                2.95                1334185.00          13                  5.66                2.30                2.32                162436.00           22.623594           120.320910          T 
274                             4                   5.55112e-16         123                 46.45               2.65                2.95                1334185.00          1                   1.72                0.58                0.58                49494.00            22.629929           120.306734          T 
275                             4                   5.55112e-16         123                 46.45               2.65                2.95                1334185.00          2                   0.95                2.10                2.10                27396.00            22.626991           120.294422          T 
273                             4                   5.55112e-16         123                 46.45               2.65                2.95                1334185.00          18                  11.46               1.57                1.58                329127.00           22.649899           120.317919          T 
280                             4                   5.55112e-16         123                 46.45               2.65                2.95                1334185.00          32                  12.36               2.59                2.66                354878.00           22.613793           120.355436          T 
269                             4                   5.55112e-16         123                 46.45               2.65                2.95                1334185.00          1                   0.77                1.30                1.30                22171.00            22.624246           120.284233          T 
277                             4                   5.55112e-16         123                 46.45               2.65                2.95                1334185.00          31                  7.08                4.38                4.52                203303.00           22.585656           120.289154          T 
270                             4                   5.55112e-16         123                 46.45               2.65                2.95                1334185.00          15                  4.92                3.05                3.09                141383.00           22.650195           120.274163          T 
251                             4                   5.55112e-16         123                 46.45               2.65                2.95                1334185.00          10                  1.53                6.53                6.60                43997.00            22.662493           120.372778          T 
217                             5                   0.0000117           80                  38.12               2.10                2.22                1094855.00          0                   0.25                0                   0                   7320.00             22.501572           120.685723          T 
224                             5                   0.0000117           80                  38.12               2.10                2.22                1094855.00          1                   0.32                3.17                3.17                9064.00             22.486763           120.584626          T 
225                             5                   0.0000117           80                  38.12               2.10                2.22                1094855.00          1                   0.17                5.93                5.93                4846.00             22.403998           120.697580          T 
230                             5                   0.0000117           80                  38.12               2.10                2.22                1094855.00          1                   0.18                5.42                5.43                5297.00             22.604085           120.691793          T 
239                             5                   0.0000117           80                  38.12               2.10                2.22                1094855.00          1                   0.66                1.52                1.52                18893.00            22.582335           120.601817          T 
232                             5                   0.0000117           80                  38.12               2.10                2.22                1094855.00          3                   1.83                1.64                1.64                52594.00            22.536429           120.556806          T 
227                             5                   0.0000117           80                  38.12               2.10                2.22                1094855.00          5                   0.78                6.40                6.44                22429.00            22.403342           120.597584          T 
216                             5                   0.0000117           80                  38.12               2.10                2.22                1094855.00          1                   0.60                1.66                1.66                17294.00            22.429806           120.547612          T 
219                             5                   0.0000117           80                  38.12               2.10                2.22                1094855.00          0                   0.33                0                   0                   9548.00             22.479807           120.518056          T 
236                             5                   0.0000117           80                  38.12               2.10                2.22                1094855.00          2                   0.25                8.04                8.06                7143.00             22.671078           120.679924          T 
237                             5                   0.0000117           80                  38.12               2.10                2.22                1094855.00          1                   0.53                1.87                1.87                15355.00            22.588556           120.526638          T 
229                             5                   0.0000117           80                  38.12               2.10                2.22                1094855.00          2                   0.55                3.63                3.64                15830.00            22.441421           120.512509          T 
221                             5                   0.0000117           80                  38.12               2.10                2.22                1094855.00          1                   0.51                1.96                1.97                14619.00            22.515282           120.500660          T 
218                             5                   0.0000117           80                  38.12               2.10                2.22                1094855.00          0                   1.84                0                   0                   52791.00            22.651169           120.588822          T 
120                             5                   0.0000117           80                  38.12               2.10                2.22                1094855.00          0                   0.13                0                   0                   3673.00             22.581617           120.857038          T 
119                             5                   0.0000117           80                  38.12               2.10                2.22                1094855.00          0                   0.12                0                   0                   3402.00             22.384307           120.835524          T 
226                             5                   0.0000117           80                  38.12               2.10                2.22                1094855.00          2                   1.60                1.25                1.25                45926.00            22.462656           120.475133          T 
246                             5                   0.0000117           80                  38.12               2.10                2.22                1094855.00          0                   0.36                0                   0                   10461.00            22.648764           120.529969          T 
238                             5                   0.0000117           80                  38.12               2.10                2.22                1094855.00          1                   1.69                0.59                0.59                48660.00            22.588495           120.476619          T 
223                             5                   0.0000117           80                  38.12               2.10                2.22                1094855.00          2                   1.11                1.80                1.81                31831.00            22.517190           120.450143          T 
242                             5                   0.0000117           80                  38.12               2.10                2.22                1094855.00          2                   1.02                1.96                1.97                29268.00            22.694550           120.555979          T 
110                             5                   0.0000117           80                  38.12               2.10                2.22                1094855.00          0                   0.19                0                   0                   5431.00             22.383595           120.899170          T 
228                             5                   0.0000117           80                  38.12               2.10                2.22                1094855.00          1                   0.17                5.84                5.85                4919.00             22.270870           120.656767          T 
234                             5                   0.0000117           80                  38.12               2.10                2.22                1094855.00          2                   0.17                11.96               11.98               4804.00             22.260849           120.735645          T 
220                             5                   0.0000117           80                  38.12               2.10                2.22                1094855.00          6                   6.64                0.90                0.90                190796.00           22.664738           120.479995          T 
245                             5                   0.0000117           80                  38.12               2.10                2.22                1094855.00          1                   0.83                1.20                1.20                23857.00            22.742536           120.569394          T 
284                             5                   0.0000117           80                  38.12               2.10                2.22                1094855.00          15                  2.36                6.36                6.47                67696.00            22.508137           120.399052          T 
247                             5                   0.0000117           80                  38.12               2.10                2.22                1094855.00          4                   3.91                1.02                1.02                112360.00           22.592836           120.411147          T 
243                             5                   0.0000117           80                  38.12               2.10                2.22                1094855.00          0                   0.12                0                   0                   3440.00             22.759905           120.800810          T 
111                             5                   0.0000117           80                  38.12               2.10                2.22                1094855.00          0                   0.37                0                   0                   10486.00            22.590981           120.979764          T 
215                             5                   0.0000117           80                  38.12               2.10                2.22                1094855.00          1                   0.75                1.34                1.34                21465.00            22.731668           120.484504          T 
214                             5                   0.0000117           80                  38.12               2.10                2.22                1094855.00          2                   0.27                7.53                7.55                7624.00             22.797868           120.686522          T 
279                             5                   0.0000117           80                  38.12               2.10                2.22                1094855.00          7                   5.35                1.31                1.31                153705.00           22.551402           120.359261          T 
244                             5                   0.0000117           80                  38.12               2.10                2.22                1094855.00          0                   0.76                0                   0                   21908.00            22.809920           120.601768          T 
248                             5                   0.0000117           80                  38.12               2.10                2.22                1094855.00          15                  1.40                10.74               10.92               40120.00            22.711004           120.425407          T 
145                             6                   0.330               10                  2.65                3.78                3.82                75970.00            0                   0.27                0                   0                   7713.00             23.115111           120.544122          F 
164                             6                   0.330               10                  2.65                3.78                3.82                75970.00            0                   0.30                0                   0                   8518.00             23.178859           120.517030          F 
263                             6                   0.330               10                  2.65                3.78                3.82                75970.00            3                   0.19                16.05               16.11               5369.00             23.116550           120.623289          F 
167                             6                   0.330               10                  2.65                3.78                3.82                75970.00            2                   0.45                4.49                4.50                12791.00            23.114809           120.460962          F 
264                             6                   0.330               10                  2.65                3.78                3.82                75970.00            2                   0.37                5.38                5.39                10672.00            22.996947           120.562197          F 
148                             6                   0.330               10                  2.65                3.78                3.82                75970.00            0                   0.30                0                   0                   8546.00             23.144822           120.398815          F 
262                             6                   0.330               10                  2.65                3.78                3.82                75970.00            1                   0.40                2.52                2.52                11396.00            23.011954           120.658563          F 
156                             6                   0.330               10                  2.65                3.78                3.82                75970.00            0                   0.14                0                   0                   4099.00             23.026046           120.412392          F 
155                             6                   0.330               10                  2.65                3.78                3.82                75970.00            2                   0.24                8.37                8.38                6866.00             23.096893           120.370977          F 
