1                               0                   5.36                0                   0                   
10                              0                   2.08                0                   0                   
100                             0                   0.24                0                   0                   
101                             0                   0.35                0                   0                   
102                             0                   0.71                0                   0                   
103                             0                   6.88                0                   0                   
104                             0                   0.37                0                   0                   
105                             0                   0.69                0                   0                   
106                             0                   0.26                0                   0                   
107                             0                   3.12                0                   0                   
108                             0                   0.57                0                   0                   
109                             2                   3.59                0.56                0.56                
11                              0                   0.42                0                   0                   
110                             0                   0.19                0                   0                   
111                             0                   0.37                0                   0                   
112                             0                   0.12                0                   0                   
113                             0                   0.45                0                   0                   
114                             0                   0.27                0                   0                   
115                             0                   0.27                0                   0                   
116                             0                   0.15                0                   0                   
117                             0                   0.15                0                   0                   
118                             0                   0.18                0                   0                   
119                             0                   0.12                0                   0                   
12                              0                   2.93                0                   0                   
120                             0                   0.13                0                   0                   
121                             0                   0.23                0                   0                   
122                             0                   0.27                0                   0                   
123                             0                   0.24                0                   0                   
124                             0                   0.40                0                   0                   
125                             0                   0.21                0                   0                   
126                             0                   2.90                0                   0                   
127                             1                   0.58                1.72                1.72                
128                             0                   0.33                0                   0                   
129                             0                   0.71                0                   0                   
13                              1                   7.67                0.13                0.13                
130                             1                   0.75                1.34                1.34                
131                             0                   0.37                0                   0                   
132                             1                   0.60                1.68                1.68                
133                             0                   3.41                0                   0                   
134                             0                   0.21                0                   0                   
135                             0                   0.14                0                   0                   
136                             0                   0.36                0                   0                   
137                             1                   0.72                1.39                1.39                
138                             2                   0.76                2.62                2.62                
139                             3                   2.67                1.12                1.12                
14                              0                   3.42                0                   0                   
140                             18                  2.70                6.65                6.78                
141                             0                   2.04                0                   0                   
142                             2                   0.73                2.73                2.73                
143                             2                   4.38                0.46                0.46                
144                             0                   0.33                0                   0                   
145                             0                   0.27                0                   0                   
146                             39                  4.17                9.34                9.77                
147                             0                   1.86                0                   0                   
148                             0                   0.30                0                   0                   
149                             0                   0.85                0                   0                   
15                              0                   0.71                0                   0                   
150                             5                   7.11                0.70                0.70                
151                             0                   1.04                0                   0                   
152                             5                   2.47                2.03                2.03                
153                             0                   0.72                0                   0                   
154                             0                   0.62                0                   0                   
155                             2                   0.24                8.37                8.38                
156                             0                   0.14                0                   0                   
157                             0                   0.73                0                   0                   
158                             1                   1.47                0.68                0.68                
159                             1                   1.33                0.75                0.75                
16                              1                   0.91                1.09                1.09                
160                             0                   2.60                0                   0                   
161                             3                   6.31                0.48                0.47                
162                             0                   0.65                0                   0                   
163                             0                   0.69                0                   0                   
164                             0                   0.30                0                   0                   
165                             2                   2.44                0.82                0.82                
166                             11                  8.22                1.34                1.34                
167                             2                   0.45                4.49                4.50                
168                             2                   0.88                2.28                2.28                
169                             2                   0.87                2.30                2.31                
17                              4                   15.22               0.26                0.26                
170                             0                   1.16                0                   0                   
171                             0                   0.83                0                   0                   
172                             0                   1.50                0                   0                   
173                             0                   0.11                0                   0                   
174                             4                   4.07                0.98                0.98                
175                             2                   5.03                0.40                0.40                
176                             0                   1.08                0                   0                   
177                             0                   1.47                0                   0                   
178                             0                   0.33                0                   0                   
179                             1                   0.88                1.13                1.13                
18                              2                   7.50                0.27                0.26                
180                             0                   1.27                0                   0                   
181                             1                   1.11                0.90                0.90                
182                             0                   0.95                0                   0                   
183                             0                   0.82                0                   0                   
184                             0                   1.04                0                   0                   
185                             0                   0.48                0                   0                   
186                             3                   1.92                1.56                1.57                
187                             2                   0.93                2.14                2.15                
188                             0                   1.00                0                   0                   
189                             0                   0.71                0                   0                   
19                              0                   3.08                0                   0                   
190                             0                   0.82                0                   0                   
191                             2                   0.83                2.40                2.41                
192                             0                   0.39                0                   0                   
193                             0                   0.63                0                   0                   
194                             0                   0.85                0                   0                   
195                             0                   0.79                0                   0                   
196                             0                   1.30                0                   0                   
197                             1                   0.85                1.18                1.18                
198                             0                   1.02                0                   0                   
199                             1                   0.73                1.36                1.36                
2                               0                   7.77                0                   0                   
20                              0                   3.28                0                   0                   
200                             0                   0.71                0                   0                   
201                             1                   0.95                1.05                1.05                
202                             0                   0.62                0                   0                   
203                             0                   0.78                0                   0                   
204                             0                   3.80                0                   0                   
205                             1                   1.52                0.66                0.66                
206                             0                   0.46                0                   0                   
207                             0                   0.58                0                   0                   
208                             0                   0.77                0                   0                   
209                             1                   0.95                1.05                1.05                
21                              0                   7.97                0                   0                   
210                             0                   2.48                0                   0                   
211                             0                   0.41                0                   0                   
212                             0                   1.54                0                   0                   
213                             0                   1.71                0                   0                   
214                             2                   0.27                7.53                7.55                
215                             1                   0.75                1.34                1.34                
216                             1                   0.60                1.66                1.66                
217                             0                   0.25                0                   0                   
218                             0                   1.84                0                   0                   
219                             0                   0.33                0                   0                   
22                              0                   0.46                0                   0                   
220                             6                   6.64                0.90                0.90                
221                             1                   0.51                1.96                1.97                
222                             25                  1.01                24.76               25.52               
223                             2                   1.11                1.80                1.81                
224                             1                   0.32                3.17                3.17                
225                             1                   0.17                5.93                5.93                
226                             2                   1.60                1.25                1.25                
227                             5                   0.78                6.40                6.44                
228                             1                   0.17                5.84                5.85                
229                             2                   0.55                3.63                3.64                
23                              0                   1.72                0                   0                   
230                             1                   0.18                5.42                5.43                
231                             0                   0.25                0                   0                   
232                             3                   1.83                1.64                1.64                
233                             0                   0.16                0                   0                   
234                             2                   0.17                11.96               11.98               
235                             0                   0.42                0                   0                   
236                             2                   0.25                8.04                8.06                
237                             1                   0.53                1.87                1.87                
238                             1                   1.69                0.59                0.59                
239                             1                   0.66                1.52                1.52                
24                              0                   16.61               0                   0                   
240                             16                  0.27                60.03               61.23               
241                             2                   0.87                2.29                2.29                
242                             2                   1.02                1.96                1.97                
243                             0                   0.12                0                   0                   
244                             0                   0.76                0                   0                   
245                             1                   0.83                1.20                1.20                
246                             0                   0.36                0                   0                   
247                             4                   3.91                1.02                1.02                
248                             15                  1.40                10.74               10.92               
249                             12                  1.18                10.18               10.32               
25                              3                   6.34                0.47                0.47                
250                             7                   3.47                2.02                2.03                
251                             10                  1.53                6.53                6.60                
252                             9                   1.50                6.00                6.05                
253                             7                   0.99                7.05                7.10                
254                             1                   0.22                4.62                4.62                
255                             2                   0.94                2.13                2.13                
256                             8                   1.72                4.65                4.68                
257                             7                   1.02                6.83                6.88                
258                             44                  1.00                43.81               46.29               
259                             4                   0.47                8.42                8.46                
26                              0                   5.94                0                   0                   
260                             10                  0.62                16.03               16.21               
261                             36                  1.21                29.75               31.10               
262                             1                   0.40                2.52                2.52                
263                             3                   0.19                16.05               16.11               
264                             2                   0.37                5.38                5.39                
265                             0                   0.44                0                   0                   
266                             0                   0.064               0                   0                   
267                             0                   0.15                0                   0                   
268                             0                   0.11                0                   0                   
269                             1                   0.77                1.30                1.30                
27                              0                   2.66                0                   0                   
270                             15                  4.92                3.05                3.09                
271                             62                  6.88                9.01                9.67                
272                             88                  6.79                12.96               14.43               
273                             18                  11.46               1.57                1.58                
274                             1                   1.72                0.58                0.58                
275                             2                   0.95                2.10                2.10                
276                             13                  5.66                2.30                2.32                
277 et al                       31                  7.08                4.38                4.52                
279                             7                   5.35                1.31                1.31                
28                              1                   4.44                0.23                0.22                
280                             32                  12.36               2.59                2.66                
281                             10                  3.31                3.02                3.05                
282                             0                   1.17                0                   0                   
283                             2                   1.27                1.57                1.57                
284                             15                  2.36                6.36                6.47                
285                             0                   0.44                0                   0                   
286                             0                   0.47                0                   0                   
287                             1                   0.47                2.11                2.12                
288                             2                   3.06                0.65                0.65                
289                             0                   1.17                0                   0                   
29                              1                   6.47                0.15                0.15                
290                             0                   0.55                0                   0                   
291                             1                   2.45                0.41                0.41                
292                             1                   0.50                1.99                1.99                
293                             0                   1.64                0                   0                   
294                             4                   3.09                1.29                1.30                
295                             1                   0.32                3.08                3.08                
296                             0                   0.48                0                   0                   
297                             0                   0.54                0                   0                   
298                             0                   0.62                0                   0                   
299                             1                   5.00                0.20                0.20                
3                               1                   2.76                0.36                0.36                
30                              0                   0.20                0                   0                   
300                             2                   10.96               0.18                0.18                
301                             4                   4.45                0.90                0.90                
302                             6                   6.48                0.93                0.93                
303                             0                   1.85                0                   0                   
304                             1                   0.37                2.73                2.73                
305                             0                   1.07                0                   0                   
306                             0                   0.61                0                   0                   
307                             0                   2.57                0                   0                   
308                             3                   1.93                1.55                1.55                
309                             7                   7.37                0.95                0.95                
31                              0                   0.51                0                   0                   
310                             2                   3.31                0.60                0.60                
311                             8                   6.98                1.15                1.15                
312                             0                   0.79                0                   0                   
313                             1                   1.63                0.61                0.61                
314                             2                   2.71                0.74                0.74                
315                             0                   2.22                0                   0                   
316                             2                   3.51                0.57                0.57                
317                             1                   3.16                0.32                0.32                
318                             0                   3.81                0                   0                   
319                             6                   2.85                2.10                2.11                
32                              0                   1.07                0                   0                   
320                             0                   0.48                0                   0                   
321                             1                   2.22                0.45                0.45                
322                             4                   3.96                1.01                1.01                
323                             2                   8.28                0.24                0.24                
324                             1                   5.66                0.18                0.18                
325                             2                   2.20                0.91                0.91                
326                             3                   2.75                1.09                1.09                
327                             0                   1.65                0                   0                   
328                             0                   0.48                0                   0                   
329                             0                   1.33                0                   0                   
33                              0                   0.51                0                   0                   
330                             0                   1.16                0                   0                   
331                             0                   3.15                0                   0                   
332                             1                   4.28                0.23                0.23                
333                             1                   1.19                0.84                0.84                
334                             0                   1.07                0                   0                   
335                             1                   1.02                0.98                0.98                
336                             0                   0.52                0                   0                   
337                             0                   1.36                0                   0                   
338                             3                   7.98                0.38                0.37                
339                             0                   1.22                0                   0                   
34                              0                   0.30                0                   0                   
340                             1                   0.98                1.02                1.02                
341                             0                   1.89                0                   0                   
342                             0                   1.36                0                   0                   
343                             0                   0.90                0                   0                   
344                             1                   1.44                0.70                0.70                
345                             0                   1.59                0                   0                   
346                             0                   1.36                0                   0                   
347                             0                   0.49                0                   0                   
348                             0                   0.57                0                   0                   
349                             0                   0.77                0                   0                   
35                              0                   0.43                0                   0                   
350                             0                   1.56                0                   0                   
351                             0                   1.07                0                   0                   
352                             0                   3.01                0                   0                   
36                              0                   1.17                0                   0                   
37                              0                   0.19                0                   0                   
38                              0                   0.14                0                   0                   
39                              0                   3.17                0                   0                   
4                               0                   0.15                0                   0                   
40                              1                   1.51                0.66                0.66                
41                              0                   2.99                0                   0                   
42                              0                   0.21                0                   0                   
43                              0                   1.07                0                   0                   
44                              1                   0.41                2.47                2.47                
45                              0                   0.56                0                   0                   
46                              0                   3.76                0                   0                   
47                              0                   0.33                0                   0                   
48                              0                   7.45                0                   0                   
49                              1                   5.10                0.20                0.20                
5                               0                   0.29                0                   0                   
50                              0                   7.08                0                   0                   
51                              1                   9.42                0.11                0.11                
52                              0                   8.29                0                   0                   
53                              1                   3.89                0.26                0.26                
54                              0                   9.10                0                   0                   
55                              0                   4.11                0                   0                   
56                              0                   9.96                0                   0                   
57                              1                   8.91                0.11                0.11                
58                              0                   6.60                0                   0                   
59                              1                   5.92                0.17                0.17                
6                               0                   0.51                0                   0                   
60                              1                   1.83                0.55                0.55                
61                              1                   1.59                0.63                0.63                
62                              0                   1.79                0                   0                   
63                              0                   1.40                0                   0                   
64                              0                   1.84                0                   0                   
65                              0                   2.79                0                   0                   
66                              1                   1.34                0.75                0.75                
67                              0                   0.73                0                   0                   
68                              0                   1.47                0                   0                   
69                              1                   1.84                0.54                0.54                
7                               0                   0.33                0                   0                   
70                              0                   0.21                0                   0                   
71                              0                   1.11                0                   0                   
72                              1                   0.86                1.17                1.17                
73                              0                   0.21                0                   0                   
74                              0                   3.30                0                   0                   
75                              0                   1.25                0                   0                   
76                              0                   2.41                0                   0                   
77                              0                   1.26                0                   0                   
78                              0                   0.96                0                   0                   
79                              1                   4.02                0.25                0.25                
8                               0                   0.17                0                   0                   
80                              0                   0.77                0                   0                   
81                              1                   13.34               0.075               0.074               
82                              1                   14.12               0.071               0.070               
83                              1                   3.28                0.31                0.30                
84                              0                   1.50                0                   0                   
85                              0                   8.39                0                   0                   
86                              0                   0.22                0                   0                   
87                              0                   0.14                0                   0                   
88                              1                   10.69               0.094               0.092               
89                              1                   14.72               0.068               0.067               
9                               0                   1.17                0                   0                   
90                              3                   19.23               0.16                0.15                
91                              0                   4.78                0                   0                   
92                              0                   6.20                0                   0                   
93                              2                   7.41                0.27                0.27                
94                              1                   7.38                0.14                0.13                
95                              0                   2.71                0                   0                   
96                              0                   7.11                0                   0                   
97                              0                   0.83                0                   0                   
98                              0                   0.21                0                   0                   
99                              0                   1.26                0                   0                   
