1                               0                   2.18                0                   0                   
10                              0                   0.80                0                   0                   
100                             0                   0.12                0                   0                   
101                             0                   0.19                0                   0                   
102                             0                   0.33                0                   0                   
103                             0                   2.95                0                   0                   
104                             0                   0.20                0                   0                   
105                             0                   0.33                0                   0                   
106                             0                   0.14                0                   0                   
107                             0                   1.30                0                   0                   
108                             0                   0.26                0                   0                   
109                             2                   1.59                1.26                1.26                
11                              0                   0.21                0                   0                   
110                             0                   0.098               0                   0                   
111                             0                   0.17                0                   0                   
112                             0                   0.052               0                   0                   
113                             0                   0.23                0                   0                   
114                             0                   0.13                0                   0                   
115                             0                   0.13                0                   0                   
116                             0                   0.065               0                   0                   
117                             0                   0.051               0                   0                   
118                             0                   0.072               0                   0                   
119                             0                   0.057               0                   0                   
12                              0                   1.13                0                   0                   
120                             0                   0.052               0                   0                   
121                             0                   0.12                0                   0                   
122                             0                   0.14                0                   0                   
123                             0                   0.12                0                   0                   
124                             0                   0.20                0                   0                   
125                             0                   0.091               0                   0                   
126                             0                   1.20                0                   0                   
127                             0                   0.27                0                   0                   
128                             0                   0.17                0                   0                   
129                             0                   0.30                0                   0                   
13                              1                   2.25                0.44                0.44                
130                             0                   0.38                0                   0                   
131                             0                   0.18                0                   0                   
132                             1                   0.22                4.46                4.47                
133                             0                   1.60                0                   0                   
134                             0                   0.098               0                   0                   
135                             0                   0.069               0                   0                   
136                             0                   0.17                0                   0                   
137                             0                   0.36                0                   0                   
138                             0                   0.38                0                   0                   
139                             2                   1.16                1.72                1.73                
14                              0                   1.43                0                   0                   
140                             14                  1.05                13.30               13.83               
141                             0                   0.88                0                   0                   
142                             2                   0.34                5.80                5.83                
143                             0                   1.95                0                   0                   
144                             0                   0.18                0                   0                   
145                             0                   0.13                0                   0                   
146                             28                  1.86                15.04               16.30               
147                             0                   0.66                0                   0                   
148                             0                   0.16                0                   0                   
149                             0                   0.40                0                   0                   
15                              0                   0.30                0                   0                   
150                             4                   2.70                1.48                1.49                
151                             0                   0.45                0                   0                   
152                             1                   0.95                1.05                1.05                
153                             0                   0.32                0                   0                   
154                             0                   0.31                0                   0                   
155                             0                   0.11                0                   0                   
156                             0                   0.078               0                   0                   
157                             0                   0.37                0                   0                   
158                             1                   0.65                1.54                1.54                
159                             1                   0.52                1.92                1.93                
16                              0                   0.46                0                   0                   
160                             0                   1.16                0                   0                   
161                             1                   2.85                0.35                0.35                
162                             0                   0.33                0                   0                   
163                             0                   0.33                0                   0                   
164                             0                   0.15                0                   0                   
165                             1                   0.98                1.02                1.02                
166                             3                   3.31                0.91                0.90                
167                             1                   0.22                4.50                4.51                
168                             1                   0.45                2.21                2.22                
169                             0                   0.37                0                   0                   
17                              1                   5.56                0.18                0.18                
170                             0                   0.52                0                   0                   
171                             0                   0.39                0                   0                   
172                             0                   0.67                0                   0                   
173                             0                   0.064               0                   0                   
174                             1                   1.83                0.54                0.54                
175                             0                   2.17                0                   0                   
176                             0                   0.69                0                   0                   
177                             0                   0.37                0                   0                   
178                             0                   0.067               0                   0                   
179                             0                   0.49                0                   0                   
18                              2                   2.64                0.76                0.76                
180                             0                   0.55                0                   0                   
181                             0                   0.43                0                   0                   
182                             0                   0.50                0                   0                   
183                             0                   0.65                0                   0                   
184                             0                   0.39                0                   0                   
185                             0                   0.31                0                   0                   
186                             0                   1.07                0                   0                   
187                             0                   0.76                0                   0                   
188                             0                   0.23                0                   0                   
189                             0                   0.18                0                   0                   
19                              0                   1.22                0                   0                   
190                             0                   0.56                0                   0                   
191                             2                   0.30                6.72                6.75                
192                             0                   0.084               0                   0                   
193                             0                   0.25                0                   0                   
194                             0                   0.43                0                   0                   
195                             0                   0.41                0                   0                   
196                             0                   0.62                0                   0                   
197                             1                   0.44                2.28                2.29                
198                             0                   0.49                0                   0                   
199                             1                   0.37                2.70                2.71                
2                               0                   2.96                0                   0                   
20                              0                   1.36                0                   0                   
200                             0                   0.38                0                   0                   
201                             0                   0.44                0                   0                   
202                             0                   0.30                0                   0                   
203                             0                   0.39                0                   0                   
204                             0                   1.59                0                   0                   
205                             1                   0.69                1.45                1.46                
206                             0                   0.24                0                   0                   
207                             0                   0.29                0                   0                   
208                             0                   0.41                0                   0                   
209                             0                   0.44                0                   0                   
21                              0                   3.09                0                   0                   
210                             0                   1.04                0                   0                   
211                             0                   0.20                0                   0                   
212                             0                   0.71                0                   0                   
213                             0                   0.61                0                   0                   
214                             0                   0.11                0                   0                   
215                             0                   0.33                0                   0                   
216                             1                   0.31                3.26                3.26                
217                             0                   0.11                0                   0                   
218                             0                   0.84                0                   0                   
219                             0                   0.16                0                   0                   
22                              0                   0.16                0                   0                   
220                             2                   3.07                0.65                0.65                
221                             0                   0.25                0                   0                   
222                             5                   0.45                11.01               11.16               
223                             1                   0.55                1.81                1.81                
224                             0                   0.15                0                   0                   
225                             0                   0.071               0                   0                   
226                             1                   0.73                1.38                1.38                
227                             3                   0.38                7.82                7.88                
228                             0                   0.086               0                   0                   
229                             1                   0.29                3.40                3.41                
23                              0                   0.71                0                   0                   
230                             0                   0.075               0                   0                   
231                             0                   0.12                0                   0                   
232                             2                   0.82                2.45                2.46                
233                             0                   0.071               0                   0                   
234                             2                   0.071               28.28               28.44               
235                             0                   0.18                0                   0                   
236                             1                   0.12                8.21                8.24                
237                             0                   0.27                0                   0                   
238                             0                   0.78                0                   0                   
239                             0                   0.32                0                   0                   
24                              0                   6.11                0                   0                   
240                             10                  0.14                73.63               75.83               
241                             2                   0.39                5.15                5.18                
242                             1                   0.45                2.21                2.22                
243                             0                   0.046               0                   0                   
244                             0                   0.38                0                   0                   
245                             1                   0.40                2.53                2.53                
246                             0                   0.17                0                   0                   
247                             3                   1.62                1.85                1.86                
248                             4                   0.64                6.24                6.30                
249                             2                   0.50                4.01                4.03                
25                              1                   2.28                0.44                0.44                
250                             1                   1.14                0.88                0.87                
251                             1                   0.65                1.55                1.55                
252                             3                   0.55                5.50                5.54                
253                             2                   0.45                4.40                4.42                
254                             0                   0.12                0                   0                   
255                             0                   0.44                0                   0                   
256                             4                   0.78                5.10                5.14                
257                             4                   0.43                9.30                9.40                
258                             40                  0.46                87.37               98.88               
259                             0                   0.21                0                   0                   
26                              0                   2.16                0                   0                   
260                             2                   0.30                6.73                6.76                
261                             17                  0.54                31.52               33.12               
262                             1                   0.21                4.77                4.78                
263                             2                   0.098               20.44               20.55               
264                             1                   0.19                5.38                5.40                
265                             0                   0.23                0                   0                   
266                             0                   0.027               0                   0                   
267                             0                   0.067               0                   0                   
268                             0                   0.047               0                   0                   
269                             0                   0.39                0                   0                   
27                              0                   0.92                0                   0                   
270                             5                   1.98                2.53                2.55                
271                             39                  2.88                13.55               15.18               
272                             35                  2.60                13.48               14.91               
273                             9                   5.17                1.74                1.76                
274                             0                   0.79                0                   0                   
275                             1                   0.42                2.40                2.40                
276                             5                   2.65                1.89                1.90                
277 et al                       6                   3.33                1.80                1.81                
279                             1                   2.30                0.43                0.43                
28                              1                   1.70                0.59                0.59                
280                             11                  5.17                2.13                2.17                
281                             5                   1.44                3.47                3.51                
282                             0                   0.58                0                   0                   
283                             1                   0.62                1.61                1.61                
284                             3                   1.04                2.89                2.90                
285                             0                   0.21                0                   0                   
286                             0                   0.19                0                   0                   
287                             1                   0.21                4.82                4.83                
288                             0                   1.30                0                   0                   
289                             0                   0.52                0                   0                   
29                              0                   2.06                0                   0                   
290                             0                   0.27                0                   0                   
291                             0                   1.07                0                   0                   
292                             0                   0.25                0                   0                   
293                             0                   0.74                0                   0                   
294                             0                   1.26                0                   0                   
295                             0                   0.15                0                   0                   
296                             0                   0.22                0                   0                   
297                             0                   0.25                0                   0                   
298                             0                   0.30                0                   0                   
299                             1                   2.18                0.46                0.46                
3                               0                   1.10                0                   0                   
30                              0                   0.11                0                   0                   
300                             1                   3.73                0.27                0.27                
301                             1                   1.73                0.58                0.58                
302                             2                   2.34                0.86                0.85                
303                             0                   0.80                0                   0                   
304                             0                   0.16                0                   0                   
305                             0                   0.47                0                   0                   
306                             0                   0.29                0                   0                   
307                             0                   1.15                0                   0                   
308                             2                   0.83                2.42                2.43                
309                             1                   3.00                0.33                0.33                
31                              0                   0.26                0                   0                   
310                             1                   1.35                0.74                0.74                
311                             1                   2.61                0.38                0.38                
312                             0                   0.37                0                   0                   
313                             0                   0.77                0                   0                   
314                             0                   1.10                0                   0                   
315                             0                   0.82                0                   0                   
316                             0                   1.25                0                   0                   
317                             0                   1.27                0                   0                   
318                             0                   1.53                0                   0                   
319                             0                   1.03                0                   0                   
32                              0                   0.52                0                   0                   
320                             0                   0.23                0                   0                   
321                             0                   0.95                0                   0                   
322                             2                   1.72                1.16                1.16                
323                             0                   3.14                0                   0                   
324                             1                   2.45                0.41                0.41                
325                             0                   0.95                0                   0                   
326                             0                   1.11                0                   0                   
327                             0                   0.79                0                   0                   
328                             0                   0.24                0                   0                   
329                             0                   0.53                0                   0                   
33                              0                   0.27                0                   0                   
330                             0                   0.49                0                   0                   
331                             0                   1.33                0                   0                   
332                             0                   1.85                0                   0                   
333                             0                   0.52                0                   0                   
334                             0                   0.50                0                   0                   
335                             1                   0.46                2.16                2.16                
336                             0                   0.27                0                   0                   
337                             0                   0.54                0                   0                   
338                             2                   3.50                0.57                0.57                
339                             0                   0.57                0                   0                   
34                              0                   0.16                0                   0                   
340                             1                   0.46                2.17                2.17                
341                             0                   0.83                0                   0                   
342                             0                   0.64                0                   0                   
343                             0                   0.41                0                   0                   
344                             0                   0.65                0                   0                   
345                             0                   0.71                0                   0                   
346                             0                   0.58                0                   0                   
347                             0                   0.24                0                   0                   
348                             0                   0.25                0                   0                   
349                             0                   0.36                0                   0                   
35                              0                   0.23                0                   0                   
350                             0                   0.68                0                   0                   
351                             0                   0.52                0                   0                   
352                             0                   1.27                0                   0                   
36                              0                   0.57                0                   0                   
37                              0                   0.087               0                   0                   
38                              0                   0.071               0                   0                   
39                              0                   1.19                0                   0                   
4                               0                   0.067               0                   0                   
40                              0                   0.72                0                   0                   
41                              0                   1.34                0                   0                   
42                              0                   0.11                0                   0                   
43                              0                   0.55                0                   0                   
44                              0                   0.20                0                   0                   
45                              0                   0.28                0                   0                   
46                              0                   1.48                0                   0                   
47                              0                   0.17                0                   0                   
48                              0                   3.35                0                   0                   
49                              0                   2.39                0                   0                   
5                               0                   0.15                0                   0                   
50                              0                   3.36                0                   0                   
51                              0                   4.14                0                   0                   
52                              0                   3.75                0                   0                   
53                              0                   1.75                0                   0                   
54                              0                   4.27                0                   0                   
55                              0                   1.90                0                   0                   
56                              0                   4.63                0                   0                   
57                              0                   3.98                0                   0                   
58                              0                   3.11                0                   0                   
59                              0                   2.85                0                   0                   
6                               0                   0.21                0                   0                   
60                              1                   0.80                1.25                1.25                
61                              0                   0.74                0                   0                   
62                              0                   0.80                0                   0                   
63                              0                   0.71                0                   0                   
64                              0                   0.76                0                   0                   
65                              0                   1.22                0                   0                   
66                              0                   0.56                0                   0                   
67                              0                   0.31                0                   0                   
68                              0                   0.58                0                   0                   
69                              0                   0.79                0                   0                   
7                               0                   0.13                0                   0                   
70                              0                   0.087               0                   0                   
71                              0                   0.47                0                   0                   
72                              0                   0.36                0                   0                   
73                              0                   0.087               0                   0                   
74                              0                   1.42                0                   0                   
75                              0                   0.53                0                   0                   
76                              0                   1.07                0                   0                   
77                              0                   0.62                0                   0                   
78                              0                   0.45                0                   0                   
79                              0                   1.59                0                   0                   
8                               0                   0.086               0                   0                   
80                              0                   0.35                0                   0                   
81                              0                   5.76                0                   0                   
82                              0                   6.15                0                   0                   
83                              1                   1.20                0.83                0.83                
84                              0                   0.53                0                   0                   
85                              0                   3.54                0                   0                   
86                              0                   0.096               0                   0                   
87                              0                   0.075               0                   0                   
88                              0                   4.40                0                   0                   
89                              1                   6.01                0.17                0.16                
9                               0                   0.52                0                   0                   
90                              1                   8.23                0.12                0.12                
91                              0                   1.33                0                   0                   
92                              0                   2.69                0                   0                   
93                              2                   3.41                0.59                0.58                
94                              0                   2.85                0                   0                   
95                              0                   1.15                0                   0                   
96                              0                   2.23                0                   0                   
97                              0                   0.35                0                   0                   
98                              0                   0.088               0                   0                   
99                              0                   0.61                0                   0                   
