259                             1                   1e-17               194                 14.98               12.95               28.84               1013931.00          0                   0.21                0                   0                   14129.00            22.822246           120.228051          F 
260                             1                   1e-17               194                 14.98               12.95               28.84               1013931.00          2                   0.30                6.73                6.76                20123.00            22.779445           120.239457          F 
256                             1                   1e-17               194                 14.98               12.95               28.84               1013931.00          4                   0.78                5.10                5.14                53145.00            22.857242           120.265987          F 
258                             1                   1e-17               194                 14.98               12.95               28.84               1013931.00          40                  0.46                87.37               98.88               30999.00            22.882414           120.198052          F 
281                             1                   1e-17               194                 14.98               12.95               28.84               1013931.00          5                   1.44                3.47                3.51                97587.00            22.805059           120.297891          F 
257                             1                   1e-17               194                 14.98               12.95               28.84               1013931.00          4                   0.43                9.30                9.40                29120.00            22.893250           120.225937          F 
261                             1                   1e-17               194                 14.98               12.95               28.84               1013931.00          17                  0.54                31.52               33.12               36519.00            22.748209           120.259399          F 
252                             1                   1e-17               194                 14.98               12.95               28.84               1013931.00          3                   0.55                5.50                5.54                36962.00            22.752524           120.300653          F 
255                             1                   1e-17               194                 14.98               12.95               28.84               1013931.00          0                   0.44                0                   0                   30033.00            22.870229           120.321097          F 
140                             1                   1e-17               194                 14.98               12.95               28.84               1013931.00          14                  1.05                13.30               13.83               71270.00            22.941309           120.241879          F 
272                             1                   1e-17               194                 14.98               12.95               28.84               1013931.00          35                  2.60                13.48               14.91               175798.00           22.721100           120.300758          F 
253                             1                   1e-17               194                 14.98               12.95               28.84               1013931.00          2                   0.45                4.40                4.42                30758.00            22.787696           120.370799          F 
146                             1                   1e-17               194                 14.98               12.95               28.84               1013931.00          28                  1.86                15.04               16.30               126018.00           22.955619           120.190374          F 
165                             1                   1e-17               194                 14.98               12.95               28.84               1013931.00          1                   0.98                1.02                1.02                66655.00            22.946795           120.293063          F 
271                             1                   1e-17               194                 14.98               12.95               28.84               1013931.00          39                  2.88                13.55               15.18               194815.00           22.683957           120.295159          F 
259                             2                   1e-17               154                 11.11               13.86               24.50               752461.00           0                   0.21                0                   0                   14129.00            22.822246           120.228051          T 
260                             2                   1e-17               154                 11.11               13.86               24.50               752461.00           2                   0.30                6.73                6.76                20123.00            22.779445           120.239457          T 
256                             2                   1e-17               154                 11.11               13.86               24.50               752461.00           4                   0.78                5.10                5.14                53145.00            22.857242           120.265987          T 
258                             2                   1e-17               154                 11.11               13.86               24.50               752461.00           40                  0.46                87.37               98.88               30999.00            22.882414           120.198052          T 
281                             2                   1e-17               154                 11.11               13.86               24.50               752461.00           5                   1.44                3.47                3.51                97587.00            22.805059           120.297891          T 
257                             2                   1e-17               154                 11.11               13.86               24.50               752461.00           4                   0.43                9.30                9.40                29120.00            22.893250           120.225937          T 
261                             2                   1e-17               154                 11.11               13.86               24.50               752461.00           17                  0.54                31.52               33.12               36519.00            22.748209           120.259399          T 
252                             2                   1e-17               154                 11.11               13.86               24.50               752461.00           3                   0.55                5.50                5.54                36962.00            22.752524           120.300653          T 
255                             2                   1e-17               154                 11.11               13.86               24.50               752461.00           0                   0.44                0                   0                   30033.00            22.870229           120.321097          T 
140                             2                   1e-17               154                 11.11               13.86               24.50               752461.00           14                  1.05                13.30               13.83               71270.00            22.941309           120.241879          T 
272                             2                   1e-17               154                 11.11               13.86               24.50               752461.00           35                  2.60                13.48               14.91               175798.00           22.721100           120.300758          T 
253                             2                   1e-17               154                 11.11               13.86               24.50               752461.00           2                   0.45                4.40                4.42                30758.00            22.787696           120.370799          T 
146                             2                   1e-17               154                 11.11               13.86               24.50               752461.00           28                  1.86                15.04               16.30               126018.00           22.955619           120.190374          T 
165                             2                   1e-17               154                 11.11               13.86               24.50               752461.00           n/a                 n/a                 n/a                 n/a                 n/a                 22.946795           120.293063          T 
271                             2                   1e-17               154                 11.11               13.86               24.50               752461.00           n/a                 n/a                 n/a                 n/a                 n/a                 22.683957           120.295159          T 
270                             3                   1e-17               45                  6.45                6.97                7.88                437000.00           5                   1.98                2.53                2.55                133964.00           22.650195           120.274163          T 
269                             3                   1e-17               45                  6.45                6.97                7.88                437000.00           0                   0.39                0                   0                   26222.00            22.624246           120.284233          T 
275                             3                   1e-17               45                  6.45                6.97                7.88                437000.00           1                   0.42                2.40                2.40                28250.00            22.626991           120.294422          T 
274                             3                   1e-17               45                  6.45                6.97                7.88                437000.00           0                   0.79                0                   0                   53749.00            22.629929           120.306734          T 
271                             3                   1e-17               45                  6.45                6.97                7.88                437000.00           39                  2.88                13.55               15.18               194815.00           22.683957           120.295159          T 
222                             4                   0.00000000000104    17                  0.85                19.91               20.90               57822.00            5                   0.45                11.01               11.16               30758.00            21.985316           120.763254          T 
240                             4                   0.00000000000104    17                  0.85                19.91               20.90               57822.00            10                  0.14                73.63               75.83               9196.00             22.079156           120.743263          T 
231                             4                   0.00000000000104    17                  0.85                19.91               20.90               57822.00            0                   0.12                0                   0                   8243.00             22.049300           120.843568          T 
233                             4                   0.00000000000104    17                  0.85                19.91               20.90               57822.00            0                   0.071               0                   0                   4836.00             22.155529           120.817361          T 
234                             4                   0.00000000000104    17                  0.85                19.91               20.90               57822.00            2                   0.071               28.28               28.44               4789.00             22.260849           120.735645          T 
262                             5                   0.630               4                   0.49                8.11                8.19                33405.00            1                   0.21                4.77                4.78                14203.00            23.011954           120.658563          F 
264                             5                   0.630               4                   0.49                8.11                8.19                33405.00            1                   0.19                5.38                5.40                12577.00            22.996947           120.562197          F 
263                             5                   0.630               4                   0.49                8.11                8.19                33405.00            2                   0.098               20.44               20.55               6625.00             23.116550           120.623289          F 
251                             6                   0.695               23                  11.48               2.00                2.08                776988.00           1                   0.65                1.55                1.55                43696.00            22.662493           120.372778          F 
249                             6                   0.695               23                  11.48               2.00                2.08                776988.00           2                   0.50                4.01                4.03                33766.00            22.701208           120.360526          F 
280                             6                   0.695               23                  11.48               2.00                2.08                776988.00           11                  5.17                2.13                2.17                349816.00           22.613793           120.355436          F 
273                             6                   0.695               23                  11.48               2.00                2.08                776988.00           9                   5.17                1.74                1.76                349710.00           22.649899           120.317919          F 
216                             7                   0.863               5                   0.98                5.08                5.14                66679.00            1                   0.31                3.26                3.26                20799.00            22.429806           120.547612          F 
229                             7                   0.863               5                   0.98                5.08                5.14                66679.00            1                   0.29                3.40                3.41                19909.00            22.441421           120.512509          F 
227                             7                   0.863               5                   0.98                5.08                5.14                66679.00            3                   0.38                7.82                7.88                25971.00            22.403342           120.597584          F 
