1                               0                   3.77                0                   0                   
10                              0                   1.42                0                   0                   
100                             0                   0.19                0                   0                   
101                             0                   0.29                0                   0                   
102                             0                   0.54                0                   0                   
103                             0                   4.99                0                   0                   
104                             0                   0.30                0                   0                   
105                             0                   0.53                0                   0                   
106                             0                   0.21                0                   0                   
107                             0                   2.15                0                   0                   
108                             0                   0.42                0                   0                   
109                             2                   2.60                0.77                0.77                
11                              0                   0.32                0                   0                   
110                             0                   0.14                0                   0                   
111                             0                   0.27                0                   0                   
112                             0                   0.088               0                   0                   
113                             0                   0.34                0                   0                   
114                             0                   0.21                0                   0                   
115                             0                   0.20                0                   0                   
116                             0                   0.10                0                   0                   
117                             0                   0.10                0                   0                   
118                             0                   0.13                0                   0                   
119                             0                   0.087               0                   0                   
12                              0                   1.93                0                   0                   
120                             0                   0.092               0                   0                   
121                             0                   0.17                0                   0                   
122                             0                   0.21                0                   0                   
123                             0                   0.19                0                   0                   
124                             0                   0.31                0                   0                   
125                             0                   0.15                0                   0                   
126                             0                   2.07                0                   0                   
127                             1                   0.44                2.27                2.27                
128                             0                   0.25                0                   0                   
129                             0                   0.50                0                   0                   
13                              1                   4.81                0.21                0.21                
130                             0                   0.58                0                   0                   
131                             0                   0.28                0                   0                   
132                             1                   0.39                2.53                2.54                
133                             0                   2.56                0                   0                   
134                             0                   0.16                0                   0                   
135                             0                   0.11                0                   0                   
136                             0                   0.27                0                   0                   
137                             1                   0.55                1.81                1.81                
138                             2                   0.59                3.41                3.42                
139                             3                   1.94                1.55                1.55                
14                              0                   2.40                0                   0                   
140                             16                  1.88                8.50                8.72                
141                             0                   1.46                0                   0                   
142                             2                   0.54                3.69                3.70                
143                             0                   3.25                0                   0                   
144                             0                   0.27                0                   0                   
145                             0                   0.21                0                   0                   
146                             35                  3.08                11.35               12.02               
147                             0                   1.24                0                   0                   
148                             0                   0.23                0                   0                   
149                             0                   0.63                0                   0                   
15                              0                   0.49                0                   0                   
150                             4                   4.80                0.83                0.83                
151                             0                   0.75                0                   0                   
152                             1                   1.66                0.60                0.60                
153                             0                   0.53                0                   0                   
154                             0                   0.48                0                   0                   
155                             1                   0.18                5.62                5.62                
156                             0                   0.12                0                   0                   
157                             0                   0.57                0                   0                   
158                             1                   1.07                0.93                0.93                
159                             1                   0.92                1.08                1.09                
16                              1                   0.69                1.44                1.44                
160                             0                   1.90                0                   0                   
161                             2                   4.60                0.43                0.43                
162                             0                   0.51                0                   0                   
163                             0                   0.52                0                   0                   
164                             0                   0.23                0                   0                   
165                             1                   1.69                0.59                0.59                
166                             7                   5.83                1.20                1.20                
167                             2                   0.34                5.87                5.89                
168                             2                   0.68                2.92                2.93                
169                             1                   0.61                1.65                1.65                
17                              3                   10.32               0.29                0.29                
170                             0                   0.85                0                   0                   
171                             0                   0.62                0                   0                   
172                             0                   1.09                0                   0                   
173                             0                   0.096               0                   0                   
174                             4                   2.99                1.34                1.34                
175                             2                   3.63                0.55                0.55                
176                             0                   0.47                0                   0                   
177                             0                   1.76                0                   0                   
178                             0                   0.35                0                   0                   
179                             0                   0.56                0                   0                   
18                              2                   5.09                0.39                0.39                
180                             0                   0.76                0                   0                   
181                             1                   1.10                0.91                0.91                
182                             0                   0.65                0                   0                   
183                             0                   0.11                0                   0                   
184                             0                   1.04                0                   0                   
185                             0                   0.28                0                   0                   
186                             2                   0.95                2.11                2.12                
187                             1                   0.14                7.29                7.30                
188                             0                   1.22                0                   0                   
189                             0                   0.78                0                   0                   
19                              0                   2.30                0                   0                   
190                             0                   0.37                0                   0                   
191                             2                   0.87                2.30                2.30                
192                             0                   0.44                0                   0                   
193                             0                   0.60                0                   0                   
194                             0                   0.65                0                   0                   
195                             0                   0.62                0                   0                   
196                             0                   0.97                0                   0                   
197                             1                   0.66                1.51                1.51                
198                             0                   0.77                0                   0                   
199                             1                   0.58                1.73                1.74                
2                               0                   5.39                0                   0                   
20                              0                   2.36                0                   0                   
200                             0                   0.56                0                   0                   
201                             1                   0.71                1.42                1.42                
202                             0                   0.46                0                   0                   
203                             0                   0.59                0                   0                   
204                             0                   2.69                0                   0                   
205                             1                   1.10                0.91                0.91                
206                             0                   0.36                0                   0                   
207                             0                   0.44                0                   0                   
208                             0                   0.61                0                   0                   
209                             1                   0.71                1.42                1.42                
21                              0                   5.65                0                   0                   
210                             0                   1.76                0                   0                   
211                             0                   0.31                0                   0                   
212                             0                   1.13                0                   0                   
213                             0                   1.17                0                   0                   
214                             1                   0.19                5.27                5.28                
215                             1                   0.54                1.84                1.84                
216                             1                   0.47                2.15                2.15                
217                             0                   0.18                0                   0                   
218                             0                   1.33                0                   0                   
219                             0                   0.26                0                   0                   
22                              0                   0.30                0                   0                   
220                             4                   4.92                0.81                0.81                
221                             1                   0.38                2.62                2.63                
222                             15                  0.76                19.78               20.28               
223                             2                   0.85                2.35                2.35                
224                             0                   0.24                0                   0                   
225                             1                   0.12                8.18                8.19                
226                             2                   1.17                1.71                1.72                
227                             3                   0.59                5.05                5.07                
228                             1                   0.13                7.56                7.57                
229                             2                   0.43                4.60                4.61                
23                              0                   1.22                0                   0                   
230                             1                   0.13                7.48                7.49                
231                             0                   0.19                0                   0                   
232                             3                   1.33                2.25                2.26                
233                             0                   0.12                0                   0                   
234                             2                   0.12                16.46               16.52               
235                             0                   0.30                0                   0                   
236                             1                   0.19                5.26                5.27                
237                             0                   0.42                0                   0                   
238                             1                   1.25                0.80                0.80                
239                             0                   0.51                0                   0                   
24                              0                   11.20               0                   0                   
240                             13                  0.21                62.55               63.98               
241                             2                   0.64                3.13                3.14                
242                             2                   0.73                2.74                2.74                
243                             0                   0.081               0                   0                   
244                             0                   0.59                0                   0                   
245                             1                   0.63                1.60                1.60                
246                             0                   0.27                0                   0                   
247                             4                   2.78                1.44                1.44                
248                             10                  1.04                9.59                9.75                
249                             7                   0.85                8.23                8.31                
25                              3                   4.28                0.70                0.70                
250                             1                   2.22                0.45                0.45                
251                             6                   1.11                5.40                5.44                
252                             8                   0.95                8.46                8.56                
253                             4                   0.73                5.45                5.48                
254                             1                   0.17                5.74                5.75                
255                             2                   0.70                2.84                2.84                
256                             7                   1.29                5.42                5.48                
257                             4                   0.73                5.45                5.48                
258                             42                  0.74                56.60               60.97               
259                             1                   0.34                2.93                2.94                
26                              0                   4.12                0                   0                   
260                             3                   0.47                6.37                6.40                
261                             19                  0.88                21.49               22.19               
262                             1                   0.31                3.20                3.20                
263                             3                   0.15                20.41               20.51               
264                             1                   0.29                3.46                3.47                
265                             0                   0.35                0                   0                   
266                             0                   0.048               0                   0                   
267                             0                   0.11                0                   0                   
268                             0                   0.078               0                   0                   
269                             1                   0.59                1.69                1.69                
27                              0                   1.68                0                   0                   
270                             9                   3.49                2.58                2.60                
271                             53                  4.89                10.84               11.84               
272                             58                  4.65                12.47               13.76               
273                             17                  8.39                2.03                2.06                
274                             1                   1.26                0.79                0.79                
275                             2                   0.66                3.01                3.02                
276                             9                   4.18                2.16                2.17                
277 et al                       19                  5.33                3.56                3.65                
279                             3                   3.90                0.77                0.77                
28                              1                   3.07                0.33                0.32                
280                             25                  8.90                2.81                2.89                
281                             7                   2.40                2.91                2.94                
282                             0                   0.90                0                   0                   
283                             2                   0.97                2.07                2.07                
284                             11                  1.72                6.39                6.49                
285                             0                   0.33                0                   0                   
286                             0                   0.32                0                   0                   
287                             1                   0.34                2.97                2.97                
288                             1                   2.16                0.46                0.46                
289                             0                   0.85                0                   0                   
29                              0                   4.03                0                   0                   
290                             0                   0.41                0                   0                   
291                             0                   1.75                0                   0                   
292                             0                   0.38                0                   0                   
293                             0                   1.19                0                   0                   
294                             3                   2.14                1.40                1.41                
295                             1                   0.24                4.20                4.21                
296                             0                   0.35                0                   0                   
297                             0                   0.39                0                   0                   
298                             0                   0.45                0                   0                   
299                             1                   3.65                0.27                0.27                
3                               0                   1.94                0                   0                   
30                              0                   0.16                0                   0                   
300                             1                   7.01                0.14                0.14                
301                             2                   3.13                0.64                0.64                
302                             3                   4.29                0.70                0.70                
303                             0                   1.35                0                   0                   
304                             1                   0.27                3.71                3.71                
305                             0                   0.80                0                   0                   
306                             0                   0.47                0                   0                   
307                             0                   1.90                0                   0                   
308                             3                   1.41                2.12                2.13                
309                             2                   5.26                0.38                0.38                
31                              0                   0.39                0                   0                   
310                             1                   2.37                0.42                0.42                
311                             3                   4.79                0.63                0.62                
312                             0                   0.60                0                   0                   
313                             1                   1.23                0.81                0.81                
314                             0                   1.88                0                   0                   
315                             0                   1.46                0                   0                   
316                             1                   2.34                0.43                0.43                
317                             1                   2.17                0.46                0.46                
318                             0                   2.70                0                   0                   
319                             6                   1.87                3.21                3.23                
32                              0                   0.81                0                   0                   
320                             0                   0.36                0                   0                   
321                             0                   1.62                0                   0                   
322                             2                   2.85                0.70                0.70                
323                             2                   5.70                0.35                0.35                
324                             1                   4.13                0.24                0.24                
325                             0                   1.62                0                   0                   
326                             3                   1.93                1.55                1.56                
327                             0                   1.24                0                   0                   
328                             0                   0.37                0                   0                   
329                             0                   0.93                0                   0                   
33                              0                   0.41                0                   0                   
330                             0                   0.82                0                   0                   
331                             0                   2.24                0                   0                   
332                             1                   3.09                0.32                0.32                
333                             0                   0.86                0                   0                   
334                             0                   0.80                0                   0                   
335                             1                   0.75                1.33                1.33                
336                             0                   0.40                0                   0                   
337                             0                   0.92                0                   0                   
338                             2                   5.74                0.35                0.35                
339                             0                   0.91                0                   0                   
34                              0                   0.24                0                   0                   
340                             1                   0.73                1.37                1.38                
341                             0                   1.36                0                   0                   
342                             0                   1.02                0                   0                   
343                             0                   0.67                0                   0                   
344                             1                   1.05                0.95                0.95                
345                             0                   1.16                0                   0                   
346                             0                   0.97                0                   0                   
347                             0                   0.37                0                   0                   
348                             0                   0.41                0                   0                   
349                             0                   0.58                0                   0                   
35                              0                   0.35                0                   0                   
350                             0                   1.13                0                   0                   
351                             0                   0.82                0                   0                   
352                             0                   2.15                0                   0                   
36                              0                   0.88                0                   0                   
37                              0                   0.15                0                   0                   
38                              0                   0.10                0                   0                   
39                              0                   2.14                0                   0                   
4                               0                   0.11                0                   0                   
40                              0                   1.11                0                   0                   
41                              0                   2.18                0                   0                   
42                              0                   0.17                0                   0                   
43                              0                   0.83                0                   0                   
44                              1                   0.31                3.24                3.25                
45                              0                   0.43                0                   0                   
46                              0                   2.56                0                   0                   
47                              0                   0.26                0                   0                   
48                              0                   5.62                0                   0                   
49                              1                   3.91                0.26                0.25                
5                               0                   0.23                0                   0                   
50                              0                   5.44                0                   0                   
51                              1                   7.07                0.14                0.14                
52                              0                   6.27                0                   0                   
53                              0                   2.98                0                   0                   
54                              0                   7.01                0                   0                   
55                              0                   3.12                0                   0                   
56                              0                   7.61                0                   0                   
57                              1                   6.72                0.15                0.15                
58                              0                   5.05                0                   0                   
59                              0                   4.63                0                   0                   
6                               0                   0.36                0                   0                   
60                              1                   1.33                0.75                0.75                
61                              1                   1.16                0.86                0.86                
62                              0                   1.27                0                   0                   
63                              0                   1.07                0                   0                   
64                              0                   1.31                0                   0                   
65                              0                   2.03                0                   0                   
66                              0                   0.95                0                   0                   
67                              0                   0.53                0                   0                   
68                              0                   0.99                0                   0                   
69                              0                   1.31                0                   0                   
7                               0                   0.24                0                   0                   
70                              0                   0.15                0                   0                   
71                              0                   0.80                0                   0                   
72                              0                   0.60                0                   0                   
73                              0                   0.15                0                   0                   
74                              0                   2.36                0                   0                   
75                              0                   0.88                0                   0                   
76                              0                   1.78                0                   0                   
77                              0                   0.97                0                   0                   
78                              0                   0.72                0                   0                   
79                              0                   2.88                0                   0                   
8                               0                   0.14                0                   0                   
80                              0                   0.56                0                   0                   
81                              1                   9.55                0.10                0.10                
82                              1                   10.22               0.098               0.096               
83                              1                   2.18                0.46                0.46                
84                              0                   0.98                0                   0                   
85                              0                   5.88                0                   0                   
86                              0                   0.17                0                   0                   
87                              0                   0.11                0                   0                   
88                              0                   7.50                0                   0                   
89                              1                   10.40               0.096               0.095               
9                               0                   0.81                0                   0                   
90                              2                   13.77               0.15                0.14                
91                              0                   2.86                0                   0                   
92                              0                   4.55                0                   0                   
93                              2                   5.46                0.37                0.36                
94                              1                   5.03                0.20                0.20                
95                              0                   1.95                0                   0                   
96                              0                   4.42                0                   0                   
97                              0                   0.59                0                   0                   
98                              0                   0.16                0                   0                   
99                              0                   0.98                0                   0                   
