5.090215            
6.967167            
6.693598            
6.574364            
6.398010            
4.245132            
8.597973            
4.791687            
7.280412            
3.731952            
6.540727            
6.346037            
6.385987            
7.082239            
5.947533            
3.599277            
4.641280            
5.267853            
5.403610            
5.707683            
7.129641            
3.576114            
5.056220            
4.770921            
4.459693            
6.367815            
5.159333            
4.827374            
4.157218            
4.754742            
7.227132            
6.025804            
6.687576            
4.900082            
4.024363            
3.540259            
4.695362            
4.630641            
5.427412            
5.027217            
4.583394            
4.590704            
6.109144            
6.755407            
4.627688            
5.454377            
6.714151            
5.114209            
5.555527            
4.314350            
6.092370            
3.657494            
7.584997            
3.527929            
4.385447            
4.882634            
3.992247            
5.160556            
3.146006            
5.966191            
6.936624            
6.771492            
7.913299            
6.180218            
4.193259            
5.433873            
8.005440            
6.815362            
6.387175            
5.542507            
9.495279            
5.075030            
5.032208            
6.933785            
3.600606            
7.381398            
4.272393            
6.312060            
6.185926            
4.576992            
6.811820            
4.772648            
7.628406            
8.292066            
8.367505            
3.423729            
6.098154            
4.392652            
6.105251            
7.222483            
9.078057            
3.880338            
9.878281            
5.782749            
3.790666            
5.014607            
5.261714            
7.048806            
4.950273            
5.775975            
4.615486            
4.287927            
4.028704            
4.250379            
9.159624            
3.857715            
6.355180            
5.704691            
7.458112            
7.066784            
8.711514            
4.774761            
6.566474            
6.585068            
3.751670            
4.953859            
5.769269            
10.226871           
7.439237            
3.229287            
5.188805            
4.922720            
6.800747            
5.530185            
8.292066            
5.176949            
5.193848            
5.620717            
4.434869            
5.998447            
3.068543            
5.837753            
6.330828            
4.197237            
4.968994            
7.098328            
5.238229            
8.809613            
4.241397            
4.753436            
4.058885            
6.717698            
3.856605            
5.376971            
5.933765            
4.995806            
9.206544            
9.129057            
6.049926            
5.031183            
6.852674            
5.463421            
5.055682            
10.441606           
5.553392            
4.247663            
5.584398            
5.318112            
6.085905            
4.256739            
6.544859            
5.058020            
5.331957            
5.000929            
3.247887            
4.459154            
6.382920            
4.676536            
5.302888            
4.543239            
5.178529            
3.645904            
6.245738            
6.379942            
4.250379            
3.960544            
3.883787            
7.566837            
6.371136            
4.922416            
8.535304            
5.840126            
12.112485           
8.778883            
4.423382            
4.607495            
5.045404            
6.100016            
8.040595            
5.072668            
6.709891            
4.677834            
4.633994            
5.868945            
3.274913            
10.667448           
4.037730            
5.426350            
2.997774            
5.892907            
7.476645            
4.278076            
4.243501            
6.567869            
9.801235            
6.998944            
3.231456            
5.969392            
6.500360            
6.624273            
5.073982            
5.210001            
3.189627            
8.471618            
4.460814            
7.903924            
5.311960            
4.817602            
3.511688            
7.398039            
6.435011            
3.040907            
6.258266            
5.146146            
3.976265            
5.323217            
10.077412           
6.902200            
11.154239           
5.066262            
8.287681            
7.121138            
4.912321            
5.642327            
5.231777            
5.935790            
6.811349            
7.082198            
4.309892            
4.357544            
8.515869            
6.371549            
4.304728            
6.620517            
5.612831            
4.255719            
6.878121            
4.165253            
7.721790            
5.492214            
8.350197            
6.706459            
6.119036            
5.520954            
4.979842            
6.165373            
6.508782            
5.491407            
3.842708            
4.912734            
4.652306            
4.412413            
5.416064            
5.828690            
4.744060            
6.829524            
4.383657            
5.697446            
4.548121            
4.876922            
7.213397            
7.622838            
6.930233            
5.257476            
8.276119            
5.334665            
5.207638            
5.027605            
4.375658            
5.387324            
3.089381            
4.819502            
5.926615            
7.399191            
8.073347            
8.369443            
5.592167            
7.121139            
7.013909            
3.924949            
4.256660            
6.639134            
7.450456            
3.650532            
6.023047            
5.441540            
5.847526            
4.966585            
6.627223            
4.636751            
4.672311            
3.928545            
5.845688            
4.707149            
3.704194            
4.459693            
3.891091            
6.378259            
4.088167            
5.758360            
6.025713            
5.073744            
7.155065            
10.311843           
3.889940            
9.732824            
6.472605            
6.172604            
3.973175            
6.311571            
4.238339            
4.487905            
6.403942            
3.799730            
4.068834            
6.122605            
4.444847            
5.244064            
4.163432            
5.877457            
8.680764            
5.482324            
3.670538            
4.883961            
6.418874            
6.276506            
3.789699            
4.906144            
6.108122            
4.260175            
5.895423            
7.101807            
4.705823            
4.726036            
7.551092            
6.436776            
5.058422            
3.521225            
5.079426            
4.526632            
6.174864            
6.765588            
4.124407            
5.805020            
5.718486            
7.984837            
6.075483            
4.144318            
4.501979            
8.430051            
5.837779            
8.812051            
6.620680            
6.270432            
3.349954            
9.759500            
4.822397            
4.907198            
4.663114            
4.700822            
7.226878            
5.150164            
6.927485            
3.237642            
4.046547            
5.639896            
4.562209            
6.912398            
5.574827            
7.014137            
5.213842            
5.504815            
4.257675            
5.443414            
4.675609            
4.675875            
3.275960            
5.147955            
6.211461            
6.942492            
3.747971            
5.238408            
4.567930            
7.759124            
3.826552            
4.920182            
3.997335            
5.716965            
3.622004            
5.029037            
6.138900            
5.772478            
5.747914            
5.115243            
6.020790            
5.219692            
6.411559            
7.868421            
7.486211            
3.672357            
4.438417            
3.704194            
7.068710            
4.020195            
6.132819            
6.006376            
6.829365            
11.997103           
6.191609            
5.041156            
5.178104            
5.332418            
4.423885            
3.728807            
6.186204            
7.795904            
4.303068            
6.068188            
4.073299            
5.742732            
4.495007            
5.204677            
9.462318            
4.825099            
6.388821            
4.138025            
3.878883            
6.251448            
5.216246            
7.039095            
5.387324            
4.285880            
4.675875            
6.232258            
3.531945            
4.557715            
8.800217            
8.013719            
5.864145            
6.682583            
6.505017            
6.191277            
4.908060            
4.321499            
3.967754            
4.226968            
4.840898            
4.226968            
6.089847            
5.401200            
4.309073            
7.716166            
6.297292            
5.535497            
5.433873            
11.064015           
7.498786            
4.407181            
5.056302            
6.562856            
5.789537            
4.697710            
4.532135            
3.293235            
5.466071            
5.645658            
3.668874            
4.317452            
5.243051            
4.188684            
4.121459            
4.847745            
3.758115            
6.485166            
4.683191            
7.657930            
6.744561            
4.717311            
7.341112            
3.304554            
5.508959            
5.953812            
5.228476            
4.869122            
5.411367            
7.731250            
5.630647            
5.104165            
3.568815            
4.431408            
7.188639            
4.363038            
4.426937            
5.098571            
6.453698            
3.488322            
7.070090            
3.568369            
4.011393            
6.284457            
8.019624            
4.926226            
7.070090            
5.382007            
4.287745            
5.577792            
6.880673            
6.434275            
6.164382            
7.159330            
4.626120            
6.648381            
4.869958            
4.640119            
4.459693            
4.207122            
4.612357            
6.609506            
5.291129            
3.706595            
4.753436            
6.030591            
8.878613            
3.911477            
5.808499            
4.201194            
3.677430            
4.671770            
4.118278            
4.479389            
5.601168            
4.616407            
7.690389            
6.471188            
4.439734            
7.376074            
4.167471            
5.582120            
5.044345            
6.395312            
6.318082            
5.463310            
10.606006           
5.552530            
5.202344            
5.499821            
6.528847            
5.371407            
6.716276            
9.909374            
4.003087            
7.090911            
5.356115            
3.519120            
4.527349            
4.021485            
5.137304            
2.984511            
6.412056            
6.540248            
5.963733            
3.585615            
6.482310            
5.263013            
5.439942            
4.815078            
4.224844            
8.635626            
4.355445            
6.905855            
7.146252            
5.961564            
6.126162            
4.315695            
5.231777            
4.783347            
3.735478            
5.650389            
6.737734            
6.573370            
6.502745            
4.784962            
3.743820            
5.658138            
6.859993            
5.999737            
5.573062            
4.899475            
4.911133            
5.614473            
4.147296            
6.299449            
5.243051            
5.088340            
3.867739            
7.706091            
5.360400            
4.997804            
5.455152            
4.633509            
6.273630            
4.334608            
4.103236            
7.311945            
8.313883            
5.196409            
3.924308            
7.787812            
4.731167            
6.773147            
5.639050            
4.926034            
4.153053            
4.058195            
5.777827            
5.205715            
7.302983            
5.350831            
6.910960            
4.793150            
7.874026            
5.927941            
4.694601            
4.459453            
3.237385            
6.040628            
3.127400            
4.994105            
4.596625            
4.532871            
4.384421            
5.293925            
3.956944            
3.924949            
4.614113            
5.274807            
5.063584            
4.487478            
4.207122            
5.994465            
6.703994            
5.040348            
4.024411            
4.568366            
6.168930            
4.740498            
4.671770            
4.711651            
5.463451            
4.896298            
6.605917            
5.309311            
10.449073           
4.747240            
2.781844            
4.703966            
5.246970            
6.317219            
7.620551            
3.182567            
7.807039            
7.632046            
3.876038            
6.718606            
4.669819            
5.503259            
6.137968            
4.800675            
4.448313            
8.779983            
5.760791            
5.688823            
7.512992            
4.548121            
5.654844            
6.216788            
6.102296            
3.111628            
4.922614            
6.335415            
7.457900            
3.435300            
6.879718            
6.071066            
6.225800            
4.800675            
5.215902            
10.007308           
5.869386            
5.949742            
7.224009            
5.074826            
7.488795            
4.204737            
4.610366            
5.092933            
3.685586            
4.701826            
3.006811            
5.152896            
3.974298            
5.742383            
6.658778            
5.798927            
4.832125            
5.141192            
6.299449            
7.958775            
5.867638            
6.394932            
4.916333            
6.555064            
4.470734            
5.195077            
4.539379            
4.474570            
6.213372            
4.897484            
3.694327            
4.458068            
4.722988            
3.338299            
5.986685            
7.416267            
6.044066            
6.383594            
3.854757            
10.396121           
7.350857            
3.992040            
6.574000            
3.831233            
5.853607            
6.601282            
5.406799            
5.781904            
6.347581            
6.464689            
4.302554            
6.503121            
4.961268            
4.494592            
5.875111            
3.658808            
5.478751            
4.675875            
3.541428            
5.279089            
3.693496            
4.023293            
5.911622            
4.627688            
5.336572            
3.933845            
4.419499            
5.823621            
6.876114            
5.060949            
6.209796            
4.339736            
8.113745            
5.568242            
3.834763            
6.681462            
6.362698            
6.223966            
5.165565            
5.549515            
3.634749            
9.619090            
4.556890            
7.538666            
6.877509            
5.808499            
4.738435            
5.216246            
5.524776            
4.711065            
4.642718            
4.865631            
5.425908            
3.995477            
3.569017            
6.224238            
7.554204            
6.119241            
6.304577            
8.698138            
4.746810            
3.699431            
3.353201            
12.671877           
4.395065            
5.830816            
4.955240            
5.644048            
7.200581            
5.384825            
9.587977            
8.838699            
4.481721            
4.838325            
5.595820            
4.506394            
4.819908            
4.090715            
4.576239            
7.259976            
3.253011            
4.981640            
4.260175            
4.989515            
3.363021            
4.817602            
6.385500            
3.828406            
11.586413           
4.914224            
4.614113            
5.324493            
5.072897            
7.600101            
4.531050            
5.677084            
5.791877            
5.230100            
7.593945            
3.820528            
5.768940            
5.267913            
5.882798            
3.333520            
5.233392            
4.837058            
5.189765            
7.648158            
7.455557            
3.436863            
6.028880            
8.665583            
5.696806            
3.467591            
5.202456            
6.145584            
6.435089            
5.663344            
6.903520            
4.030166            
6.139459            
8.614265            
7.313891            
5.576190            
5.277187            
4.506584            
7.591801            
6.819856            
4.861773            
4.357714            
3.838383            
6.734831            
4.366725            
5.428296            
8.459927            
5.800084            
5.083185            
4.599256            
5.749633            
6.222129            
5.214705            
5.279174            
5.939686            
5.118865            
8.979648            
6.141924            
6.266112            
5.962869            
6.180057            
5.279714            
5.530185            
4.026079            
4.529174            
4.840361            
6.499115            
6.969488            
5.497486            
7.048801            
5.535497            
5.166122            
3.463484            
6.685967            
5.018302            
3.932981            
4.336391            
7.418610            
6.166666            
5.010455            
5.714157            
5.388166            
4.698245            
9.007266            
4.432517            
5.094098            
6.345640            
4.118216            
4.303068            
6.131543            
3.973969            
6.725240            
5.720201            
5.793709            
5.497913            
4.646020            
4.054956            
7.352191            
5.258363            
4.438417            
6.776585            
3.763861            
9.285095            
6.989005            
7.521661            
9.504515            
3.935124            
5.941403            
5.237196            
4.775755            
5.743620            
4.612357            
5.864145            
4.608396            
5.747914            
5.286016            
9.015274            
9.895771            
3.935970            
3.437199            
3.897706            
9.920547            
5.193107            
5.669811            
6.046968            
8.049961            
6.358797            
4.123323            
4.266498            
6.757032            
5.722252            
6.790633            
6.183958            
6.824875            
4.738442            
5.388612            
4.860896            
4.942391            
5.732570            
10.508335           
6.548372            
8.017496            
5.973002            
4.446169            
5.117950            
5.995275            
3.657494            
4.990412            
5.098923            
4.863440            
3.895988            
4.789574            
5.442384            
3.403183            
8.286258            
5.876663            
4.706067            
5.577777            
7.542584            
3.416451            
7.446743            
6.142612            
3.854382            
3.578471            
4.003087            
4.614113            
4.010604            
6.607766            
4.787851            
3.927856            
4.612357            
6.029072            
4.699212            
