1                               0                   3.29                0                   0                   
10                              0                   1.24                0                   0                   
100                             0                   0.17                0                   0                   
101                             0                   0.27                0                   0                   
102                             0                   0.49                0                   0                   
103                             0                   4.40                0                   0                   
104                             0                   0.27                0                   0                   
105                             0                   0.48                0                   0                   
106                             0                   0.20                0                   0                   
107                             0                   1.89                0                   0                   
108                             0                   0.38                0                   0                   
109                             2                   2.31                0.86                0.86                
11                              0                   0.29                0                   0                   
110                             0                   0.13                0                   0                   
111                             0                   0.24                0                   0                   
112                             0                   0.078               0                   0                   
113                             0                   0.31                0                   0                   
114                             0                   0.19                0                   0                   
115                             0                   0.18                0                   0                   
116                             0                   0.092               0                   0                   
117                             0                   0.086               0                   0                   
118                             0                   0.11                0                   0                   
119                             0                   0.077               0                   0                   
12                              0                   1.69                0                   0                   
120                             0                   0.080               0                   0                   
121                             0                   0.16                0                   0                   
122                             0                   0.19                0                   0                   
123                             0                   0.17                0                   0                   
124                             0                   0.28                0                   0                   
125                             0                   0.13                0                   0                   
126                             0                   1.83                0                   0                   
127                             1                   0.39                2.54                2.54                
128                             0                   0.23                0                   0                   
129                             0                   0.44                0                   0                   
13                              1                   3.97                0.25                0.25                
130                             0                   0.53                0                   0                   
131                             0                   0.25                0                   0                   
132                             1                   0.35                2.88                2.89                
133                             0                   2.28                0                   0                   
134                             0                   0.14                0                   0                   
135                             0                   0.096               0                   0                   
136                             0                   0.24                0                   0                   
137                             1                   0.50                1.99                1.99                
138                             2                   0.53                3.78                3.79                
139                             2                   1.70                1.18                1.18                
14                              0                   2.12                0                   0                   
140                             16                  1.65                9.70                9.98                
141                             0                   1.30                0                   0                   
142                             2                   0.49                4.11                4.12                
143                             0                   2.90                0                   0                   
144                             0                   0.24                0                   0                   
145                             0                   0.19                0                   0                   
146                             32                  2.74                11.68               12.40               
147                             0                   1.06                0                   0                   
148                             0                   0.21                0                   0                   
149                             0                   0.57                0                   0                   
15                              0                   0.44                0                   0                   
150                             4                   4.20                0.95                0.95                
151                             0                   0.67                0                   0                   
152                             1                   1.45                0.69                0.69                
153                             0                   0.47                0                   0                   
154                             0                   0.43                0                   0                   
155                             1                   0.16                6.26                6.27                
156                             0                   0.11                0                   0                   
157                             0                   0.52                0                   0                   
158                             1                   0.95                1.05                1.05                
159                             1                   0.80                1.25                1.25                
16                              1                   0.63                1.58                1.59                
160                             0                   1.70                0                   0                   
161                             2                   4.08                0.49                0.49                
162                             0                   0.46                0                   0                   
163                             0                   0.47                0                   0                   
164                             0                   0.21                0                   0                   
165                             1                   1.49                0.67                0.67                
166                             7                   5.11                1.37                1.38                
167                             2                   0.31                6.47                6.49                
168                             2                   0.62                3.21                3.22                
169                             0                   0.54                0                   0                   
17                              2                   8.85                0.23                0.22                
170                             0                   0.75                0                   0                   
171                             0                   0.56                0                   0                   
172                             0                   0.97                0                   0                   
173                             0                   0.088               0                   0                   
174                             4                   2.67                1.50                1.50                
175                             2                   3.22                0.62                0.62                
176                             0                   0.43                0                   0                   
177                             0                   1.57                0                   0                   
178                             0                   0.32                0                   0                   
179                             0                   0.51                0                   0                   
18                              2                   4.33                0.46                0.46                
180                             0                   0.68                0                   0                   
181                             0                   0.98                0                   0                   
182                             0                   0.59                0                   0                   
183                             0                   0.100               0                   0                   
184                             0                   0.93                0                   0                   
185                             0                   0.25                0                   0                   
186                             0                   0.83                0                   0                   
187                             1                   0.12                8.13                8.15                
188                             0                   1.09                0                   0                   
189                             0                   0.70                0                   0                   
19                              0                   1.95                0                   0                   
190                             0                   0.34                0                   0                   
191                             2                   0.79                2.55                2.55                
192                             0                   0.40                0                   0                   
193                             0                   0.55                0                   0                   
194                             0                   0.60                0                   0                   
195                             0                   0.57                0                   0                   
196                             0                   0.88                0                   0                   
197                             1                   0.60                1.66                1.66                
198                             0                   0.69                0                   0                   
199                             1                   0.52                1.91                1.91                
2                               0                   4.64                0                   0                   
20                              0                   2.06                0                   0                   
200                             0                   0.52                0                   0                   
201                             0                   0.63                0                   0                   
202                             0                   0.42                0                   0                   
203                             0                   0.54                0                   0                   
204                             0                   2.37                0                   0                   
205                             1                   0.98                1.02                1.02                
206                             0                   0.33                0                   0                   
207                             0                   0.40                0                   0                   
208                             0                   0.56                0                   0                   
209                             0                   0.63                0                   0                   
21                              0                   4.90                0                   0                   
210                             0                   1.55                0                   0                   
211                             0                   0.28                0                   0                   
212                             0                   1.01                0                   0                   
213                             0                   1.00                0                   0                   
214                             1                   0.17                5.99                6.00                
215                             1                   0.48                2.07                2.07                
216                             1                   0.42                2.36                2.37                
217                             0                   0.16                0                   0                   
218                             0                   1.19                0                   0                   
219                             0                   0.23                0                   0                   
22                              0                   0.25                0                   0                   
220                             2                   4.38                0.46                0.45                
221                             1                   0.34                2.91                2.92                
222                             13                  0.67                19.37               19.85               
223                             1                   0.77                1.30                1.30                
224                             0                   0.22                0                   0                   
225                             0                   0.11                0                   0                   
226                             2                   1.05                1.91                1.92                
227                             3                   0.54                5.59                5.62                
228                             1                   0.12                8.36                8.37                
229                             2                   0.39                5.06                5.08                
23                              0                   1.07                0                   0                   
230                             1                   0.12                8.69                8.70                
231                             0                   0.17                0                   0                   
232                             3                   1.19                2.53                2.54                
233                             0                   0.11                0                   0                   
234                             2                   0.10                19.05               19.13               
235                             0                   0.27                0                   0                   
236                             1                   0.17                5.84                5.85                
237                             0                   0.37                0                   0                   
238                             1                   1.11                0.90                0.90                
239                             0                   0.45                0                   0                   
24                              0                   9.63                0                   0                   
240                             10                  0.19                53.33               54.38               
241                             2                   0.58                3.46                3.47                
242                             2                   0.66                3.05                3.06                
243                             0                   0.071               0                   0                   
244                             0                   0.54                0                   0                   
245                             1                   0.57                1.76                1.76                
246                             0                   0.24                0                   0                   
247                             4                   2.45                1.63                1.63                
248                             9                   0.93                9.64                9.79                
249                             7                   0.76                9.27                9.39                
25                              2                   3.66                0.55                0.54                
250                             1                   1.88                0.53                0.53                
251                             5                   0.97                5.17                5.21                
252                             6                   0.82                7.31                7.39                
253                             4                   0.65                6.12                6.16                
254                             1                   0.16                6.32                6.33                
255                             2                   0.63                3.17                3.18                
256                             7                   1.15                6.07                6.15                
257                             4                   0.65                6.15                6.19                
258                             41                  0.66                62.13               67.49               
259                             1                   0.31                3.28                3.28                
26                              0                   3.54                0                   0                   
260                             2                   0.42                4.72                4.74                
261                             19                  0.79                24.09               24.99               
262                             1                   0.28                3.52                3.52                
263                             2                   0.13                15.00               15.05               
264                             1                   0.26                3.80                3.81                
265                             0                   0.32                0                   0                   
266                             0                   0.042               0                   0                   
267                             0                   0.093               0                   0                   
268                             0                   0.068               0                   0                   
269                             1                   0.53                1.89                1.89                
27                              0                   1.45                0                   0                   
270                             8                   3.04                2.63                2.66                
271                             52                  4.30                12.08               13.35               
272                             50                  4.01                12.46               13.71               
273                             17                  7.50                2.27                2.31                
274                             1                   1.12                0.90                0.89                
275                             2                   0.59                3.39                3.40                
276                             7                   3.74                1.87                1.89                
277 et al                       18                  4.77                3.77                3.87                
279                             3                   3.44                0.87                0.87                
28                              1                   2.66                0.38                0.37                
280                             20                  7.84                2.55                2.61                
281                             6                   2.13                2.82                2.84                
282                             0                   0.81                0                   0                   
283                             2                   0.87                2.29                2.30                
284                             9                   1.53                5.89                5.98                
285                             0                   0.30                0                   0                   
286                             0                   0.29                0                   0                   
287                             1                   0.30                3.31                3.31                
288                             0                   1.92                0                   0                   
289                             0                   0.76                0                   0                   
29                              0                   3.44                0                   0                   
290                             0                   0.37                0                   0                   
291                             0                   1.56                0                   0                   
292                             0                   0.35                0                   0                   
293                             0                   1.07                0                   0                   
294                             3                   1.88                1.59                1.60                
295                             0                   0.22                0                   0                   
296                             0                   0.31                0                   0                   
297                             0                   0.36                0                   0                   
298                             0                   0.40                0                   0                   
299                             1                   3.22                0.31                0.31                
3                               0                   1.70                0                   0                   
30                              0                   0.15                0                   0                   
300                             1                   6.00                0.17                0.16                
301                             1                   2.73                0.37                0.36                
302                             2                   3.69                0.54                0.54                
303                             0                   1.19                0                   0                   
304                             1                   0.24                4.18                4.19                
305                             0                   0.70                0                   0                   
306                             0                   0.42                0                   0                   
307                             0                   1.70                0                   0                   
308                             2                   1.25                1.60                1.60                
309                             2                   4.62                0.43                0.43                
31                              0                   0.36                0                   0                   
310                             1                   2.08                0.48                0.48                
311                             1                   4.13                0.24                0.24                
312                             0                   0.54                0                   0                   
313                             1                   1.11                0.90                0.90                
314                             0                   1.66                0                   0                   
315                             0                   1.27                0                   0                   
316                             1                   2.02                0.49                0.49                
317                             0                   1.89                0                   0                   
318                             0                   2.37                0                   0                   
319                             2                   1.63                1.23                1.23                
32                              0                   0.74                0                   0                   
320                             0                   0.33                0                   0                   
321                             0                   1.43                0                   0                   
322                             2                   2.53                0.79                0.79                
323                             2                   4.96                0.40                0.40                
324                             1                   3.64                0.27                0.27                
325                             0                   1.43                0                   0                   
326                             1                   1.70                0.59                0.59                
327                             0                   1.11                0                   0                   
328                             0                   0.33                0                   0                   
329                             0                   0.81                0                   0                   
33                              0                   0.37                0                   0                   
330                             0                   0.73                0                   0                   
331                             0                   1.99                0                   0                   
332                             0                   2.72                0                   0                   
333                             0                   0.76                0                   0                   
334                             0                   0.71                0                   0                   
335                             1                   0.67                1.49                1.50                
336                             0                   0.37                0                   0                   
337                             0                   0.81                0                   0                   
338                             2                   5.10                0.39                0.39                
339                             0                   0.82                0                   0                   
34                              0                   0.22                0                   0                   
340                             1                   0.66                1.52                1.52                
341                             0                   1.22                0                   0                   
342                             0                   0.91                0                   0                   
343                             0                   0.60                0                   0                   
344                             1                   0.94                1.06                1.06                
345                             0                   1.03                0                   0                   
346                             0                   0.86                0                   0                   
347                             0                   0.33                0                   0                   
348                             0                   0.37                0                   0                   
349                             0                   0.52                0                   0                   
35                              0                   0.32                0                   0                   
350                             0                   1.00                0                   0                   
351                             0                   0.74                0                   0                   
352                             0                   1.90                0                   0                   
36                              0                   0.80                0                   0                   
37                              0                   0.13                0                   0                   
38                              0                   0.096               0                   0                   
39                              0                   1.87                0                   0                   
4                               0                   0.100               0                   0                   
40                              0                   1.00                0                   0                   
41                              0                   1.95                0                   0                   
42                              0                   0.16                0                   0                   
43                              0                   0.76                0                   0                   
44                              0                   0.28                0                   0                   
45                              0                   0.40                0                   0                   
46                              0                   2.25                0                   0                   
47                              0                   0.24                0                   0                   
48                              0                   5.04                0                   0                   
49                              1                   3.49                0.29                0.29                
5                               0                   0.21                0                   0                   
50                              0                   4.93                0                   0                   
51                              0                   6.28                0                   0                   
52                              0                   5.60                0                   0                   
53                              0                   2.67                0                   0                   
54                              0                   6.30                0                   0                   
55                              0                   2.82                0                   0                   
56                              0                   6.77                0                   0                   
57                              1                   5.99                0.17                0.17                
58                              0                   4.52                0                   0                   
59                              0                   4.19                0                   0                   
6                               0                   0.32                0                   0                   
60                              1                   1.18                0.85                0.85                
61                              1                   1.05                0.96                0.96                
62                              0                   1.14                0                   0                   
63                              0                   0.97                0                   0                   
64                              0                   1.14                0                   0                   
65                              0                   1.80                0                   0                   
66                              0                   0.85                0                   0                   
67                              0                   0.47                0                   0                   
68                              0                   0.87                0                   0                   
69                              0                   1.16                0                   0                   
7                               0                   0.21                0                   0                   
70                              0                   0.13                0                   0                   
71                              0                   0.71                0                   0                   
72                              0                   0.53                0                   0                   
73                              0                   0.13                0                   0                   
74                              0                   2.09                0                   0                   
75                              0                   0.78                0                   0                   
76                              0                   1.58                0                   0                   
77                              0                   0.87                0                   0                   
78                              0                   0.64                0                   0                   
79                              0                   2.51                0                   0                   
8                               0                   0.12                0                   0                   
80                              0                   0.51                0                   0                   
81                              1                   8.46                0.12                0.12                
82                              1                   9.03                0.11                0.11                
83                              1                   1.85                0.54                0.54                
84                              0                   0.84                0                   0                   
85                              0                   5.20                0                   0                   
86                              0                   0.14                0                   0                   
87                              0                   0.10                0                   0                   
88                              0                   6.60                0                   0                   
89                              1                   9.10                0.11                0.11                
9                               0                   0.73                0                   0                   
90                              1                   12.04               0.083               0.081               
91                              0                   2.32                0                   0                   
92                              0                   4.02                0                   0                   
93                              2                   4.86                0.41                0.41                
94                              0                   4.35                0                   0                   
95                              0                   1.72                0                   0                   
96                              0                   3.70                0                   0                   
97                              0                   0.52                0                   0                   
98                              0                   0.14                0                   0                   
99                              0                   0.88                0                   0                   
