226                             1                   1e-17               410                 85.48               4.80                20.68               3913709.00          2                   1.05                1.91                1.92                47866.00            22.462656           120.475133          F 
229                             1                   1e-17               410                 85.48               4.80                20.68               3913709.00          2                   0.39                5.06                5.08                18080.00            22.441421           120.512509          F 
219                             1                   1e-17               410                 85.48               4.80                20.68               3913709.00          0                   0.23                0                   0                   10670.00            22.479807           120.518056          F 
221                             1                   1e-17               410                 85.48               4.80                20.68               3913709.00          1                   0.34                2.91                2.92                15720.00            22.515282           120.500660          F 
223                             1                   1e-17               410                 85.48               4.80                20.68               3913709.00          1                   0.77                1.30                1.30                35321.00            22.517190           120.450143          F 
216                             1                   1e-17               410                 85.48               4.80                20.68               3913709.00          1                   0.42                2.36                2.37                19380.00            22.429806           120.547612          F 
284                             1                   1e-17               410                 85.48               4.80                20.68               3913709.00          9                   1.53                5.89                5.98                69990.00            22.508137           120.399052          F 
224                             1                   1e-17               410                 85.48               4.80                20.68               3913709.00          0                   0.22                0                   0                   9936.00             22.486763           120.584626          F 
232                             1                   1e-17               410                 85.48               4.80                20.68               3913709.00          3                   1.19                2.53                2.54                54377.00            22.536429           120.556806          F 
238                             1                   1e-17               410                 85.48               4.80                20.68               3913709.00          1                   1.11                0.90                0.90                50935.00            22.588495           120.476619          F 
227                             1                   1e-17               410                 85.48               4.80                20.68               3913709.00          3                   0.54                5.59                5.62                24571.00            22.403342           120.597584          F 
237                             1                   1e-17               410                 85.48               4.80                20.68               3913709.00          0                   0.37                0                   0                   17158.00            22.588556           120.526638          F 
279                             1                   1e-17               410                 85.48               4.80                20.68               3913709.00          3                   3.44                0.87                0.87                157475.00           22.551402           120.359261          F 
247                             1                   1e-17               410                 85.48               4.80                20.68               3913709.00          4                   2.45                1.63                1.63                112397.00           22.592836           120.411147          F 
235                             1                   1e-17               410                 85.48               4.80                20.68               3913709.00          0                   0.27                0                   0                   12337.00            22.340003           120.371047          F 
239                             1                   1e-17               410                 85.48               4.80                20.68               3913709.00          0                   0.45                0                   0                   20556.00            22.582335           120.601817          F 
280                             1                   1e-17               410                 85.48               4.80                20.68               3913709.00          20                  7.84                2.55                2.61                359120.00           22.613793           120.355436          F 
246                             1                   1e-17               410                 85.48               4.80                20.68               3913709.00          0                   0.24                0                   0                   11076.00            22.648764           120.529969          F 
217                             1                   1e-17               410                 85.48               4.80                20.68               3913709.00          0                   0.16                0                   0                   7465.00             22.501572           120.685723          F 
220                             1                   1e-17               410                 85.48               4.80                20.68               3913709.00          2                   4.38                0.46                0.45                200452.00           22.664738           120.479995          F 
277                             1                   1e-17               410                 85.48               4.80                20.68               3913709.00          18                  4.77                3.77                3.87                218602.00           22.585656           120.289154          F 
225                             1                   1e-17               410                 85.48               4.80                20.68               3913709.00          0                   0.11                0                   0                   4867.00             22.403998           120.697580          F 
276                             1                   1e-17               410                 85.48               4.80                20.68               3913709.00          7                   3.74                1.87                1.89                171033.00           22.623594           120.320910          F 
218                             1                   1e-17               410                 85.48               4.80                20.68               3913709.00          0                   1.19                0                   0                   54707.00            22.651169           120.588822          F 
251                             1                   1e-17               410                 85.48               4.80                20.68               3913709.00          5                   0.97                5.17                5.21                44291.00            22.662493           120.372778          F 
274                             1                   1e-17               410                 85.48               4.80                20.68               3913709.00          1                   1.12                0.90                0.89                51153.00            22.629929           120.306734          F 
275                             1                   1e-17               410                 85.48               4.80                20.68               3913709.00          2                   0.59                3.39                3.40                26991.00            22.626991           120.294422          F 
273                             1                   1e-17               410                 85.48               4.80                20.68               3913709.00          17                  7.50                2.27                2.31                343243.00           22.649899           120.317919          F 
269                             1                   1e-17               410                 85.48               4.80                20.68               3913709.00          1                   0.53                1.89                1.89                24219.00            22.624246           120.284233          F 
242                             1                   1e-17               410                 85.48               4.80                20.68               3913709.00          2                   0.66                3.05                3.06                30008.00            22.694550           120.555979          F 
230                             1                   1e-17               410                 85.48               4.80                20.68               3913709.00          1                   0.12                8.69                8.70                5271.00             22.604085           120.691793          F 
248                             1                   1e-17               410                 85.48               4.80                20.68               3913709.00          9                   0.93                9.64                9.79                42757.00            22.711004           120.425407          F 
228                             1                   1e-17               410                 85.48               4.80                20.68               3913709.00          1                   0.12                8.36                8.37                5478.00             22.270870           120.656767          F 
249                             1                   1e-17               410                 85.48               4.80                20.68               3913709.00          7                   0.76                9.27                9.39                34577.00            22.701208           120.360526          F 
270                             1                   1e-17               410                 85.48               4.80                20.68               3913709.00          8                   3.04                2.63                2.66                139259.00           22.650195           120.274163          F 
215                             1                   1e-17               410                 85.48               4.80                20.68               3913709.00          1                   0.48                2.07                2.07                22110.00            22.731668           120.484504          F 
271                             1                   1e-17               410                 85.48               4.80                20.68               3913709.00          52                  4.30                12.08               13.35               197072.00           22.683957           120.295159          F 
236                             1                   1e-17               410                 85.48               4.80                20.68               3913709.00          1                   0.17                5.84                5.85                7840.00             22.671078           120.679924          F 
245                             1                   1e-17               410                 85.48               4.80                20.68               3913709.00          1                   0.57                1.76                1.76                25997.00            22.742536           120.569394          F 
250                             1                   1e-17               410                 85.48               4.80                20.68               3913709.00          1                   1.88                0.53                0.53                85894.00            22.739835           120.370799          F 
272                             1                   1e-17               410                 85.48               4.80                20.68               3913709.00          50                  4.01                12.46               13.71               183751.00           22.721100           120.300758          F 
234                             1                   1e-17               410                 85.48               4.80                20.68               3913709.00          2                   0.10                19.05               19.13               4806.00             22.260849           120.735645          F 
252                             1                   1e-17               410                 85.48               4.80                20.68               3913709.00          6                   0.82                7.31                7.39                37579.00            22.752524           120.300653          F 
241                             1                   1e-17               410                 85.48               4.80                20.68               3913709.00          2                   0.58                3.46                3.47                26459.00            22.798548           120.506128          F 
253                             1                   1e-17               410                 85.48               4.80                20.68               3913709.00          4                   0.65                6.12                6.16                29922.00            22.787696           120.370799          F 
119                             1                   1e-17               410                 85.48               4.80                20.68               3913709.00          0                   0.077               0                   0                   3518.00             22.384307           120.835524          F 
261                             1                   1e-17               410                 85.48               4.80                20.68               3913709.00          19                  0.79                24.09               24.99               36116.00            22.748209           120.259399          F 
244                             1                   1e-17               410                 85.48               4.80                20.68               3913709.00          0                   0.54                0                   0                   24622.00            22.809920           120.601768          F 
120                             1                   1e-17               410                 85.48               4.80                20.68               3913709.00          0                   0.080               0                   0                   3653.00             22.581617           120.857038          F 
281                             1                   1e-17               410                 85.48               4.80                20.68               3913709.00          6                   2.13                2.82                2.84                97329.00            22.805059           120.297891          F 
260                             1                   1e-17               410                 85.48               4.80                20.68               3913709.00          2                   0.42                4.72                4.74                19383.00            22.779445           120.239457          F 
214                             1                   1e-17               410                 85.48               4.80                20.68               3913709.00          1                   0.17                5.99                6.00                7644.00             22.797868           120.686522          F 
110                             1                   1e-17               410                 85.48               4.80                20.68               3913709.00          0                   0.13                0                   0                   6117.00             22.383595           120.899170          F 
282                             1                   1e-17               410                 85.48               4.80                20.68               3913709.00          0                   0.81                0                   0                   36940.00            22.864970           120.475455          F 
254                             1                   1e-17               410                 85.48               4.80                20.68               3913709.00          1                   0.16                6.32                6.33                7245.00             22.863943           120.395984          F 
243                             1                   1e-17               410                 85.48               4.80                20.68               3913709.00          0                   0.071               0                   0                   3246.00             22.759905           120.800810          F 
259                             1                   1e-17               410                 85.48               4.80                20.68               3913709.00          1                   0.31                3.28                3.28                13980.00            22.822246           120.228051          F 
255                             1                   1e-17               410                 85.48               4.80                20.68               3913709.00          2                   0.63                3.17                3.18                28844.00            22.870229           120.321097          F 
256                             1                   1e-17               410                 85.48               4.80                20.68               3913709.00          7                   1.15                6.07                6.15                52761.00            22.857242           120.265987          F 
233                             1                   1e-17               410                 85.48               4.80                20.68               3913709.00          0                   0.11                0                   0                   4926.00             22.155529           120.817361          F 
283                             1                   1e-17               410                 85.48               4.80                20.68               3913709.00          2                   0.87                2.29                2.30                39973.00            22.900055           120.563463          F 
240                             1                   1e-17               410                 85.48               4.80                20.68               3913709.00          10                  0.19                53.33               54.38               8586.00             22.079156           120.743263          F 
111                             1                   1e-17               410                 85.48               4.80                20.68               3913709.00          0                   0.24                0                   0                   11163.00            22.590981           120.979764          F 
257                             1                   1e-17               410                 85.48               4.80                20.68               3913709.00          4                   0.65                6.15                6.19                29803.00            22.893250           120.225937          F 
258                             1                   1e-17               410                 85.48               4.80                20.68               3913709.00          41                  0.66                62.13               67.49               30217.00            22.882414           120.198052          F 
265                             1                   1e-17               410                 85.48               4.80                20.68               3913709.00          0                   0.32                0                   0                   14540.00            22.956688           120.471927          F 
173                             1                   1e-17               410                 85.48               4.80                20.68               3913709.00          0                   0.088               0                   0                   4038.00             22.954823           120.386937          F 
170                             1                   1e-17               410                 85.48               4.80                20.68               3913709.00          0                   0.75                0                   0                   34433.00            22.955779           120.334282          F 
165                             1                   1e-17               410                 85.48               4.80                20.68               3913709.00          1                   1.49                0.67                0.67                68424.00            22.946795           120.293063          F 
266                             1                   1e-17               410                 85.48               4.80                20.68               3913709.00          0                   0.042               0                   0                   1924.00             22.919933           120.752384          F 
140                             1                   1e-17               410                 85.48               4.80                20.68               3913709.00          16                  1.65                9.70                9.98                75518.00            22.941309           120.241879          F 
231                             1                   1e-17               410                 85.48               4.80                20.68               3913709.00          0                   0.17                0                   0                   7840.00             22.049300           120.843568          F 
264                             1                   1e-17               410                 85.48               4.80                20.68               3913709.00          1                   0.26                3.80                3.81                12038.00            22.996947           120.562197          F 
222                             1                   1e-17               410                 85.48               4.80                20.68               3913709.00          13                  0.67                19.37               19.85               30726.00            21.985316           120.763254          F 
146                             1                   1e-17               410                 85.48               4.80                20.68               3913709.00          32                  2.74                11.68               12.40               125394.00           22.955619           120.190374          F 
259                             2                   1e-17               243                 22.41               10.84               19.87               1026093.00          1                   0.31                3.28                3.28                13980.00            22.822246           120.228051          T 
260                             2                   1e-17               243                 22.41               10.84               19.87               1026093.00          2                   0.42                4.72                4.74                19383.00            22.779445           120.239457          T 
256                             2                   1e-17               243                 22.41               10.84               19.87               1026093.00          7                   1.15                6.07                6.15                52761.00            22.857242           120.265987          T 
258                             2                   1e-17               243                 22.41               10.84               19.87               1026093.00          41                  0.66                62.13               67.49               30217.00            22.882414           120.198052          T 
281                             2                   1e-17               243                 22.41               10.84               19.87               1026093.00          6                   2.13                2.82                2.84                97329.00            22.805059           120.297891          T 
257                             2                   1e-17               243                 22.41               10.84               19.87               1026093.00          4                   0.65                6.15                6.19                29803.00            22.893250           120.225937          T 
261                             2                   1e-17               243                 22.41               10.84               19.87               1026093.00          19                  0.79                24.09               24.99               36116.00            22.748209           120.259399          T 
252                             2                   1e-17               243                 22.41               10.84               19.87               1026093.00          6                   0.82                7.31                7.39                37579.00            22.752524           120.300653          T 
255                             2                   1e-17               243                 22.41               10.84               19.87               1026093.00          2                   0.63                3.17                3.18                28844.00            22.870229           120.321097          T 
140                             2                   1e-17               243                 22.41               10.84               19.87               1026093.00          16                  1.65                9.70                9.98                75518.00            22.941309           120.241879          T 
272                             2                   1e-17               243                 22.41               10.84               19.87               1026093.00          50                  4.01                12.46               13.71               183751.00           22.721100           120.300758          T 
253                             2                   1e-17               243                 22.41               10.84               19.87               1026093.00          4                   0.65                6.12                6.16                29922.00            22.787696           120.370799          T 
146                             2                   1e-17               243                 22.41               10.84               19.87               1026093.00          32                  2.74                11.68               12.40               125394.00           22.955619           120.190374          T 
165                             2                   1e-17               243                 22.41               10.84               19.87               1026093.00          1                   1.49                0.67                0.67                68424.00            22.946795           120.293063          T 
271                             2                   1e-17               243                 22.41               10.84               19.87               1026093.00          52                  4.30                12.08               13.35               197072.00           22.683957           120.295159          T 
222                             3                   1e-17               23                  0.86                26.79               28.01               39312.00            13                  0.67                19.37               19.85               30726.00            21.985316           120.763254          T 
240                             3                   1e-17               23                  0.86                26.79               28.01               39312.00            10                  0.19                53.33               54.38               8586.00             22.079156           120.743263          T 
251                             4                   0.000000000739      65                  21.73               2.99                3.28                995021.00           5                   0.97                5.17                5.21                44291.00            22.662493           120.372778          T 
249                             4                   0.000000000739      65                  21.73               2.99                3.28                995021.00           7                   0.76                9.27                9.39                34577.00            22.701208           120.360526          T 
280                             4                   0.000000000739      65                  21.73               2.99                3.28                995021.00           20                  7.84                2.55                2.61                359120.00           22.613793           120.355436          T 
273                             4                   0.000000000739      65                  21.73               2.99                3.28                995021.00           17                  7.50                2.27                2.31                343243.00           22.649899           120.317919          T 
276                             4                   0.000000000739      65                  21.73               2.99                3.28                995021.00           7                   3.74                1.87                1.89                171033.00           22.623594           120.320910          T 
248                             4                   0.000000000739      65                  21.73               2.99                3.28                995021.00           9                   0.93                9.64                9.79                42757.00            22.711004           120.425407          T 
235                             5                   0.0000229           47                  17.62               2.67                2.84                806722.00           0                   0.27                0                   0                   12337.00            22.340003           120.371047          T 
226                             5                   0.0000229           47                  17.62               2.67                2.84                806722.00           2                   1.05                1.91                1.92                47866.00            22.462656           120.475133          T 
229                             5                   0.0000229           47                  17.62               2.67                2.84                806722.00           2                   0.39                5.06                5.08                18080.00            22.441421           120.512509          T 
284                             5                   0.0000229           47                  17.62               2.67                2.84                806722.00           9                   1.53                5.89                5.98                69990.00            22.508137           120.399052          T 
216                             5                   0.0000229           47                  17.62               2.67                2.84                806722.00           1                   0.42                2.36                2.37                19380.00            22.429806           120.547612          T 
223                             5                   0.0000229           47                  17.62               2.67                2.84                806722.00           1                   0.77                1.30                1.30                35321.00            22.517190           120.450143          T 
219                             5                   0.0000229           47                  17.62               2.67                2.84                806722.00           0                   0.23                0                   0                   10670.00            22.479807           120.518056          T 
279                             5                   0.0000229           47                  17.62               2.67                2.84                806722.00           3                   3.44                0.87                0.87                157475.00           22.551402           120.359261          T 
221                             5                   0.0000229           47                  17.62               2.67                2.84                806722.00           1                   0.34                2.91                2.92                15720.00            22.515282           120.500660          T 
227                             5                   0.0000229           47                  17.62               2.67                2.84                806722.00           3                   0.54                5.59                5.62                24571.00            22.403342           120.597584          T 
224                             5                   0.0000229           47                  17.62               2.67                2.84                806722.00           0                   0.22                0                   0                   9936.00             22.486763           120.584626          T 
247                             5                   0.0000229           47                  17.62               2.67                2.84                806722.00           4                   2.45                1.63                1.63                112397.00           22.592836           120.411147          T 
277                             5                   0.0000229           47                  17.62               2.67                2.84                806722.00           18                  4.77                3.77                3.87                218602.00           22.585656           120.289154          T 
232                             5                   0.0000229           47                  17.62               2.67                2.84                806722.00           3                   1.19                2.53                2.54                54377.00            22.536429           120.556806          T 
263                             6                   0.844               6                   1.39                4.30                4.34                63816.00            2                   0.13                15.00               15.05               6107.00             23.116550           120.623289          F 
145                             6                   0.844               6                   1.39                4.30                4.34                63816.00            0                   0.19                0                   0                   8787.00             23.115111           120.544122          F 
262                             6                   0.844               6                   1.39                4.30                4.34                63816.00            1                   0.28                3.52                3.52                13016.00            23.011954           120.658563          F 
164                             6                   0.844               6                   1.39                4.30                4.34                63816.00            0                   0.21                0                   0                   9717.00             23.178859           120.517030          F 
264                             6                   0.844               6                   1.39                4.30                4.34                63816.00            1                   0.26                3.80                3.81                12038.00            22.996947           120.562197          F 
167                             6                   0.844               6                   1.39                4.30                4.34                63816.00            2                   0.31                6.47                6.49                14151.00            23.114809           120.460962          F 
