226                             1                   1e-17               390                 81.39               4.79                20.87               3921416.00          2                   1.00                2.00                2.01                48097.00            22.462656           120.475133          F 
229                             1                   1e-17               390                 81.39               4.79                20.87               3921416.00          2                   0.38                5.26                5.28                18317.00            22.441421           120.512509          F 
219                             1                   1e-17               390                 81.39               4.79                20.87               3921416.00          0                   0.22                0                   0                   10808.00            22.479807           120.518056          F 
221                             1                   1e-17               390                 81.39               4.79                20.87               3921416.00          1                   0.33                3.03                3.03                15916.00            22.515282           120.500660          F 
223                             1                   1e-17               390                 81.39               4.79                20.87               3921416.00          1                   0.74                1.35                1.35                35680.00            22.517190           120.450143          F 
216                             1                   1e-17               390                 81.39               4.79                20.87               3921416.00          1                   0.41                2.45                2.45                19689.00            22.429806           120.547612          F 
284                             1                   1e-17               390                 81.39               4.79                20.87               3921416.00          9                   1.46                6.18                6.28                70201.00            22.508137           120.399052          F 
224                             1                   1e-17               390                 81.39               4.79                20.87               3921416.00          0                   0.21                0                   0                   9927.00             22.486763           120.584626          F 
232                             1                   1e-17               390                 81.39               4.79                20.87               3921416.00          3                   1.14                2.64                2.65                54703.00            22.536429           120.556806          F 
238                             1                   1e-17               390                 81.39               4.79                20.87               3921416.00          1                   1.06                0.94                0.94                51261.00            22.588495           120.476619          F 
227                             1                   1e-17               390                 81.39               4.79                20.87               3921416.00          3                   0.52                5.82                5.85                24826.00            22.403342           120.597584          F 
237                             1                   1e-17               390                 81.39               4.79                20.87               3921416.00          0                   0.36                0                   0                   17351.00            22.588556           120.526638          F 
279                             1                   1e-17               390                 81.39               4.79                20.87               3921416.00          3                   3.26                0.92                0.92                157023.00           22.551402           120.359261          F 
247                             1                   1e-17               390                 81.39               4.79                20.87               3921416.00          3                   2.33                1.29                1.29                112258.00           22.592836           120.411147          F 
235                             1                   1e-17               390                 81.39               4.79                20.87               3921416.00          0                   0.26                0                   0                   12423.00            22.340003           120.371047          F 
239                             1                   1e-17               390                 81.39               4.79                20.87               3921416.00          0                   0.43                0                   0                   20609.00            22.582335           120.601817          F 
280                             1                   1e-17               390                 81.39               4.79                20.87               3921416.00          17                  7.43                2.29                2.34                357768.00           22.613793           120.355436          F 
246                             1                   1e-17               390                 81.39               4.79                20.87               3921416.00          0                   0.23                0                   0                   11125.00            22.648764           120.529969          F 
217                             1                   1e-17               390                 81.39               4.79                20.87               3921416.00          0                   0.16                0                   0                   7494.00             22.501572           120.685723          F 
220                             1                   1e-17               390                 81.39               4.79                20.87               3921416.00          2                   4.18                0.48                0.48                201644.00           22.664738           120.479995          F 
277                             1                   1e-17               390                 81.39               4.79                20.87               3921416.00          17                  4.57                3.72                3.82                220160.00           22.585656           120.289154          F 
225                             1                   1e-17               390                 81.39               4.79                20.87               3921416.00          0                   0.10                0                   0                   4855.00             22.403998           120.697580          F 
276                             1                   1e-17               390                 81.39               4.79                20.87               3921416.00          7                   3.59                1.95                1.96                172895.00           22.623594           120.320910          F 
218                             1                   1e-17               390                 81.39               4.79                20.87               3921416.00          0                   1.15                0                   0                   55181.00            22.651169           120.588822          F 
251                             1                   1e-17               390                 81.39               4.79                20.87               3921416.00          5                   0.92                5.44                5.49                44265.00            22.662493           120.372778          F 
274                             1                   1e-17               390                 81.39               4.79                20.87               3921416.00          1                   1.07                0.94                0.94                51431.00            22.629929           120.306734          F 
275                             1                   1e-17               390                 81.39               4.79                20.87               3921416.00          2                   0.56                3.55                3.56                27151.00            22.626991           120.294422          F 
273                             1                   1e-17               390                 81.39               4.79                20.87               3921416.00          14                  7.16                1.96                1.98                344888.00           22.649899           120.317919          F 
269                             1                   1e-17               390                 81.39               4.79                20.87               3921416.00          0                   0.51                0                   0                   24659.00            22.624246           120.284233          F 
242                             1                   1e-17               390                 81.39               4.79                20.87               3921416.00          1                   0.63                1.60                1.60                30159.00            22.694550           120.555979          F 
230                             1                   1e-17               390                 81.39               4.79                20.87               3921416.00          1                   0.11                9.16                9.17                5262.00             22.604085           120.691793          F 
248                             1                   1e-17               390                 81.39               4.79                20.87               3921416.00          9                   0.89                10.07               10.24               43067.00            22.711004           120.425407          F 
228                             1                   1e-17               390                 81.39               4.79                20.87               3921416.00          1                   0.11                8.71                8.72                5535.00             22.270870           120.656767          F 
249                             1                   1e-17               390                 81.39               4.79                20.87               3921416.00          7                   0.72                9.74                9.87                34615.00            22.701208           120.360526          F 
270                             1                   1e-17               390                 81.39               4.79                20.87               3921416.00          7                   2.87                2.44                2.46                138099.00           22.650195           120.274163          F 
215                             1                   1e-17               390                 81.39               4.79                20.87               3921416.00          1                   0.46                2.18                2.18                22083.00            22.731668           120.484504          F 
271                             1                   1e-17               390                 81.39               4.79                20.87               3921416.00          51                  4.09                12.48               13.84               196936.00           22.683957           120.295159          F 
236                             1                   1e-17               390                 81.39               4.79                20.87               3921416.00          1                   0.16                6.14                6.15                7847.00             22.671078           120.679924          F 
245                             1                   1e-17               390                 81.39               4.79                20.87               3921416.00          1                   0.54                1.84                1.84                26199.00            22.742536           120.569394          F 
250                             1                   1e-17               390                 81.39               4.79                20.87               3921416.00          1                   1.75                0.57                0.57                84122.00            22.739835           120.370799          F 
272                             1                   1e-17               390                 81.39               4.79                20.87               3921416.00          47                  3.77                12.45               13.69               181845.00           22.721100           120.300758          F 
234                             1                   1e-17               390                 81.39               4.79                20.87               3921416.00          2                   0.10                19.96               20.04               4827.00             22.260849           120.735645          F 
252                             1                   1e-17               390                 81.39               4.79                20.87               3921416.00          5                   0.78                6.43                6.49                37448.00            22.752524           120.300653          F 
241                             1                   1e-17               390                 81.39               4.79                20.87               3921416.00          2                   0.56                3.57                3.58                26995.00            22.798548           120.506128          F 
253                             1                   1e-17               390                 81.39               4.79                20.87               3921416.00          4                   0.62                6.43                6.48                29960.00            22.787696           120.370799          F 
119                             1                   1e-17               390                 81.39               4.79                20.87               3921416.00          0                   0.073               0                   0                   3524.00             22.384307           120.835524          F 
261                             1                   1e-17               390                 81.39               4.79                20.87               3921416.00          19                  0.75                25.25               26.25               36252.00            22.748209           120.259399          F 
244                             1                   1e-17               390                 81.39               4.79                20.87               3921416.00          0                   0.52                0                   0                   24882.00            22.809920           120.601768          F 
120                             1                   1e-17               390                 81.39               4.79                20.87               3921416.00          0                   0.075               0                   0                   3612.00             22.581617           120.857038          F 
281                             1                   1e-17               390                 81.39               4.79                20.87               3921416.00          6                   2.03                2.96                2.99                97643.00            22.805059           120.297891          F 
260                             1                   1e-17               390                 81.39               4.79                20.87               3921416.00          2                   0.41                4.93                4.94                19555.00            22.779445           120.239457          F 
214                             1                   1e-17               390                 81.39               4.79                20.87               3921416.00          1                   0.16                6.29                6.30                7662.00             22.797868           120.686522          F 
110                             1                   1e-17               390                 81.39               4.79                20.87               3921416.00          0                   0.13                0                   0                   6238.00             22.383595           120.899170          F 
282                             1                   1e-17               390                 81.39               4.79                20.87               3921416.00          0                   0.77                0                   0                   37342.00            22.864970           120.475455          F 
254                             1                   1e-17               390                 81.39               4.79                20.87               3921416.00          1                   0.15                6.56                6.58                7340.00             22.863943           120.395984          F 
243                             1                   1e-17               390                 81.39               4.79                20.87               3921416.00          0                   0.068               0                   0                   3285.00             22.759905           120.800810          F 
259                             1                   1e-17               390                 81.39               4.79                20.87               3921416.00          0                   0.29                0                   0                   14039.00            22.822246           120.228051          F 
255                             1                   1e-17               390                 81.39               4.79                20.87               3921416.00          1                   0.60                1.66                1.66                29093.00            22.870229           120.321097          F 
256                             1                   1e-17               390                 81.39               4.79                20.87               3921416.00          7                   1.10                6.36                6.44                53007.00            22.857242           120.265987          F 
233                             1                   1e-17               390                 81.39               4.79                20.87               3921416.00          0                   0.10                0                   0                   4853.00             22.155529           120.817361          F 
283                             1                   1e-17               390                 81.39               4.79                20.87               3921416.00          2                   0.84                2.39                2.39                40399.00            22.900055           120.563463          F 
240                             1                   1e-17               390                 81.39               4.79                20.87               3921416.00          10                  0.18                55.12               56.27               8741.00             22.079156           120.743263          F 
111                             1                   1e-17               390                 81.39               4.79                20.87               3921416.00          0                   0.23                0                   0                   11304.00            22.590981           120.979764          F 
257                             1                   1e-17               390                 81.39               4.79                20.87               3921416.00          4                   0.62                6.45                6.50                29876.00            22.893250           120.225937          F 
258                             1                   1e-17               390                 81.39               4.79                20.87               3921416.00          41                  0.63                64.96               70.90               30412.00            22.882414           120.198052          F 
265                             1                   1e-17               390                 81.39               4.79                20.87               3921416.00          0                   0.31                0                   0                   14743.00            22.956688           120.471927          F 
173                             1                   1e-17               390                 81.39               4.79                20.87               3921416.00          0                   0.085               0                   0                   4107.00             22.954823           120.386937          F 
170                             1                   1e-17               390                 81.39               4.79                20.87               3921416.00          0                   0.72                0                   0                   34601.00            22.955779           120.334282          F 
165                             1                   1e-17               390                 81.39               4.79                20.87               3921416.00          1                   1.41                0.71                0.71                68170.00            22.946795           120.293063          F 
266                             1                   1e-17               390                 81.39               4.79                20.87               3921416.00          0                   0.039               0                   0                   1896.00             22.919933           120.752384          F 
140                             1                   1e-17               390                 81.39               4.79                20.87               3921416.00          16                  1.55                10.33               10.65               74637.00            22.941309           120.241879          F 
231                             1                   1e-17               390                 81.39               4.79                20.87               3921416.00          0                   0.16                0                   0                   7847.00             22.049300           120.843568          F 
264                             1                   1e-17               390                 81.39               4.79                20.87               3921416.00          1                   0.25                3.95                3.96                12201.00            22.996947           120.562197          F 
222                             1                   1e-17               390                 81.39               4.79                20.87               3921416.00          11                  0.64                17.22               17.60               30783.00            21.985316           120.763254          F 
146                             1                   1e-17               390                 81.39               4.79                20.87               3921416.00          32                  2.61                12.26               13.06               125768.00           22.955619           120.190374          F 
259                             2                   1e-17               236                 21.27               11.10               20.79               1024641.00          0                   0.29                0                   0                   14039.00            22.822246           120.228051          T 
260                             2                   1e-17               236                 21.27               11.10               20.79               1024641.00          2                   0.41                4.93                4.94                19555.00            22.779445           120.239457          T 
256                             2                   1e-17               236                 21.27               11.10               20.79               1024641.00          7                   1.10                6.36                6.44                53007.00            22.857242           120.265987          T 
258                             2                   1e-17               236                 21.27               11.10               20.79               1024641.00          41                  0.63                64.96               70.90               30412.00            22.882414           120.198052          T 
281                             2                   1e-17               236                 21.27               11.10               20.79               1024641.00          6                   2.03                2.96                2.99                97643.00            22.805059           120.297891          T 
257                             2                   1e-17               236                 21.27               11.10               20.79               1024641.00          4                   0.62                6.45                6.50                29876.00            22.893250           120.225937          T 
261                             2                   1e-17               236                 21.27               11.10               20.79               1024641.00          19                  0.75                25.25               26.25               36252.00            22.748209           120.259399          T 
252                             2                   1e-17               236                 21.27               11.10               20.79               1024641.00          5                   0.78                6.43                6.49                37448.00            22.752524           120.300653          T 
255                             2                   1e-17               236                 21.27               11.10               20.79               1024641.00          1                   0.60                1.66                1.66                29093.00            22.870229           120.321097          T 
140                             2                   1e-17               236                 21.27               11.10               20.79               1024641.00          16                  1.55                10.33               10.65               74637.00            22.941309           120.241879          T 
272                             2                   1e-17               236                 21.27               11.10               20.79               1024641.00          47                  3.77                12.45               13.69               181845.00           22.721100           120.300758          T 
253                             2                   1e-17               236                 21.27               11.10               20.79               1024641.00          4                   0.62                6.43                6.48                29960.00            22.787696           120.370799          T 
146                             2                   1e-17               236                 21.27               11.10               20.79               1024641.00          32                  2.61                12.26               13.06               125768.00           22.955619           120.190374          T 
165                             2                   1e-17               236                 21.27               11.10               20.79               1024641.00          1                   1.41                0.71                0.71                68170.00            22.946795           120.293063          T 
271                             2                   1e-17               236                 21.27               11.10               20.79               1024641.00          51                  4.09                12.48               13.84               196936.00           22.683957           120.295159          T 
222                             3                   1e-17               21                  0.82                25.60               26.72               39524.00            11                  0.64                17.22               17.60               30783.00            21.985316           120.763254          T 
240                             3                   1e-17               21                  0.82                25.60               26.72               39524.00            10                  0.18                55.12               56.27               8741.00             22.079156           120.743263          T 
251                             4                   0.00000000636       59                  20.70               2.85                3.11                997498.00           5                   0.92                5.44                5.49                44265.00            22.662493           120.372778          T 
249                             4                   0.00000000636       59                  20.70               2.85                3.11                997498.00           7                   0.72                9.74                9.87                34615.00            22.701208           120.360526          T 
280                             4                   0.00000000636       59                  20.70               2.85                3.11                997498.00           17                  7.43                2.29                2.34                357768.00           22.613793           120.355436          T 
273                             4                   0.00000000636       59                  20.70               2.85                3.11                997498.00           14                  7.16                1.96                1.98                344888.00           22.649899           120.317919          T 
276                             4                   0.00000000636       59                  20.70               2.85                3.11                997498.00           7                   3.59                1.95                1.96                172895.00           22.623594           120.320910          T 
248                             4                   0.00000000636       59                  20.70               2.85                3.11                997498.00           9                   0.89                10.07               10.24               43067.00            22.711004           120.425407          T 
235                             5                   0.0000116           47                  17.99               2.61                2.79                866824.00           0                   0.26                0                   0                   12423.00            22.340003           120.371047          T 
226                             5                   0.0000116           47                  17.99               2.61                2.79                866824.00           2                   1.00                2.00                2.01                48097.00            22.462656           120.475133          T 
229                             5                   0.0000116           47                  17.99               2.61                2.79                866824.00           2                   0.38                5.26                5.28                18317.00            22.441421           120.512509          T 
284                             5                   0.0000116           47                  17.99               2.61                2.79                866824.00           9                   1.46                6.18                6.28                70201.00            22.508137           120.399052          T 
216                             5                   0.0000116           47                  17.99               2.61                2.79                866824.00           1                   0.41                2.45                2.45                19689.00            22.429806           120.547612          T 
223                             5                   0.0000116           47                  17.99               2.61                2.79                866824.00           1                   0.74                1.35                1.35                35680.00            22.517190           120.450143          T 
219                             5                   0.0000116           47                  17.99               2.61                2.79                866824.00           0                   0.22                0                   0                   10808.00            22.479807           120.518056          T 
279                             5                   0.0000116           47                  17.99               2.61                2.79                866824.00           3                   3.26                0.92                0.92                157023.00           22.551402           120.359261          T 
221                             5                   0.0000116           47                  17.99               2.61                2.79                866824.00           1                   0.33                3.03                3.03                15916.00            22.515282           120.500660          T 
227                             5                   0.0000116           47                  17.99               2.61                2.79                866824.00           3                   0.52                5.82                5.85                24826.00            22.403342           120.597584          T 
224                             5                   0.0000116           47                  17.99               2.61                2.79                866824.00           0                   0.21                0                   0                   9927.00             22.486763           120.584626          T 
247                             5                   0.0000116           47                  17.99               2.61                2.79                866824.00           3                   2.33                1.29                1.29                112258.00           22.592836           120.411147          T 
277                             5                   0.0000116           47                  17.99               2.61                2.79                866824.00           17                  4.57                3.72                3.82                220160.00           22.585656           120.289154          T 
232                             5                   0.0000116           47                  17.99               2.61                2.79                866824.00           3                   1.14                2.64                2.65                54703.00            22.536429           120.556806          T 
238                             5                   0.0000116           47                  17.99               2.61                2.79                866824.00           1                   1.06                0.94                0.94                51261.00            22.588495           120.476619          T 
228                             5                   0.0000116           47                  17.99               2.61                2.79                866824.00           1                   0.11                8.71                8.72                5535.00             22.270870           120.656767          T 
263                             6                   0.761               6                   1.34                4.47                4.52                64649.00            2                   0.13                15.51               15.57               6214.00             23.116550           120.623289          F 
145                             6                   0.761               6                   1.34                4.47                4.52                64649.00            0                   0.18                0                   0                   8838.00             23.115111           120.544122          F 
262                             6                   0.761               6                   1.34                4.47                4.52                64649.00            1                   0.27                3.65                3.65                13217.00            23.011954           120.658563          F 
164                             6                   0.761               6                   1.34                4.47                4.52                64649.00            0                   0.21                0                   0                   9898.00             23.178859           120.517030          F 
264                             6                   0.761               6                   1.34                4.47                4.52                64649.00            1                   0.25                3.95                3.96                12201.00            22.996947           120.562197          F 
167                             6                   0.761               6                   1.34                4.47                4.52                64649.00            2                   0.30                6.75                6.77                14281.00            23.114809           120.460962          F 
