111                             1                   0.00000000932       21                  4.43                4.74                20.46               3960913.00          0                   0.012               0                   0                   11163.00            22.590981           120.979764          T 
120                             1                   0.00000000932       21                  4.43                4.74                20.46               3960913.00          0                   0.0041              0                   0                   3653.00             22.581617           120.857038          T 
108                             1                   0.00000000932       21                  4.43                4.74                20.46               3960913.00          0                   0.019               0                   0                   17399.00            22.764945           121.001552          T 
109                             1                   0.00000000932       21                  4.43                4.74                20.46               3960913.00          0                   0.12                0                   0                   105960.00           22.751657           121.110365          T 
110                             1                   0.00000000932       21                  4.43                4.74                20.46               3960913.00          0                   0.0068              0                   0                   6117.00             22.383595           120.899170          T 
243                             1                   0.00000000932       21                  4.43                4.74                20.46               3960913.00          0                   0.0036              0                   0                   3246.00             22.759905           120.800810          T 
119                             1                   0.00000000932       21                  4.43                4.74                20.46               3960913.00          0                   0.0039              0                   0                   3518.00             22.384307           120.835524          T 
230                             1                   0.00000000932       21                  4.43                4.74                20.46               3960913.00          0                   0.0059              0                   0                   5271.00             22.604085           120.691793          T 
217                             1                   0.00000000932       21                  4.43                4.74                20.46               3960913.00          0                   0.0083              0                   0                   7465.00             22.501572           120.685723          T 
236                             1                   0.00000000932       21                  4.43                4.74                20.46               3960913.00          0                   0.0088              0                   0                   7840.00             22.671078           120.679924          T 
112                             1                   0.00000000932       21                  4.43                4.74                20.46               3960913.00          0                   0.0040              0                   0                   3551.00             22.903432           120.983190          T 
225                             1                   0.00000000932       21                  4.43                4.74                20.46               3960913.00          0                   0.0054              0                   0                   4867.00             22.403998           120.697580          T 
214                             1                   0.00000000932       21                  4.43                4.74                20.46               3960913.00          0                   0.0085              0                   0                   7644.00             22.797868           120.686522          T 
239                             1                   0.00000000932       21                  4.43                4.74                20.46               3960913.00          0                   0.023               0                   0                   20556.00            22.582335           120.601817          T 
218                             1                   0.00000000932       21                  4.43                4.74                20.46               3960913.00          0                   0.061               0                   0                   54707.00            22.651169           120.588822          T 
224                             1                   0.00000000932       21                  4.43                4.74                20.46               3960913.00          0                   0.011               0                   0                   9936.00             22.486763           120.584626          T 
266                             1                   0.00000000932       21                  4.43                4.74                20.46               3960913.00          0                   0.0022              0                   0                   1924.00             22.919933           120.752384          T 
232                             1                   0.00000000932       21                  4.43                4.74                20.46               3960913.00          0                   0.061               0                   0                   54377.00            22.536429           120.556806          T 
123                             1                   0.00000000932       21                  4.43                4.74                20.46               3960913.00          0                   0.0089              0                   0                   7951.00             22.951257           121.156038          T 
227                             1                   0.00000000932       21                  4.43                4.74                20.46               3960913.00          0                   0.027               0                   0                   24571.00            22.403342           120.597584          T 
234                             1                   0.00000000932       21                  4.43                4.74                20.46               3960913.00          0                   0.0054              0                   0                   4806.00             22.260849           120.735645          T 
242                             1                   0.00000000932       21                  4.43                4.74                20.46               3960913.00          1                   0.034               29.81               30.97               30008.00            22.694550           120.555979          T 
245                             1                   0.00000000932       21                  4.43                4.74                20.46               3960913.00          0                   0.029               0                   0                   25997.00            22.742536           120.569394          T 
244                             1                   0.00000000932       21                  4.43                4.74                20.46               3960913.00          0                   0.028               0                   0                   24622.00            22.809920           120.601768          T 
237                             1                   0.00000000932       21                  4.43                4.74                20.46               3960913.00          0                   0.019               0                   0                   17158.00            22.588556           120.526638          T 
246                             1                   0.00000000932       21                  4.43                4.74                20.46               3960913.00          0                   0.012               0                   0                   11076.00            22.648764           120.529969          T 
216                             1                   0.00000000932       21                  4.43                4.74                20.46               3960913.00          0                   0.022               0                   0                   19380.00            22.429806           120.547612          T 
228                             1                   0.00000000932       21                  4.43                4.74                20.46               3960913.00          0                   0.0061              0                   0                   5478.00             22.270870           120.656767          T 
219                             1                   0.00000000932       21                  4.43                4.74                20.46               3960913.00          0                   0.012               0                   0                   10670.00            22.479807           120.518056          T 
221                             1                   0.00000000932       21                  4.43                4.74                20.46               3960913.00          0                   0.018               0                   0                   15720.00            22.515282           120.500660          T 
229                             1                   0.00000000932       21                  4.43                4.74                20.46               3960913.00          0                   0.020               0                   0                   18080.00            22.441421           120.512509          T 
233                             1                   0.00000000932       21                  4.43                4.74                20.46               3960913.00          0                   0.0055              0                   0                   4926.00             22.155529           120.817361          T 
114                             1                   0.00000000932       21                  4.43                4.74                20.46               3960913.00          0                   0.0095              0                   0                   8517.00             22.980069           121.251792          T 
238                             1                   0.00000000932       21                  4.43                4.74                20.46               3960913.00          0                   0.057               0                   0                   50935.00            22.588495           120.476619          T 
220                             1                   0.00000000932       21                  4.43                4.74                20.46               3960913.00          0                   0.22                0                   0                   200452.00           22.664738           120.479995          T 
117                             1                   0.00000000932       21                  4.43                4.74                20.46               3960913.00          0                   0.0044              0                   0                   3926.00             22.660175           121.490195          T 
215                             1                   0.00000000932       21                  4.43                4.74                20.46               3960913.00          0                   0.025               0                   0                   22110.00            22.731668           120.484504          T 
122                             1                   0.00000000932       21                  4.43                4.74                20.46               3960913.00          0                   0.0098              0                   0                   8742.00             23.037807           121.176620          T 
226                             1                   0.00000000932       21                  4.43                4.74                20.46               3960913.00          0                   0.054               0                   0                   47866.00            22.462656           120.475133          T 
241                             1                   0.00000000932       21                  4.43                4.74                20.46               3960913.00          0                   0.030               0                   0                   26459.00            22.798548           120.506128          T 
283                             1                   0.00000000932       21                  4.43                4.74                20.46               3960913.00          0                   0.045               0                   0                   39973.00            22.900055           120.563463          T 
223                             1                   0.00000000932       21                  4.43                4.74                20.46               3960913.00          0                   0.039               0                   0                   35321.00            22.517190           120.450143          T 
262                             1                   0.00000000932       21                  4.43                4.74                20.46               3960913.00          0                   0.015               0                   0                   13016.00            23.011954           120.658563          T 
116                             1                   0.00000000932       21                  4.43                4.74                20.46               3960913.00          0                   0.0047              0                   0                   4222.00             23.114785           121.017567          T 
247                             1                   0.00000000932       21                  4.43                4.74                20.46               3960913.00          1                   0.13                7.96                8.24                112397.00           22.592836           120.411147          T 
248                             1                   0.00000000932       21                  4.43                4.74                20.46               3960913.00          0                   0.048               0                   0                   42757.00            22.711004           120.425407          T 
282                             1                   0.00000000932       21                  4.43                4.74                20.46               3960913.00          0                   0.041               0                   0                   36940.00            22.864970           120.475455          T 
284                             1                   0.00000000932       21                  4.43                4.74                20.46               3960913.00          0                   0.078               0                   0                   69990.00            22.508137           120.399052          T 
115                             1                   0.00000000932       21                  4.43                4.74                20.46               3960913.00          0                   0.0092              0                   0                   8248.00             23.092487           121.218450          T 
231                             1                   0.00000000932       21                  4.43                4.74                20.46               3960913.00          0                   0.0088              0                   0                   7840.00             22.049300           120.843568          T 
240                             1                   0.00000000932       21                  4.43                4.74                20.46               3960913.00          0                   0.0096              0                   0                   8586.00             22.079156           120.743263          T 
264                             1                   0.00000000932       21                  4.43                4.74                20.46               3960913.00          0                   0.013               0                   0                   12038.00            22.996947           120.562197          T 
251                             1                   0.00000000932       21                  4.43                4.74                20.46               3960913.00          0                   0.050               0                   0                   44291.00            22.662493           120.372778          T 
279                             1                   0.00000000932       21                  4.43                4.74                20.46               3960913.00          0                   0.18                0                   0                   157475.00           22.551402           120.359261          T 
280                             1                   0.00000000932       21                  4.43                4.74                20.46               3960913.00          3                   0.40                7.47                8.32                359120.00           22.613793           120.355436          T 
250                             1                   0.00000000932       21                  4.43                4.74                20.46               3960913.00          0                   0.096               0                   0                   85894.00            22.739835           120.370799          T 
249                             1                   0.00000000932       21                  4.43                4.74                20.46               3960913.00          0                   0.039               0                   0                   34577.00            22.701208           120.360526          T 
265                             1                   0.00000000932       21                  4.43                4.74                20.46               3960913.00          0                   0.016               0                   0                   14540.00            22.956688           120.471927          T 
253                             1                   0.00000000932       21                  4.43                4.74                20.46               3960913.00          0                   0.033               0                   0                   29922.00            22.787696           120.370799          T 
254                             1                   0.00000000932       21                  4.43                4.74                20.46               3960913.00          0                   0.0081              0                   0                   7245.00             22.863943           120.395984          T 
276                             1                   0.00000000932       21                  4.43                4.74                20.46               3960913.00          0                   0.19                0                   0                   171033.00           22.623594           120.320910          T 
273                             1                   0.00000000932       21                  4.43                4.74                20.46               3960913.00          3                   0.38                7.82                8.71                343243.00           22.649899           120.317919          T 
235                             1                   0.00000000932       21                  4.43                4.74                20.46               3960913.00          0                   0.014               0                   0                   12337.00            22.340003           120.371047          T 
263                             1                   0.00000000932       21                  4.43                4.74                20.46               3960913.00          0                   0.0068              0                   0                   6107.00             23.116550           120.623289          T 
274                             1                   0.00000000932       21                  4.43                4.74                20.46               3960913.00          0                   0.057               0                   0                   51153.00            22.629929           120.306734          T 
275                             1                   0.00000000932       21                  4.43                4.74                20.46               3960913.00          0                   0.030               0                   0                   26991.00            22.626991           120.294422          T 
113                             1                   0.00000000932       21                  4.43                4.74                20.46               3960913.00          0                   0.016               0                   0                   14238.00            23.126637           121.353798          T 
277                             1                   0.00000000932       21                  4.43                4.74                20.46               3960913.00          1                   0.24                4.09                4.22                218602.00           22.585656           120.289154          T 
222                             1                   0.00000000932       21                  4.43                4.74                20.46               3960913.00          2                   0.034               58.23               63.00               30726.00            21.985316           120.763254          T 
271                             1                   0.00000000932       21                  4.43                4.74                20.46               3960913.00          1                   0.22                4.54                4.68                197072.00           22.683957           120.295159          T 
272                             1                   0.00000000932       21                  4.43                4.74                20.46               3960913.00          3                   0.21                14.61               16.38               183751.00           22.721100           120.300758          T 
269                             1                   0.00000000932       21                  4.43                4.74                20.46               3960913.00          1                   0.027               36.94               38.38               24219.00            22.624246           120.284233          T 
267                             1                   0.00000000932       21                  4.43                4.74                20.46               3960913.00          0                   0.0047              0                   0                   4246.00             23.224946           120.852338          T 
252                             1                   0.00000000932       21                  4.43                4.74                20.46               3960913.00          1                   0.042               23.81               24.72               37579.00            22.752524           120.300653          T 
270                             1                   0.00000000932       21                  4.43                4.74                20.46               3960913.00          1                   0.16                6.42                6.64                139259.00           22.650195           120.274163          T 
173                             1                   0.00000000932       21                  4.43                4.74                20.46               3960913.00          0                   0.0045              0                   0                   4038.00             22.954823           120.386937          T 
145                             1                   0.00000000932       21                  4.43                4.74                20.46               3960913.00          0                   0.0098              0                   0                   8787.00             23.115111           120.544122          T 
281                             1                   0.00000000932       21                  4.43                4.74                20.46               3960913.00          0                   0.11                0                   0                   97329.00            22.805059           120.297891          T 
255                             1                   0.00000000932       21                  4.43                4.74                20.46               3960913.00          1                   0.032               31.02               32.22               28844.00            22.870229           120.321097          T 
128                             1                   0.00000000932       21                  4.43                4.74                20.46               3960913.00          0                   0.012               0                   0                   10413.00            23.196721           121.298049          T 
156                             1                   0.00000000932       21                  4.43                4.74                20.46               3960913.00          0                   0.0055              0                   0                   4876.00             23.026046           120.412392          T 
261                             1                   0.00000000932       21                  4.43                4.74                20.46               3960913.00          0                   0.040               0                   0                   36116.00            22.748209           120.259399          T 
170                             1                   0.00000000932       21                  4.43                4.74                20.46               3960913.00          0                   0.038               0                   0                   34433.00            22.955779           120.334282          T 
260                             1                   0.00000000932       21                  4.43                4.74                20.46               3960913.00          0                   0.022               0                   0                   19383.00            22.779445           120.239457          T 
167                             1                   0.00000000932       21                  4.43                4.74                20.46               3960913.00          0                   0.016               0                   0                   14151.00            23.114809           120.460962          T 
256                             1                   0.00000000932       21                  4.43                4.74                20.46               3960913.00          0                   0.059               0                   0                   52761.00            22.857242           120.265987          T 
268                             1                   0.00000000932       21                  4.43                4.74                20.46               3960913.00          0                   0.0035              0                   0                   3125.00             23.275008           120.741944          T 
164                             1                   0.00000000932       21                  4.43                4.74                20.46               3960913.00          0                   0.011               0                   0                   9717.00             23.178859           120.517030          T 
165                             1                   0.00000000932       21                  4.43                4.74                20.46               3960913.00          0                   0.076               0                   0                   68424.00            22.946795           120.293063          T 
259                             1                   0.00000000932       21                  4.43                4.74                20.46               3960913.00          1                   0.016               63.99               66.51               13980.00            22.822246           120.228051          T 
158                             1                   0.00000000932       21                  4.43                4.74                20.46               3960913.00          0                   0.049               0                   0                   43630.00            23.033945           120.335796          T 
155                             1                   0.00000000932       21                  4.43                4.74                20.46               3960913.00          1                   0.0082              122.32              127.17              7314.00             23.096893           120.370977          T 
