4.347768            
4.733182            
2.966842            
4.036630            
3.728226            
8.094346            
4.988082            
7.636428            
6.716467            
7.441194            
3.910558            
4.718127            
7.848924            
4.896194            
5.195944            
5.124902            
6.033967            
4.898727            
3.982133            
4.375129            
4.643925            
4.705985            
7.219366            
3.202507            
2.878749            
6.239565            
6.475723            
4.208949            
5.164664            
5.125220            
3.973353            
7.069015            
4.686204            
6.788506            
2.922221            
5.225959            
4.267517            
4.779719            
2.666071            
5.467853            
11.780837           
6.199598            
5.064127            
6.569203            
4.924813            
5.586971            
5.469078            
9.327519            
6.676564            
5.887731            
3.163688            
4.104456            
4.311061            
5.910336            
4.010538            
5.302143            
6.046374            
4.698223            
8.428497            
4.649087            
3.824172            
5.082000            
4.616567            
5.122349            
3.599867            
4.677316            
7.763848            
3.574648            
3.976262            
5.934254            
4.824180            
4.821569            
4.896194            
5.342254            
3.122965            
4.512061            
4.017685            
3.691787            
6.249214            
5.399386            
5.960729            
3.162917            
4.267517            
4.320540            
4.718460            
4.690182            
3.193993            
5.189808            
3.286139            
5.122349            
7.690091            
4.313149            
3.097102            
5.072956            
4.240621            
3.650735            
5.552809            
2.962592            
4.336000            
4.267043            
5.843612            
7.632135            
4.181145            
6.578261            
4.618210            
5.894738            
4.268741            
3.600801            
5.737147            
4.416927            
9.200783            
5.454952            
4.643215            
6.360486            
5.181331            
5.239087            
3.911472            
4.707481            
8.729652            
6.294420            
4.090443            
3.090996            
5.897151            
3.183616            
6.746996            
6.897337            
5.534671            
6.723967            
8.631423            
3.411455            
6.201382            
8.727447            
4.331014            
4.916079            
4.621967            
5.210828            
4.410854            
4.488441            
3.579165            
4.130524            
5.245523            
6.195067            
3.892689            
8.653952            
4.673961            
1.956744            
4.667086            
4.281464            
4.128445            
5.363930            
3.147780            
4.165001            
3.550998            
4.736827            
4.327778            
5.490564            
3.778321            
2.951472            
4.915009            
3.581581            
4.147415            
4.127529            
3.510613            
5.666094            
4.876893            
4.321036            
8.382695            
4.535243            
5.939710            
5.418888            
4.224311            
4.380074            
5.442943            
3.819286            
8.261063            
5.100269            
2.838883            
7.381326            
3.408450            
4.984127            
3.187236            
4.743977            
5.285269            
4.226112            
3.045981            
6.793704            
5.871800            
6.377397            
4.188445            
5.312551            
4.725383            
6.141361            
4.872457            
4.896194            
5.258039            
3.925871            
5.123593            
7.256706            
3.184565            
2.973011            
5.546609            
4.183025            
4.639883            
3.977629            
6.929243            
9.229493            
7.821217            
5.664743            
5.897151            
5.013858            
5.757282            
5.708043            
3.971499            
5.331285            
6.562797            
6.664453            
4.202785            
7.673705            
4.247465            
3.687301            
4.782522            
6.466598            
3.607238            
4.002735            
5.505187            
6.156807            
5.787813            
6.762577            
8.842655            
4.378371            
2.920839            
7.291862            
3.873227            
3.524870            
4.483925            
3.259859            
4.775966            
5.190361            
4.030246            
6.040706            
5.174935            
6.475723            
7.390840            
6.844182            
6.180394            
5.887731            
4.132750            
3.190815            
3.543068            
5.249571            
5.026261            
4.002501            
4.874431            
6.158072            
3.734704            
4.766711            
4.785856            
4.430926            
4.903301            
4.267517            
4.977091            
6.730517            
6.398295            
4.149598            
5.310481            
6.570215            
4.800486            
5.518670            
9.340697            
4.391466            
4.591771            
8.942316            
5.402379            
2.930617            
6.188543            
4.104456            
4.865049            
5.937005            
3.818939            
2.954180            
4.787127            
4.537401            
5.509972            
3.738718            
6.027041            
5.210159            
5.237851            
5.785939            
3.026391            
5.103757            
4.400193            
5.047477            
5.342306            
4.120221            
8.134512            
4.002501            
3.355626            
5.958683            
3.943169            
4.261527            
6.511300            
4.966689            
4.004454            
5.623754            
6.384833            
5.662391            
4.574592            
4.797027            
3.681321            
5.609344            
3.453690            
3.417846            
5.247852            
5.941403            
5.370688            
2.742072            
5.026930            
3.839003            
4.513362            
4.824180            
2.930617            
4.196221            
3.529762            
3.828063            
5.196479            
7.369515            
4.331369            
4.578669            
2.692426            
3.397826            
3.517520            
2.646348            
5.082327            
2.251749            
4.554020            
5.794565            
4.031792            
4.186413            
3.574648            
8.401186            
8.730803            
5.261691            
7.086223            
5.785939            
5.005211            
3.119571            
5.174064            
5.273934            
4.574592            
6.087886            
5.698863            
6.277791            
3.911937            
7.864648            
4.125358            
6.249970            
7.805138            
3.343247            
5.141297            
6.367354            
7.314831            
6.711687            
3.676923            
2.982906            
7.889108            
3.819286            
2.787595            
3.210823            
4.684179            
5.161646            
5.271799            
3.524870            
4.015895            
7.700374            
4.767840            
2.778725            
4.341885            
6.866901            
4.277466            
4.732485            
7.234722            
5.110589            
4.030246            
3.894029            
5.072775            
4.183294            
5.577377            
2.674985            
5.117351            
6.949371            
5.136248            
8.244756            
6.800086            
4.430827            
5.115932            
2.743405            
4.877306            
4.776544            
3.744075            
5.965174            
4.732485            
4.377930            
3.795607            
4.521218            
2.879766            
7.026268            
4.398525            
7.441246            
3.968546            
6.092908            
4.056720            
5.013858            
5.786881            
3.967130            
6.562797            
4.850086            
4.773831            
4.031458            
4.762571            
4.423807            
4.491639            
6.322735            
6.874745            
5.258039            
6.570215            
4.033261            
4.378371            
4.386189            
4.321129            
3.446266            
4.362939            
2.402252            
4.463367            
3.546611            
5.069025            
3.257673            
5.319690            
9.280665            
3.339067            
4.620288            
7.450231            
4.156893            
4.130712            
7.485994            
5.577063            
3.532043            
5.526621            
3.737038            
5.175009            
5.717727            
4.423807            
3.456500            
3.193993            
4.022317            
4.402977            
6.870995            
4.029090            
5.085403            
3.391776            
3.307369            
4.654443            
5.257877            
5.333463            
7.631933            
5.288114            
7.189558            
3.776482            
3.892689            
5.336473            
4.997268            
6.484973            
9.912914            
3.456329            
5.136882            
4.570621            
6.306041            
3.456329            
4.107714            
3.179861            
8.068657            
3.343730            
2.664635            
5.233602            
8.145646            
6.918112            
4.402531            
4.795659            
6.189104            
4.242955            
6.321056            
3.743026            
3.751113            
7.758699            
3.576302            
4.834354            
6.497155            
3.604228            
6.674011            
6.676197            
3.986030            
3.737038            
5.839407            
7.358059            
6.106348            
4.035385            
6.754328            
3.524870            
4.399673            
5.745144            
6.123879            
5.161646            
9.087113            
5.552828            
5.368977            
7.641642            
6.195298            
6.166072            
4.431148            
6.567764            
3.212629            
7.647465            
3.483200            
6.794221            
4.081963            
5.359892            
5.572269            
5.210027            
5.607080            
3.433352            
5.699674            
5.804692            
4.404023            
5.708043            
4.748960            
5.110523            
6.607474            
4.752721            
4.693218            
6.330780            
4.698558            
7.701216            
3.863830            
3.792327            
5.468644            
4.030840            
5.801783            
6.380044            
4.759934            
3.345989            
6.119596            
6.507376            
3.071224            
4.165001            
5.802552            
4.096179            
7.291167            
6.294192            
4.220596            
5.019996            
6.071378            
5.239087            
4.243850            
5.978355            
3.369310            
2.027067            
5.347599            
6.181310            
2.739899            
9.708415            
5.323837            
4.523105            
3.892414            
3.802365            
4.733182            
4.336586            
6.204975            
6.062790            
4.782136            
4.990983            
4.191366            
6.287295            
5.002793            
2.839022            
5.631966            
3.323514            
5.413815            
3.474905            
5.508932            
3.568058            
7.550520            
10.990730           
7.492302            
5.673667            
4.613864            
4.520195            
3.663016            
3.307103            
3.423750            
2.510248            
4.755255            
4.488637            
6.733983            
3.609398            
7.671761            
5.481734            
4.169260            
4.423174            
4.277677            
3.524870            
3.903499            
4.905154            
4.272351            
3.521682            
4.541376            
6.807824            
5.329969            
4.081963            
4.378018            
4.487850            
3.588727            
3.478618            
2.627063            
3.286139            
3.481781            
5.665858            
4.931340            
6.589411            
3.904845            
4.678046            
3.750361            
3.819286            
4.249207            
4.599735            
6.447140            
5.280048            
4.107690            
4.225135            
4.345198            
6.128480            
4.489716            
5.145012            
6.676197            
4.416927            
2.739899            
5.146549            
2.997674            
4.751606            
3.329509            
4.040407            
3.488326            
7.048734            
5.470709            
2.988032            
4.709409            
4.030246            
4.138404            
3.402552            
7.714293            
3.915689            
5.506552            
2.959589            
3.800464            
5.430608            
3.527708            
5.621600            
6.729585            
4.059499            
5.181771            
7.989599            
3.399843            
3.996179            
5.184084            
4.486184            
5.479384            
4.404023            
4.134788            
4.350448            
6.698538            
4.289025            
4.321036            
4.220596            
4.998737            
4.114100            
4.233604            
4.165001            
4.179586            
6.000920            
4.777398            
2.510176            
6.203436            
4.577703            
5.641949            
5.434088            
3.737038            
2.697413            
4.473800            
4.805574            
4.003477            
6.369258            
4.208949            
4.402977            
4.588250            
6.606976            
6.053608            
4.732883            
5.125666            
6.287860            
6.021306            
4.809773            
4.850086            
3.440802            
5.984951            
3.609331            
5.036435            
7.426684            
4.582547            
4.487967            
3.728953            
4.808578            
3.453443            
4.891738            
5.839510            
4.412475            
2.098608            
3.916456            
5.487548            
3.663016            
3.235994            
6.015583            
5.843974            
3.687301            
3.496466            
5.180300            
8.455390            
5.000876            
4.805574            
2.811142            
4.925851            
3.068302            
3.290864            
5.493773            
4.824590            
3.841516            
5.161646            
3.769718            
4.380574            
4.712149            
4.609003            
3.632938            
5.875194            
4.450194            
4.831163            
3.964315            
5.307389            
3.906861            
6.346339            
2.739899            
3.721047            
3.676923            
4.639883            
4.426095            
3.910556            
5.134096            
3.071175            
4.390790            
3.370234            
7.157463            
4.736339            
5.764771            
3.675384            
8.252710            
4.342437            
5.012690            
5.269325            
5.280048            
5.269325            
5.552545            
4.643215            
4.547804            
5.302528            
4.914350            
5.832564            
5.326901            
6.257059            
4.027160            
3.221023            
5.692797            
3.213337            
3.986030            
8.096152            
3.554679            
7.369337            
5.936298            
7.161571            
7.530040            
5.054295            
4.870397            
4.087415            
5.434103            
5.269430            
9.889232            
4.772199            
4.387640            
4.002501            
3.613900            
4.332406            
6.990305            
6.604702            
5.100269            
5.145012            
3.693734            
5.184226            
3.923809            
3.403373            
4.331839            
3.724714            
4.014458            
3.185933            
5.579522            
9.540735            
4.861263            
5.577988            
3.839003            
1.862726            
4.208949            
4.520450            
5.395613            
9.472214            
4.147415            
5.894738            
8.406726            
6.206268            
6.297002            
5.494998            
5.048745            
6.820893            
6.421424            
3.703554            
5.734734            
5.607080            
2.571179            
5.370688            
5.565963            
2.987879            
6.751856            
5.538206            
5.387739            
5.666094            
3.626256            
5.012690            
7.002512            
6.326558            
7.859449            
4.228956            
3.193993            
5.285518            
3.856035            
6.208902            
5.737354            
5.241255            
4.732006            
6.763953            
5.277275            
2.799085            
4.328677            
4.643215            
5.392375            
4.743439            
4.972260            
5.195944            
3.412859            
5.295661            
5.985123            
4.536239            
4.646147            
2.842703            
4.674523            
7.546116            
5.207976            
5.422154            
5.127711            
6.111060            
5.676204            
9.546601            
5.551629            
6.167027            
5.579108            
4.575581            
5.492809            
3.524870            
2.771434            
4.142501            
4.782025            
4.976799            
5.737687            
4.298896            
5.521346            
2.613224            
3.669443            
3.091648            
2.695128            
5.274724            
8.385235            
6.947452            
5.778809            
6.648699            
7.370807            
8.051289            
5.118605            
3.721777            
4.772199            
3.809428            
5.881442            
3.787403            
6.611809            
4.843336            
8.189590            
6.872261            
8.582935            
7.417594            
5.184226            
8.944724            
3.089634            
5.432412            
4.452200            
5.430608            
4.986717            
4.633680            
4.208163            
2.998093            
4.645241            
6.461569            
4.120412            
6.497581            
3.187376            
3.553251            
4.574592            
4.834274            
5.494350            
5.732165            
5.954104            
5.558146            
4.292893            
5.145012            
3.491649            
3.403373            
3.121573            
3.189899            
4.682099            
5.609344            
5.269085            
11.388796           
7.938894            
4.263650            
3.795607            
4.497093            
5.289062            
2.372926            
3.605073            
3.317164            
3.397388            
5.646845            
6.790910            
3.794874            
5.537300            
2.863008            
3.895579            
3.986822            
5.230185            
5.957197            
3.413880            
6.484212            
5.708043            
6.118593            
5.019908            
5.024869            
4.881403            
5.121792            
5.927628            
4.735044            
7.522096            
4.149012            
4.038888            
4.591771            
7.924688            
4.304599            
7.191556            
4.007679            
4.775324            
5.896258            
4.280598            
5.331537            
4.259856            
4.202785            
5.447829            
3.140779            
3.316287            
4.963757            
9.494536            
