150                             1                   0.00000361          40                  19.88               2.01                8.76                10064155.00         0                   0.38                0                   0                   194228.00           23.048697           120.152619          F 
152                             1                   0.00000361          40                  19.88               2.01                8.76                10064155.00         0                   0.13                0                   0                   67119.00            22.990084           120.164995          F 
143                             1                   0.00000361          40                  19.88               2.01                8.76                10064155.00         0                   0.26                0                   0                   131480.00           23.010122           120.206873          F 
139                             1                   0.00000361          40                  19.88               2.01                8.76                10064155.00         0                   0.16                0                   0                   78493.00            22.995945           120.192874          F 
151                             1                   0.00000361          40                  19.88               2.01                8.76                10064155.00         0                   0.060               0                   0                   30413.00            23.099749           120.229624          F 
169                             1                   0.00000361          40                  19.88               2.01                8.76                10064155.00         0                   0.048               0                   0                   24554.00            23.124919           120.200231          F 
137                             1                   0.00000361          40                  19.88               2.01                8.76                10064155.00         0                   0.044               0                   0                   22299.00            23.123266           120.100585          F 
166                             1                   0.00000361          40                  19.88               2.01                8.76                10064155.00         0                   0.47                0                   0                   235699.00           23.027295           120.254279          F 
161                             1                   0.00000361          40                  19.88               2.01                8.76                10064155.00         0                   0.37                0                   0                   186009.00           22.981782           120.228186          F 
146                             1                   0.00000361          40                  19.88               2.01                8.76                10064155.00         0                   0.25                0                   0                   124696.00           22.955619           120.190374          F 
141                             1                   0.00000361          40                  19.88               2.01                8.76                10064155.00         0                   0.12                0                   0                   59089.00            23.166994           120.178593          F 
159                             1                   0.00000361          40                  19.88               2.01                8.76                10064155.00         0                   0.074               0                   0                   37269.00            23.083195           120.292394          F 
140                             1                   0.00000361          40                  19.88               2.01                8.76                10064155.00         0                   0.15                0                   0                   76094.00            22.941309           120.241879          F 
172                             1                   0.00000361          40                  19.88               2.01                8.76                10064155.00         0                   0.087               0                   0                   43993.00            23.182480           120.241308          F 
154                             1                   0.00000361          40                  19.88               2.01                8.76                10064155.00         0                   0.038               0                   0                   19353.00            23.208344           120.127696          F 
147                             1                   0.00000361          40                  19.88               2.01                8.76                10064155.00         0                   0.099               0                   0                   50018.00            23.140311           120.298827          F 
165                             1                   0.00000361          40                  19.88               2.01                8.76                10064155.00         0                   0.13                0                   0                   68135.00            22.946795           120.293063          F 
158                             1                   0.00000361          40                  19.88               2.01                8.76                10064155.00         0                   0.085               0                   0                   43254.00            23.033945           120.335796          F 
257                             1                   0.00000361          40                  19.88               2.01                8.76                10064155.00         0                   0.059               0                   0                   29684.00            22.893250           120.225937          F 
258                             1                   0.00000361          40                  19.88               2.01                8.76                10064155.00         0                   0.059               0                   0                   30006.00            22.882414           120.198052          F 
170                             1                   0.00000361          40                  19.88               2.01                8.76                10064155.00         0                   0.068               0                   0                   34202.00            22.955779           120.334282          F 
149                             1                   0.00000361          40                  19.88               2.01                8.76                10064155.00         0                   0.050               0                   0                   25501.00            23.252198           120.184187          F 
155                             1                   0.00000361          40                  19.88               2.01                8.76                10064155.00         0                   0.014               0                   0                   7199.00             23.096893           120.370977          F 
138                             1                   0.00000361          40                  19.88               2.01                8.76                10064155.00         0                   0.047               0                   0                   23686.00            23.231040           120.264840          F 
256                             1                   0.00000361          40                  19.88               2.01                8.76                10064155.00         0                   0.10                0                   0                   52185.00            22.857242           120.265987          F 
153                             1                   0.00000361          40                  19.88               2.01                8.76                10064155.00         0                   0.042               0                   0                   21371.00            23.190985           120.347992          F 
144                             1                   0.00000361          40                  19.88               2.01                8.76                10064155.00         0                   0.021               0                   0                   10830.00            23.277771           120.126236          F 
173                             1                   0.00000361          40                  19.88               2.01                8.76                10064155.00         0                   0.0077              0                   0                   3900.00             22.954823           120.386937          F 
255                             1                   0.00000361          40                  19.88               2.01                8.76                10064155.00         0                   0.056               0                   0                   28489.00            22.870229           120.321097          F 
259                             1                   0.00000361          40                  19.88               2.01                8.76                10064155.00         0                   0.027               0                   0                   13786.00            22.822246           120.228051          F 
156                             1                   0.00000361          40                  19.88               2.01                8.76                10064155.00         0                   0.0092              0                   0                   4676.00             23.026046           120.412392          F 
148                             1                   0.00000361          40                  19.88               2.01                8.76                10064155.00         0                   0.019               0                   0                   9391.00             23.144822           120.398815          F 
171                             1                   0.00000361          40                  19.88               2.01                8.76                10064155.00         0                   0.050               0                   0                   25223.00            23.297986           120.248298          F 
142                             1                   0.00000361          40                  19.88               2.01                8.76                10064155.00         0                   0.043               0                   0                   21886.00            23.227267           120.380026          F 
281                             1                   0.00000361          40                  19.88               2.01                8.76                10064155.00         1                   0.19                5.21                5.31                97127.00            22.805059           120.297891          F 
260                             1                   0.00000361          40                  19.88               2.01                8.76                10064155.00         0                   0.038               0                   0                   19049.00            22.779445           120.239457          F 
160                             1                   0.00000361          40                  19.88               2.01                8.76                10064155.00         0                   0.15                0                   0                   76969.00            23.301525           120.295407          F 
163                             1                   0.00000361          40                  19.88               2.01                8.76                10064155.00         0                   0.042               0                   0                   21068.00            23.268870           120.354920          F 
254                             1                   0.00000361          40                  19.88               2.01                8.76                10064155.00         0                   0.014               0                   0                   7043.00             22.863943           120.395984          F 
167                             1                   0.00000361          40                  19.88               2.01                8.76                10064155.00         0                   0.027               0                   0                   13769.00            23.114809           120.460962          F 
191                             1                   0.00000361          40                  19.88               2.01                8.76                10064155.00         0                   0.070               0                   0                   35207.00            23.345759           120.223943          F 
265                             1                   0.00000361          40                  19.88               2.01                8.76                10064155.00         0                   0.028               0                   0                   14195.00            22.956688           120.471927          F 
261                             1                   0.00000361          40                  19.88               2.01                8.76                10064155.00         0                   0.071               0                   0                   35750.00            22.748209           120.259399          F 
252                             1                   0.00000361          40                  19.88               2.01                8.76                10064155.00         1                   0.076               13.24               13.51               38254.00            22.752524           120.300653          F 
181                             1                   0.00000361          40                  19.88               2.01                8.76                10064155.00         0                   0.088               0                   0                   44325.00            23.374943           120.177750          F 
253                             1                   0.00000361          40                  19.88               2.01                8.76                10064155.00         0                   0.059               0                   0                   29686.00            22.787696           120.370799          F 
282                             1                   0.00000361          40                  19.88               2.01                8.76                10064155.00         0                   0.072               0                   0                   36313.00            22.864970           120.475455          F 
162                             1                   0.00000361          40                  19.88               2.01                8.76                10064155.00         0                   0.040               0                   0                   20449.00            23.278319           120.444121          F 
272                             1                   0.00000361          40                  19.88               2.01                8.76                10064155.00         4                   0.37                10.77               11.70               187999.00           22.721100           120.300758          F 
164                             1                   0.00000361          40                  19.88               2.01                8.76                10064155.00         0                   0.018               0                   0                   9319.00             23.178859           120.517030          F 
157                             1                   0.00000361          40                  19.88               2.01                8.76                10064155.00         0                   0.045               0                   0                   23001.00            23.362015           120.348508          F 
145                             1                   0.00000361          40                  19.88               2.01                8.76                10064155.00         0                   0.017               0                   0                   8583.00             23.115111           120.544122          F 
250                             1                   0.00000361          40                  19.88               2.01                8.76                10064155.00         0                   0.18                0                   0                   89595.00            22.739835           120.370799          F 
264                             1                   0.00000361          40                  19.88               2.01                8.76                10064155.00         0                   0.023               0                   0                   11681.00            22.996947           120.562197          F 
193                             1                   0.00000361          40                  19.88               2.01                8.76                10064155.00         0                   0.048               0                   0                   24194.00            23.408117           120.304547          F 
271                             1                   0.00000361          40                  19.88               2.01                8.76                10064155.00         0                   0.39                0                   0                   197728.00           22.683957           120.295159          F 
249                             1                   0.00000361          40                  19.88               2.01                8.76                10064155.00         0                   0.068               0                   0                   34410.00            22.701208           120.360526          F 
283                             1                   0.00000361          40                  19.88               2.01                8.76                10064155.00         0                   0.077               0                   0                   39074.00            22.900055           120.563463          F 
183                             1                   0.00000361          40                  19.88               2.01                8.76                10064155.00         0                   0.0091              0                   0                   4596.00             23.446106           120.253898          F 
241                             1                   0.00000361          40                  19.88               2.01                8.76                10064155.00         0                   0.051               0                   0                   25853.00            22.798548           120.506128          F 
168                             1                   0.00000361          40                  19.88               2.01                8.76                10064155.00         0                   0.055               0                   0                   27688.00            23.351321           120.457856          F 
270                             1                   0.00000361          40                  19.88               2.01                8.76                10064155.00         1                   0.28                3.59                3.65                141055.00           22.650195           120.274163          F 
184                             1                   0.00000361          40                  19.88               2.01                8.76                10064155.00         0                   0.083               0                   0                   41855.00            23.468661           120.173868          F 
248                             1                   0.00000361          40                  19.88               2.01                8.76                10064155.00         1                   0.083               12.01               12.26               42142.00            22.711004           120.425407          F 
273                             1                   0.00000361          40                  19.88               2.01                8.76                10064155.00         0                   0.67                0                   0                   339269.00           22.649899           120.317919          F 
251                             1                   0.00000361          40                  19.88               2.01                8.76                10064155.00         1                   0.089               11.26               11.49               44960.00            22.662493           120.372778          F 
263                             1                   0.00000361          40                  19.88               2.01                8.76                10064155.00         0                   0.012               0                   0                   5943.00             23.116550           120.623289          F 
215                             1                   0.00000361          40                  19.88               2.01                8.76                10064155.00         0                   0.043               0                   0                   21989.00            22.731668           120.484504          F 
269                             1                   0.00000361          40                  19.88               2.01                8.76                10064155.00         0                   0.047               0                   0                   23889.00            22.624246           120.284233          F 
275                             1                   0.00000361          40                  19.88               2.01                8.76                10064155.00         0                   0.053               0                   0                   26879.00            22.626991           120.294422          F 
274                             1                   0.00000361          40                  19.88               2.01                8.76                10064155.00         0                   0.10                0                   0                   51014.00            22.629929           120.306734          F 
187                             1                   0.00000361          40                  19.88               2.01                8.76                10064155.00         0                   0.011               0                   0                   5544.00             23.429113           120.414736          F 
276                             1                   0.00000361          40                  19.88               2.01                8.76                10064155.00         2                   0.33                6.00                6.23                168825.00           22.623594           120.320910          F 
180                             1                   0.00000361          40                  19.88               2.01                8.76                10064155.00         0                   0.061               0                   0                   30684.00            23.472919           120.344001          F 
262                             1                   0.00000361          40                  19.88               2.01                8.76                10064155.00         0                   0.025               0                   0                   12633.00            23.011954           120.658563          F 
178                             1                   0.00000361          40                  19.88               2.01                8.76                10064155.00         0                   0.028               0                   0                   14283.00            23.288484           120.589647          F 
280                             1                   0.00000361          40                  19.88               2.01                8.76                10064155.00         4                   0.71                5.63                6.07                359882.00           22.613793           120.355436          F 
177                             1                   0.00000361          40                  19.88               2.01                8.76                10064155.00         0                   0.14                0                   0                   71362.00            23.510210           120.271473          F 
244                             1                   0.00000361          40                  19.88               2.01                8.76                10064155.00         0                   0.047               0                   0                   24006.00            22.809920           120.601768          F 
277                             1                   0.00000361          40                  19.88               2.01                8.76                10064155.00         1                   0.43                2.35                2.38                215653.00           22.585656           120.289154          F 
220                             1                   0.00000361          40                  19.88               2.01                8.76                10064155.00         0                   0.39                0                   0                   198990.00           22.664738           120.479995          F 
245                             1                   0.00000361          40                  19.88               2.01                8.76                10064155.00         0                   0.050               0                   0                   25332.00            22.742536           120.569394          F 
175                             1                   0.00000361          40                  19.88               2.01                8.76                10064155.00         0                   0.29                0                   0                   146865.00           23.479155           120.424872          F 
176                             1                   0.00000361          40                  19.88               2.01                8.76                10064155.00         0                   0.037               0                   0                   18963.00            23.404090           120.536531          F 
197                             1                   0.00000361          40                  19.88               2.01                8.76                10064155.00         0                   0.053               0                   0                   26830.00            23.553654           120.141371          F 
242                             1                   0.00000361          40                  19.88               2.01                8.76                10064155.00         0                   0.058               0                   0                   29536.00            22.694550           120.555979          F 
247                             1                   0.00000361          40                  19.88               2.01                8.76                10064155.00         0                   0.22                0                   0                   112259.00           22.592836           120.411147          F 
208                             1                   0.00000361          40                  19.88               2.01                8.76                10064155.00         0                   0.049               0                   0                   24744.00            23.561628           120.235273          F 
174                             1                   0.00000361          40                  19.88               2.01                8.76                10064155.00         0                   0.24                0                   0                   120825.00           23.481703           120.470624          F 
182                             1                   0.00000361          40                  19.88               2.01                8.76                10064155.00         0                   0.052               0                   0                   26381.00            23.545813           120.348287          F 
246                             1                   0.00000361          40                  19.88               2.01                8.76                10064155.00         0                   0.022               0                   0                   10906.00            22.648764           120.529969          F 
279                             1                   0.00000361          40                  19.88               2.01                8.76                10064155.00         0                   0.31                0                   0                   157793.00           22.551402           120.359261          F 
238                             1                   0.00000361          40                  19.88               2.01                8.76                10064155.00         0                   0.100               0                   0                   50427.00            22.588495           120.476619          F 
214                             1                   0.00000361          40                  19.88               2.01                8.76                10064155.00         0                   0.015               0                   0                   7673.00             22.797868           120.686522          F 
196                             1                   0.00000361          40                  19.88               2.01                8.76                10064155.00         0                   0.078               0                   0                   39397.00            23.592195           120.294016          F 
186                             1                   0.00000361          40                  19.88               2.01                8.76                10064155.00         2                   0.076               26.44               27.59               38301.00            23.542553           120.444280          F 
189                             1                   0.00000361          40                  19.88               2.01                8.76                10064155.00         0                   0.062               0                   0                   31420.00            23.427657           120.607534          F 
218                             1                   0.00000361          40                  19.88               2.01                8.76                10064155.00         0                   0.11                0                   0                   53583.00            22.651169           120.588822          F 
266                             1                   0.00000361          40                  19.88               2.01                8.76                10064155.00         0                   0.0038              0                   0                   1937.00             22.919933           120.752384          F 
237                             1                   0.00000361          40                  19.88               2.01                8.76                10064155.00         0                   0.033               0                   0                   16863.00            22.588556           120.526638          F 
284                             1                   0.00000361          40                  19.88               2.01                8.76                10064155.00         2                   0.14                14.55               15.16               69604.00            22.508137           120.399052          F 
268                             1                   0.00000361          40                  19.88               2.01                8.76                10064155.00         0                   0.0062              0                   0                   3146.00             23.275008           120.741944          F 
188                             1                   0.00000361          40                  19.88               2.01                8.76                10064155.00         0                   0.097               0                   0                   49195.00            23.593531           120.401028          F 
200                             1                   0.00000361          40                  19.88               2.01                8.76                10064155.00         0                   0.045               0                   0                   22749.00            23.642069           120.206470          F 
223                             1                   0.00000361          40                  19.88               2.01                8.76                10064155.00         1                   0.068               14.69               14.99               34468.00            22.517190           120.450143          F 
190                             1                   0.00000361          40                  19.88               2.01                8.76                10064155.00         0                   0.030               0                   0                   15118.00            23.503765           120.596577          F 
195                             1                   0.00000361          40                  19.88               2.01                8.76                10064155.00         0                   0.050               0                   0                   25118.00            23.642431           120.327962          F 
236                             1                   0.00000361          40                  19.88               2.01                8.76                10064155.00         0                   0.015               0                   0                   7686.00             22.671078           120.679924          F 
221                             1                   0.00000361          40                  19.88               2.01                8.76                10064155.00         0                   0.030               0                   0                   15419.00            22.515282           120.500660          F 
239                             1                   0.00000361          40                  19.88               2.01                8.76                10064155.00         0                   0.040               0                   0                   20473.00            22.582335           120.601817          F 
179                             1                   0.00000361          40                  19.88               2.01                8.76                10064155.00         0                   0.045               0                   0                   22540.00            23.598908           120.480786          F 
232                             1                   0.00000361          40                  19.88               2.01                8.76                10064155.00         0                   0.11                0                   0                   53831.00            22.536429           120.556806          F 
202                             1                   0.00000361          40                  19.88               2.01                8.76                10064155.00         0                   0.037               0                   0                   18801.00            23.645597           120.425559          F 
206                             1                   0.00000361          40                  19.88               2.01                8.76                10064155.00         0                   0.028               0                   0                   14416.00            23.696123           120.256417          F 
226                             1                   0.00000361          40                  19.88               2.01                8.76                10064155.00         0                   0.093               0                   0                   47161.00            22.462656           120.475133          F 
219                             1                   0.00000361          40                  19.88               2.01                8.76                10064155.00         0                   0.021               0                   0                   10513.00            22.479807           120.518056          F 
243                             1                   0.00000361          40                  19.88               2.01                8.76                10064155.00         0                   0.0064              0                   0                   3259.00             22.759905           120.800810          F 
230                             1                   0.00000361          40                  19.88               2.01                8.76                10064155.00         0                   0.011               0                   0                   5408.00             22.604085           120.691793          F 
267                             1                   0.00000361          40                  19.88               2.01                8.76                10064155.00         0                   0.0084              0                   0                   4261.00             23.224946           120.852338          F 
199                             1                   0.00000361          40                  19.88               2.01                8.76                10064155.00         0                   0.046               0                   0                   23312.00            23.716008           120.205495          F 
201                             1                   0.00000361          40                  19.88               2.01                8.76                10064155.00         1                   0.056               17.74               18.11               28544.00            23.691107           120.364725          F 
185                             1                   0.00000361          40                  19.88               2.01                8.76                10064155.00         0                   0.022               0                   0                   11262.00            23.555355           120.638746          F 
192                             1                   0.00000361          40                  19.88               2.01                8.76                10064155.00         0                   0.035               0                   0                   17883.00            23.440776           120.759617          F 
211                             1                   0.00000361          40                  19.88               2.01                8.76                10064155.00         0                   0.025               0                   0                   12682.00            23.716132           120.311612          F 
224                             1                   0.00000361          40                  19.88               2.01                8.76                10064155.00         0                   0.019               0                   0                   9737.00             22.486763           120.584626          F 
205                             1                   0.00000361          40                  19.88               2.01                8.76                10064155.00         0                   0.087               0                   0                   44296.00            23.670664           120.482636          F 
229                             1                   0.00000361          40                  19.88               2.01                8.76                10064155.00         0                   0.035               0                   0                   17583.00            22.441421           120.512509          F 
198                             1                   0.00000361          40                  19.88               2.01                8.76                10064155.00         0                   0.062               0                   0                   31202.00            23.625455           120.611735          F 
210                             1                   0.00000361          40                  19.88               2.01                8.76                10064155.00         0                   0.14                0                   0                   70994.00            23.716615           120.429306          F 
216                             1                   0.00000361          40                  19.88               2.01                8.76                10064155.00         0                   0.037               0                   0                   18846.00            22.429806           120.547612          F 
217                             1                   0.00000361          40                  19.88               2.01                8.76                10064155.00         0                   0.015               0                   0                   7427.00             22.501572           120.685723          F 
235                             1                   0.00000361          40                  19.88               2.01                8.76                10064155.00         0                   0.024               0                   0                   12232.00            22.340003           120.371047          F 
213                             1                   0.00000361          40                  19.88               2.01                8.76                10064155.00         0                   0.093               0                   0                   47196.00            23.788171           120.243533          F 
203                             1                   0.00000361          40                  19.88               2.01                8.76                10064155.00         0                   0.047               0                   0                   24025.00            23.778498           120.333977          F 
204                             1                   0.00000361          40                  19.88               2.01                8.76                10064155.00         0                   0.21                0                   0                   108606.00           23.706519           120.560004          F 
227                             1                   0.00000361          40                  19.88               2.01                8.76                10064155.00         0                   0.047               0                   0                   24023.00            22.403342           120.597584          F 
194                             1                   0.00000361          40                  19.88               2.01                8.76                10064155.00         0                   0.052               0                   0                   26371.00            23.792552           120.396460          F 
112                             1                   0.00000361          40                  19.88               2.01                8.76                10064155.00         0                   0.0070              0                   0                   3540.00             22.903432           120.983190          F 
212                             1                   0.00000361          40                  19.88               2.01                8.76                10064155.00         0                   0.090               0                   0                   45723.00            23.779421           120.458079          F 
116                             1                   0.00000361          40                  19.88               2.01                8.76                10064155.00         0                   0.0081              0                   0                   4120.00             23.114785           121.017567          F 
209                             1                   0.00000361          40                  19.88               2.01                8.76                10064155.00         0                   0.056               0                   0                   28524.00            23.769739           120.529042          F 
120                             1                   0.00000361          40                  19.88               2.01                8.76                10064155.00         0                   0.0073              0                   0                   3703.00             22.581617           120.857038          F 
336                             1                   0.00000361          40                  19.88               2.01                8.76                10064155.00         0                   0.032               0                   0                   16359.00            23.850693           120.311328          F 
225                             1                   0.00000361          40                  19.88               2.01                8.76                10064155.00         1                   0.0098              102.41              104.66              4944.00             22.403998           120.697580          F 
207                             1                   0.00000361          40                  19.88               2.01                8.76                10064155.00         0                   0.035               0                   0                   17776.00            23.755721           120.615502          F 
293                             1                   0.00000361          40                  19.88               2.01                8.76                10064155.00         0                   0.095               0                   0                   48037.00            23.698055           120.710080          F 
108                             1                   0.00000361          40                  19.88               2.01                8.76                10064155.00         0                   0.034               0                   0                   17132.00            22.764945           121.001552          F 
347                             1                   0.00000361          40                  19.88               2.01                8.76                10064155.00         0                   0.029               0                   0                   14926.00            23.850587           120.413664          F 
340                             1                   0.00000361          40                  19.88               2.01                8.76                10064155.00         0                   0.058               0                   0                   29411.00            23.827252           120.522490          F 
328                             1                   0.00000361          40                  19.88               2.01                8.76                10064155.00         0                   0.029               0                   0                   14843.00            23.809240           120.628589          F 
335                             1                   0.00000361          40                  19.88               2.01                8.76                10064155.00         0                   0.060               0                   0                   30394.00            23.882341           120.467564          F 
111                             1                   0.00000361          40                  19.88               2.01                8.76                10064155.00         0                   0.022               0                   0                   10984.00            22.590981           120.979764          F 
330                             1                   0.00000361          40                  19.88               2.01                8.76                10064155.00         0                   0.066               0                   0                   33348.00            23.867574           120.533157          F 
327                             1                   0.00000361          40                  19.88               2.01                8.76                10064155.00         0                   0.099               0                   0                   50075.00            23.916214           120.404225          F 
297                             1                   0.00000361          40                  19.88               2.01                8.76                10064155.00         0                   0.032               0                   0                   15971.00            23.737760           120.781507          F 
342                             1                   0.00000361          40                  19.88               2.01                8.76                10064155.00         0                   0.081               0                   0                   41244.00            23.857239           120.590347          F 
228                             1                   0.00000361          40                  19.88               2.01                8.76                10064155.00         0                   0.011               0                   0                   5349.00             22.270870           120.656767          F 
119                             1                   0.00000361          40                  19.88               2.01                8.76                10064155.00         0                   0.0069              0                   0                   3499.00             22.384307           120.835524          F 
343                             1                   0.00000361          40                  19.88               2.01                8.76                10064155.00         0                   0.053               0                   0                   26993.00            23.900561           120.522324          F 
351                             1                   0.00000361          40                  19.88               2.01                8.76                10064155.00         0                   0.065               0                   0                   33084.00            23.953791           120.353923          F 
123                             1                   0.00000361          40                  19.88               2.01                8.76                10064155.00         0                   0.015               0                   0                   7744.00             22.951257           121.156038          F 
109                             1                   0.00000361          40                  19.88               2.01                8.76                10064155.00         0                   0.21                0                   0                   105202.00           22.751657           121.110365          F 
289                             1                   0.00000361          40                  19.88               2.01                8.76                10064155.00         0                   0.067               0                   0                   34167.00            23.851077           120.677440          F 
122                             1                   0.00000361          40                  19.88               2.01                8.76                10064155.00         0                   0.017               0                   0                   8575.00             23.037807           121.176620          F 
339                             1                   0.00000361          40                  19.88               2.01                8.76                10064155.00         0                   0.072               0                   0                   36651.00            23.921395           120.541603          F 
344                             1                   0.00000361          40                  19.88               2.01                8.76                10064155.00         0                   0.084               0                   0                   42573.00            23.905364           120.602166          F 
341                             1                   0.00000361          40                  19.88               2.01                8.76                10064155.00         0                   0.11                0                   0                   55185.00            23.951715           120.483174          F 
234                             1                   0.00000361          40                  19.88               2.01                8.76                10064155.00         0                   0.0097              0                   0                   4912.00             22.260849           120.735645          F 
110                             1                   0.00000361          40                  19.88               2.01                8.76                10064155.00         0                   0.012               0                   0                   5851.00             22.383595           120.899170          F 
333                             1                   0.00000361          40                  19.88               2.01                8.76                10064155.00         0                   0.069               0                   0                   34734.00            23.952775           120.534280          F 
295                             1                   0.00000361          40                  19.88               2.01                8.76                10064155.00         1                   0.019               52.63               53.78               9620.00             23.837017           120.785419          F 
115                             1                   0.00000361          40                  19.88               2.01                8.76                10064155.00         0                   0.016               0                   0                   8141.00             23.092487           121.218450          F 
334                             1                   0.00000361          40                  19.88               2.01                8.76                10064155.00         0                   0.064               0                   0                   32183.00            23.992044           120.459463          F 
292                             1                   0.00000361          40                  19.88               2.01                8.76                10064155.00         0                   0.031               0                   0                   15557.00            23.796129           120.862272          F 
332                             1                   0.00000361          40                  19.88               2.01                8.76                10064155.00         0                   0.25                0                   0                   125008.00           23.956504           120.593073          F 
288                             1                   0.00000361          40                  19.88               2.01                8.76                10064155.00         1                   0.17                5.80                5.91                87303.00            23.921735           120.678766          F 
287                             1                   0.00000361          40                  19.88               2.01                8.76                10064155.00         0                   0.027               0                   0                   13609.00            23.655465           121.021287          F 
125                             1                   0.00000361          40                  19.88               2.01                8.76                10064155.00         0                   0.012               0                   0                   6035.00             23.390629           121.180422          F 
114                             1                   0.00000361          40                  19.88               2.01                8.76                10064155.00         0                   0.016               0                   0                   8349.00             22.980069           121.251792          F 
345                             1                   0.00000361          40                  19.88               2.01                8.76                10064155.00         0                   0.092               0                   0                   46748.00            24.030217           120.431051          F 
337                             1                   0.00000361          40                  19.88               2.01                8.76                10064155.00         0                   0.073               0                   0                   37124.00            23.992092           120.558687          F 
346                             1                   0.00000361          40                  19.88               2.01                8.76                10064155.00         0                   0.077               0                   0                   39068.00            24.032494           120.504118          F 
285                             1                   0.00000361          40                  19.88               2.01                8.76                10064155.00         0                   0.026               0                   0                   13231.00            23.905892           120.785916          F 
350                             1                   0.00000361          40                  19.88               2.01                8.76                10064155.00         0                   0.090               0                   0                   45566.00            24.030069           120.559765          F 
349                             1                   0.00000361          40                  19.88               2.01                8.76                10064155.00         0                   0.046               0                   0                   23383.00            24.006288           120.629441          F 
128                             1                   0.00000361          40                  19.88               2.01                8.76                10064155.00         0                   0.020               0                   0                   10161.00            23.196721           121.298049          F 
352                             1                   0.00000361          40                  19.88               2.01                8.76                10064155.00         0                   0.17                0                   0                   86931.00            24.082867           120.438549          F 
294                             1                   0.00000361          40                  19.88               2.01                8.76                10064155.00         0                   0.17                0                   0                   86432.00            23.983211           120.732618          F 
233                             1                   0.00000361          40                  19.88               2.01                8.76                10064155.00         0                   0.0096              0                   0                   4867.00             22.155529           120.817361          F 
296                             1                   0.00000361          40                  19.88               2.01                8.76                10064155.00         0                   0.028               0                   0                   14153.00            23.876012           120.925674          F 
338                             1                   0.00000361          40                  19.88               2.01                8.76                10064155.00         0                   0.46                0                   0                   232259.00           24.075329           120.569421          F 
113                             1                   0.00000361          40                  19.88               2.01                8.76                10064155.00         0                   0.027               0                   0                   13748.00            23.126637           121.353798          F 
240                             1                   0.00000361          40                  19.88               2.01                8.76                10064155.00         2                   0.017               120.50              125.94              8403.00             22.079156           120.743263          F 
331                             1                   0.00000361          40                  19.88               2.01                8.76                10064155.00         0                   0.18                0                   0                   90530.00            24.113795           120.511204          F 
348                             1                   0.00000361          40                  19.88               2.01                8.76                10064155.00         0                   0.033               0                   0                   16733.00            24.131581           120.452157          F 
325                             1                   0.00000361          40                  19.88               2.01                8.76                10064155.00         0                   0.13                0                   0                   65419.00            24.043328           120.720199          F 
319                             1                   0.00000361          40                  19.88               2.01                8.76                10064155.00         4                   0.15                26.78               29.24               75610.00            24.083927           120.629330          F 
130                             1                   0.00000361          40                  19.88               2.01                8.76                10064155.00         0                   0.047               0                   0                   23648.00            23.371436           121.360448          F 
308                             1                   0.00000361          40                  19.88               2.01                8.76                10064155.00         1                   0.11                8.87                9.04                57085.00            24.144675           120.554324          F 
329                             1                   0.00000361          40                  19.88               2.01                8.76                10064155.00         0                   0.074               0                   0                   37449.00            24.163671           120.486449          F 
309                             1                   0.00000361          40                  19.88               2.01                8.76                10064155.00         0                   0.42                0                   0                   212711.00           24.095757           120.692626          F 
301                             1                   0.00000361          40                  19.88               2.01                8.76                10064155.00         1                   0.25                4.00                4.07                126571.00           24.121141           120.664618          F 
302                             1                   0.00000361          40                  19.88               2.01                8.76                10064155.00         1                   0.34                2.92                2.96                173532.00           24.141655           120.617738          F 
290                             1                   0.00000361          40                  19.88               2.01                8.76                10064155.00         0                   0.033               0                   0                   16605.00            24.031354           120.867605          F 
231                             1                   0.00000361          40                  19.88               2.01                8.76                10064155.00         0                   0.015               0                   0                   7686.00             22.049300           120.843568          F 
291                             1                   0.00000361          40                  19.88               2.01                8.76                10064155.00         0                   0.14                0                   0                   70665.00            23.978926           120.962526          F 
322                             1                   0.00000361          40                  19.88               2.01                8.76                10064155.00         0                   0.23                0                   0                   115273.00           24.143911           120.664758          F 
298                             1                   0.00000361          40                  19.88               2.01                8.76                10064155.00         0                   0.036               0                   0                   18390.00            24.141686           120.680598          F 
314                             1                   0.00000361          40                  19.88               2.01                8.76                10064155.00         0                   0.15                0                   0                   75943.00            24.137332           120.697086          F 
326                             1                   0.00000361          40                  19.88               2.01                8.76                10064155.00         2                   0.15                12.98               13.52               78027.00            24.200629           120.528373          F 
222                             1                   0.00000361          40                  19.88               2.01                8.76                10064155.00         2                   0.061               33.02               34.48               30662.00            21.985316           120.763254          F 
121                             1                   0.00000361          40                  19.88               2.01                8.76                10064155.00         0                   0.014               0                   0                   7021.00             23.334769           121.426173          F 
311                             1                   0.00000361          40                  19.88               2.01                8.76                10064155.00         2                   0.38                5.23                5.42                193729.00           24.114774           120.773422          F 
235                             2                   0.00000616          24                  6.49                3.70                6.65                3283381.00          0                   0.024               0                   0                   12232.00            22.340003           120.371047          T 
226                             2                   0.00000616          24                  6.49                3.70                6.65                3283381.00          0                   0.093               0                   0                   47161.00            22.462656           120.475133          T 
229                             2                   0.00000616          24                  6.49                3.70                6.65                3283381.00          0                   0.035               0                   0                   17583.00            22.441421           120.512509          T 
284                             2                   0.00000616          24                  6.49                3.70                6.65                3283381.00          2                   0.14                14.55               15.16               69604.00            22.508137           120.399052          T 
216                             2                   0.00000616          24                  6.49                3.70                6.65                3283381.00          0                   0.037               0                   0                   18846.00            22.429806           120.547612          T 
223                             2                   0.00000616          24                  6.49                3.70                6.65                3283381.00          1                   0.068               14.69               14.99               34468.00            22.517190           120.450143          T 
219                             2                   0.00000616          24                  6.49                3.70                6.65                3283381.00          0                   0.021               0                   0                   10513.00            22.479807           120.518056          T 
279                             2                   0.00000616          24                  6.49                3.70                6.65                3283381.00          0                   0.31                0                   0                   157793.00           22.551402           120.359261          T 
221                             2                   0.00000616          24                  6.49                3.70                6.65                3283381.00          0                   0.030               0                   0                   15419.00            22.515282           120.500660          T 
227                             2                   0.00000616          24                  6.49                3.70                6.65                3283381.00          0                   0.047               0                   0                   24023.00            22.403342           120.597584          T 
224                             2                   0.00000616          24                  6.49                3.70                6.65                3283381.00          0                   0.019               0                   0                   9737.00             22.486763           120.584626          T 
247                             2                   0.00000616          24                  6.49                3.70                6.65                3283381.00          0                   0.22                0                   0                   112259.00           22.592836           120.411147          T 
277                             2                   0.00000616          24                  6.49                3.70                6.65                3283381.00          1                   0.43                2.35                2.38                215653.00           22.585656           120.289154          T 
232                             2                   0.00000616          24                  6.49                3.70                6.65                3283381.00          0                   0.11                0                   0                   53831.00            22.536429           120.556806          T 
238                             2                   0.00000616          24                  6.49                3.70                6.65                3283381.00          0                   0.100               0                   0                   50427.00            22.588495           120.476619          T 
228                             2                   0.00000616          24                  6.49                3.70                6.65                3283381.00          0                   0.011               0                   0                   5349.00             22.270870           120.656767          T 
280                             2                   0.00000616          24                  6.49                3.70                6.65                3283381.00          4                   0.71                5.63                6.07                359882.00           22.613793           120.355436          T 
237                             2                   0.00000616          24                  6.49                3.70                6.65                3283381.00          0                   0.033               0                   0                   16863.00            22.588556           120.526638          T 
276                             2                   0.00000616          24                  6.49                3.70                6.65                3283381.00          2                   0.33                6.00                6.23                168825.00           22.623594           120.320910          T 
269                             2                   0.00000616          24                  6.49                3.70                6.65                3283381.00          0                   0.047               0                   0                   23889.00            22.624246           120.284233          T 
275                             2                   0.00000616          24                  6.49                3.70                6.65                3283381.00          0                   0.053               0                   0                   26879.00            22.626991           120.294422          T 
274                             2                   0.00000616          24                  6.49                3.70                6.65                3283381.00          0                   0.10                0                   0                   51014.00            22.629929           120.306734          T 
225                             2                   0.00000616          24                  6.49                3.70                6.65                3283381.00          1                   0.0098              102.41              104.66              4944.00             22.403998           120.697580          T 
273                             2                   0.00000616          24                  6.49                3.70                6.65                3283381.00          0                   0.67                0                   0                   339269.00           22.649899           120.317919          T 
251                             2                   0.00000616          24                  6.49                3.70                6.65                3283381.00          1                   0.089               11.26               11.49               44960.00            22.662493           120.372778          T 
239                             2                   0.00000616          24                  6.49                3.70                6.65                3283381.00          0                   0.040               0                   0                   20473.00            22.582335           120.601817          T 
270                             2                   0.00000616          24                  6.49                3.70                6.65                3283381.00          1                   0.28                3.59                3.65                141055.00           22.650195           120.274163          T 
217                             2                   0.00000616          24                  6.49                3.70                6.65                3283381.00          0                   0.015               0                   0                   7427.00             22.501572           120.685723          T 
220                             2                   0.00000616          24                  6.49                3.70                6.65                3283381.00          0                   0.39                0                   0                   198990.00           22.664738           120.479995          T 
246                             2                   0.00000616          24                  6.49                3.70                6.65                3283381.00          0                   0.022               0                   0                   10906.00            22.648764           120.529969          T 
234                             2                   0.00000616          24                  6.49                3.70                6.65                3283381.00          0                   0.0097              0                   0                   4912.00             22.260849           120.735645          T 
271                             2                   0.00000616          24                  6.49                3.70                6.65                3283381.00          0                   0.39                0                   0                   197728.00           22.683957           120.295159          T 
249                             2                   0.00000616          24                  6.49                3.70                6.65                3283381.00          0                   0.068               0                   0                   34410.00            22.701208           120.360526          T 
218                             2                   0.00000616          24                  6.49                3.70                6.65                3283381.00          0                   0.11                0                   0                   53583.00            22.651169           120.588822          T 
248                             2                   0.00000616          24                  6.49                3.70                6.65                3283381.00          1                   0.083               12.01               12.26               42142.00            22.711004           120.425407          T 
272                             2                   0.00000616          24                  6.49                3.70                6.65                3283381.00          4                   0.37                10.77               11.70               187999.00           22.721100           120.300758          T 
242                             2                   0.00000616          24                  6.49                3.70                6.65                3283381.00          0                   0.058               0                   0                   29536.00            22.694550           120.555979          T 
230                             2                   0.00000616          24                  6.49                3.70                6.65                3283381.00          0                   0.011               0                   0                   5408.00             22.604085           120.691793          T 
250                             2                   0.00000616          24                  6.49                3.70                6.65                3283381.00          0                   0.18                0                   0                   89595.00            22.739835           120.370799          T 
215                             2                   0.00000616          24                  6.49                3.70                6.65                3283381.00          0                   0.043               0                   0                   21989.00            22.731668           120.484504          T 
252                             2                   0.00000616          24                  6.49                3.70                6.65                3283381.00          1                   0.076               13.24               13.51               38254.00            22.752524           120.300653          T 
261                             2                   0.00000616          24                  6.49                3.70                6.65                3283381.00          0                   0.071               0                   0                   35750.00            22.748209           120.259399          T 
119                             2                   0.00000616          24                  6.49                3.70                6.65                3283381.00          0                   0.0069              0                   0                   3499.00             22.384307           120.835524          T 
240                             2                   0.00000616          24                  6.49                3.70                6.65                3283381.00          2                   0.017               120.50              125.94              8403.00             22.079156           120.743263          T 
236                             2                   0.00000616          24                  6.49                3.70                6.65                3283381.00          0                   0.015               0                   0                   7686.00             22.671078           120.679924          T 
245                             2                   0.00000616          24                  6.49                3.70                6.65                3283381.00          0                   0.050               0                   0                   25332.00            22.742536           120.569394          T 
253                             2                   0.00000616          24                  6.49                3.70                6.65                3283381.00          0                   0.059               0                   0                   29686.00            22.787696           120.370799          T 
233                             2                   0.00000616          24                  6.49                3.70                6.65                3283381.00          0                   0.0096              0                   0                   4867.00             22.155529           120.817361          T 
260                             2                   0.00000616          24                  6.49                3.70                6.65                3283381.00          0                   0.038               0                   0                   19049.00            22.779445           120.239457          T 
281                             2                   0.00000616          24                  6.49                3.70                6.65                3283381.00          1                   0.19                5.21                5.31                97127.00            22.805059           120.297891          T 
241                             2                   0.00000616          24                  6.49                3.70                6.65                3283381.00          0                   0.051               0                   0                   25853.00            22.798548           120.506128          T 
110                             2                   0.00000616          24                  6.49                3.70                6.65                3283381.00          0                   0.012               0                   0                   5851.00             22.383595           120.899170          T 
259                             2                   0.00000616          24                  6.49                3.70                6.65                3283381.00          0                   0.027               0                   0                   13786.00            22.822246           120.228051          T 
222                             2                   0.00000616          24                  6.49                3.70                6.65                3283381.00          2                   0.061               33.02               34.48               30662.00            21.985316           120.763254          T 
319                             3                   0.0140              4                   0.15                26.78               29.24               75610.00            4                   0.15                26.78               29.24               75610.00            24.083927           120.629330          T 
186                             4                   0.594               2                   0.076               26.44               27.59               38301.00            2                   0.076               26.44               27.59               38301.00            23.542553           120.444280          F 
