1                               0                   0.30                0                   0                   
10                              0                   0.11                0                   0                   
100                             0                   0.015               0                   0                   
101                             0                   0.023               0                   0                   
102                             0                   0.043               0                   0                   
103                             0                   0.40                0                   0                   
104                             0                   0.024               0                   0                   
105                             0                   0.042               0                   0                   
106                             0                   0.017               0                   0                   
107                             0                   0.17                0                   0                   
108                             0                   0.034               0                   0                   
109                             0                   0.21                0                   0                   
11                              0                   0.025               0                   0                   
110                             0                   0.012               0                   0                   
111                             0                   0.022               0                   0                   
112                             0                   0.0070              0                   0                   
113                             0                   0.027               0                   0                   
114                             0                   0.016               0                   0                   
115                             0                   0.016               0                   0                   
116                             0                   0.0081              0                   0                   
117                             0                   0.0080              0                   0                   
118                             0                   0.010               0                   0                   
119                             0                   0.0069              0                   0                   
12                              0                   0.15                0                   0                   
120                             0                   0.0073              0                   0                   
121                             0                   0.014               0                   0                   
122                             0                   0.017               0                   0                   
123                             0                   0.015               0                   0                   
124                             0                   0.025               0                   0                   
125                             0                   0.012               0                   0                   
126                             0                   0.17                0                   0                   
127                             0                   0.035               0                   0                   
128                             0                   0.020               0                   0                   
129                             0                   0.040               0                   0                   
13                              0                   0.38                0                   0                   
130                             0                   0.047               0                   0                   
131                             0                   0.023               0                   0                   
132                             0                   0.032               0                   0                   
133                             0                   0.20                0                   0                   
134                             0                   0.012               0                   0                   
135                             0                   0.0088              0                   0                   
136                             0                   0.021               0                   0                   
137                             0                   0.044               0                   0                   
138                             0                   0.047               0                   0                   
139                             0                   0.16                0                   0                   
14                              0                   0.19                0                   0                   
140                             0                   0.15                0                   0                   
141                             0                   0.12                0                   0                   
142                             0                   0.043               0                   0                   
143                             0                   0.26                0                   0                   
144                             0                   0.021               0                   0                   
145                             0                   0.017               0                   0                   
146                             0                   0.25                0                   0                   
147                             0                   0.099               0                   0                   
148                             0                   0.019               0                   0                   
149                             0                   0.050               0                   0                   
15                              0                   0.039               0                   0                   
150                             0                   0.38                0                   0                   
151                             0                   0.060               0                   0                   
152                             0                   0.13                0                   0                   
153                             0                   0.042               0                   0                   
154                             0                   0.038               0                   0                   
155                             0                   0.014               0                   0                   
156                             0                   0.0092              0                   0                   
157                             0                   0.045               0                   0                   
158                             0                   0.085               0                   0                   
159                             0                   0.074               0                   0                   
16                              0                   0.055               0                   0                   
160                             0                   0.15                0                   0                   
161                             0                   0.37                0                   0                   
162                             0                   0.040               0                   0                   
163                             0                   0.042               0                   0                   
164                             0                   0.018               0                   0                   
165                             0                   0.13                0                   0                   
166                             0                   0.47                0                   0                   
167                             0                   0.027               0                   0                   
168                             0                   0.055               0                   0                   
169                             0                   0.048               0                   0                   
17                              1                   0.82                1.21                1.22                
170                             0                   0.068               0                   0                   
171                             0                   0.050               0                   0                   
172                             0                   0.087               0                   0                   
173                             0                   0.0077              0                   0                   
174                             0                   0.24                0                   0                   
175                             0                   0.29                0                   0                   
176                             0                   0.037               0                   0                   
177                             0                   0.14                0                   0                   
178                             0                   0.028               0                   0                   
179                             0                   0.045               0                   0                   
18                              0                   0.41                0                   0                   
180                             0                   0.061               0                   0                   
181                             0                   0.088               0                   0                   
182                             0                   0.052               0                   0                   
183                             0                   0.0091              0                   0                   
184                             0                   0.083               0                   0                   
185                             0                   0.022               0                   0                   
186                             2                   0.076               26.44               27.59               
187                             0                   0.011               0                   0                   
188                             0                   0.097               0                   0                   
189                             0                   0.062               0                   0                   
19                              0                   0.18                0                   0                   
190                             0                   0.030               0                   0                   
191                             0                   0.070               0                   0                   
192                             0                   0.035               0                   0                   
193                             0                   0.048               0                   0                   
194                             0                   0.052               0                   0                   
195                             0                   0.050               0                   0                   
196                             0                   0.078               0                   0                   
197                             0                   0.053               0                   0                   
198                             0                   0.062               0                   0                   
199                             0                   0.046               0                   0                   
2                               0                   0.43                0                   0                   
20                              0                   0.19                0                   0                   
200                             0                   0.045               0                   0                   
201                             1                   0.056               17.74               18.11               
202                             0                   0.037               0                   0                   
203                             0                   0.047               0                   0                   
204                             0                   0.21                0                   0                   
205                             0                   0.087               0                   0                   
206                             0                   0.028               0                   0                   
207                             0                   0.035               0                   0                   
208                             0                   0.049               0                   0                   
209                             0                   0.056               0                   0                   
21                              0                   0.45                0                   0                   
210                             0                   0.14                0                   0                   
211                             0                   0.025               0                   0                   
212                             0                   0.090               0                   0                   
213                             0                   0.093               0                   0                   
214                             0                   0.015               0                   0                   
215                             0                   0.043               0                   0                   
216                             0                   0.037               0                   0                   
217                             0                   0.015               0                   0                   
218                             0                   0.11                0                   0                   
219                             0                   0.021               0                   0                   
22                              0                   0.024               0                   0                   
220                             0                   0.39                0                   0                   
221                             0                   0.030               0                   0                   
222                             2                   0.061               33.02               34.48               
223                             1                   0.068               14.69               14.99               
224                             0                   0.019               0                   0                   
225                             1                   0.0098              102.41              104.66              
226                             0                   0.093               0                   0                   
227                             0                   0.047               0                   0                   
228                             0                   0.011               0                   0                   
229                             0                   0.035               0                   0                   
23                              0                   0.097               0                   0                   
230                             0                   0.011               0                   0                   
231                             0                   0.015               0                   0                   
232                             0                   0.11                0                   0                   
233                             0                   0.0096              0                   0                   
234                             0                   0.0097              0                   0                   
235                             0                   0.024               0                   0                   
236                             0                   0.015               0                   0                   
237                             0                   0.033               0                   0                   
238                             0                   0.100               0                   0                   
239                             0                   0.040               0                   0                   
24                              0                   0.89                0                   0                   
240                             2                   0.017               120.50              125.94              
241                             0                   0.051               0                   0                   
242                             0                   0.058               0                   0                   
243                             0                   0.0064              0                   0                   
244                             0                   0.047               0                   0                   
245                             0                   0.050               0                   0                   
246                             0                   0.022               0                   0                   
247                             0                   0.22                0                   0                   
248                             1                   0.083               12.01               12.26               
249                             0                   0.068               0                   0                   
25                              1                   0.34                2.93                2.97                
250                             0                   0.18                0                   0                   
251                             1                   0.089               11.26               11.49               
252                             1                   0.076               13.24               13.51               
253                             0                   0.059               0                   0                   
254                             0                   0.014               0                   0                   
255                             0                   0.056               0                   0                   
256                             0                   0.10                0                   0                   
257                             0                   0.059               0                   0                   
258                             0                   0.059               0                   0                   
259                             0                   0.027               0                   0                   
26                              0                   0.33                0                   0                   
260                             0                   0.038               0                   0                   
261                             0                   0.071               0                   0                   
262                             0                   0.025               0                   0                   
263                             0                   0.012               0                   0                   
264                             0                   0.023               0                   0                   
265                             0                   0.028               0                   0                   
266                             0                   0.0038              0                   0                   
267                             0                   0.0084              0                   0                   
268                             0                   0.0062              0                   0                   
269                             0                   0.047               0                   0                   
27                              0                   0.13                0                   0                   
270                             1                   0.28                3.59                3.65                
271                             0                   0.39                0                   0                   
272                             4                   0.37                10.77               11.70               
273                             0                   0.67                0                   0                   
274                             0                   0.10                0                   0                   
275                             0                   0.053               0                   0                   
276                             2                   0.33                6.00                6.23                
277 et al                       1                   0.43                2.35                2.38                
279                             0                   0.31                0                   0                   
28                              0                   0.24                0                   0                   
280                             4                   0.71                5.63                6.07                
281                             1                   0.19                5.21                5.31                
282                             0                   0.072               0                   0                   
283                             0                   0.077               0                   0                   
284                             2                   0.14                14.55               15.16               
285                             0                   0.026               0                   0                   
286                             0                   0.026               0                   0                   
287                             0                   0.027               0                   0                   
288                             1                   0.17                5.80                5.91                
289                             0                   0.067               0                   0                   
29                              0                   0.32                0                   0                   
290                             0                   0.033               0                   0                   
291                             0                   0.14                0                   0                   
292                             0                   0.031               0                   0                   
293                             0                   0.095               0                   0                   
294                             0                   0.17                0                   0                   
295                             1                   0.019               52.63               53.78               
296                             0                   0.028               0                   0                   
297                             0                   0.032               0                   0                   
298                             0                   0.036               0                   0                   
299                             0                   0.29                0                   0                   
3                               0                   0.16                0                   0                   
30                              0                   0.013               0                   0                   
300                             0                   0.56                0                   0                   
301                             1                   0.25                4.00                4.07                
302                             1                   0.34                2.92                2.96                
303                             0                   0.11                0                   0                   
304                             0                   0.022               0                   0                   
305                             0                   0.064               0                   0                   
306                             0                   0.038               0                   0                   
307                             0                   0.15                0                   0                   
308                             1                   0.11                8.87                9.04                
309                             0                   0.42                0                   0                   
31                              0                   0.032               0                   0                   
310                             0                   0.19                0                   0                   
311                             2                   0.38                5.23                5.42                
312                             0                   0.048               0                   0                   
313                             0                   0.098               0                   0                   
314                             0                   0.15                0                   0                   
315                             0                   0.12                0                   0                   
316                             0                   0.19                0                   0                   
317                             1                   0.17                5.78                5.89                
318                             0                   0.22                0                   0                   
319                             4                   0.15                26.78               29.24               
32                              0                   0.065               0                   0                   
320                             0                   0.029               0                   0                   
321                             0                   0.13                0                   0                   
322                             0                   0.23                0                   0                   
323                             0                   0.46                0                   0                   
324                             0                   0.33                0                   0                   
325                             0                   0.13                0                   0                   
326                             2                   0.15                12.98               13.52               
327                             0                   0.099               0                   0                   
328                             0                   0.029               0                   0                   
329                             0                   0.074               0                   0                   
33                              0                   0.032               0                   0                   
330                             0                   0.066               0                   0                   
331                             0                   0.18                0                   0                   
332                             0                   0.25                0                   0                   
333                             0                   0.069               0                   0                   
334                             0                   0.064               0                   0                   
335                             0                   0.060               0                   0                   
336                             0                   0.032               0                   0                   
337                             0                   0.073               0                   0                   
338                             0                   0.46                0                   0                   
339                             0                   0.072               0                   0                   
34                              0                   0.019               0                   0                   
340                             0                   0.058               0                   0                   
341                             0                   0.11                0                   0                   
342                             0                   0.081               0                   0                   
343                             0                   0.053               0                   0                   
344                             0                   0.084               0                   0                   
345                             0                   0.092               0                   0                   
346                             0                   0.077               0                   0                   
347                             0                   0.029               0                   0                   
348                             0                   0.033               0                   0                   
349                             0                   0.046               0                   0                   
35                              0                   0.028               0                   0                   
350                             0                   0.090               0                   0                   
351                             0                   0.065               0                   0                   
352                             0                   0.17                0                   0                   
36                              0                   0.070               0                   0                   
37                              0                   0.012               0                   0                   
38                              0                   0.0084              0                   0                   
39                              0                   0.17                0                   0                   
4                               0                   0.0091              0                   0                   
40                              0                   0.089               0                   0                   
41                              0                   0.17                0                   0                   
42                              0                   0.014               0                   0                   
43                              0                   0.066               0                   0                   
44                              0                   0.025               0                   0                   
45                              0                   0.035               0                   0                   
46                              0                   0.20                0                   0                   
47                              0                   0.021               0                   0                   
48                              0                   0.45                0                   0                   
49                              0                   0.31                0                   0                   
5                               0                   0.018               0                   0                   
50                              0                   0.43                0                   0                   
51                              1                   0.56                1.77                1.79                
52                              0                   0.50                0                   0                   
53                              0                   0.24                0                   0                   
54                              0                   0.56                0                   0                   
55                              0                   0.25                0                   0                   
56                              0                   0.61                0                   0                   
57                              0                   0.54                0                   0                   
58                              0                   0.40                0                   0                   
59                              0                   0.37                0                   0                   
6                               0                   0.029               0                   0                   
60                              0                   0.11                0                   0                   
61                              0                   0.093               0                   0                   
62                              0                   0.10                0                   0                   
63                              0                   0.085               0                   0                   
64                              0                   0.10                0                   0                   
65                              0                   0.16                0                   0                   
66                              0                   0.076               0                   0                   
67                              0                   0.042               0                   0                   
68                              0                   0.079               0                   0                   
69                              0                   0.10                0                   0                   
7                               0                   0.019               0                   0                   
70                              0                   0.012               0                   0                   
71                              0                   0.064               0                   0                   
72                              0                   0.048               0                   0                   
73                              0                   0.012               0                   0                   
74                              0                   0.19                0                   0                   
75                              0                   0.070               0                   0                   
76                              0                   0.14                0                   0                   
77                              0                   0.077               0                   0                   
78                              0                   0.057               0                   0                   
79                              0                   0.23                0                   0                   
8                               0                   0.011               0                   0                   
80                              0                   0.045               0                   0                   
81                              0                   0.76                0                   0                   
82                              0                   0.82                0                   0                   
83                              0                   0.17                0                   0                   
84                              0                   0.078               0                   0                   
85                              0                   0.47                0                   0                   
86                              0                   0.013               0                   0                   
87                              0                   0.0090              0                   0                   
88                              0                   0.60                0                   0                   
89                              0                   0.83                0                   0                   
9                               0                   0.065               0                   0                   
90                              1                   1.10                0.91                0.91                
91                              0                   0.23                0                   0                   
92                              0                   0.36                0                   0                   
93                              0                   0.44                0                   0                   
94                              1                   0.40                2.49                2.52                
95                              0                   0.16                0                   0                   
96                              0                   0.35                0                   0                   
97                              0                   0.047               0                   0                   
98                              0                   0.013               0                   0                   
99                              0                   0.078               0                   0                   
