5.917872            
5.305966            
4.148652            
4.086234            
3.498723            
6.296654            
7.135438            
3.105199            
9.910151            
3.428739            
3.258153            
6.710625            
10.028248           
4.888716            
6.593532            
5.631441            
5.733716            
7.807966            
5.103549            
5.157877            
6.482888            
5.939480            
7.284487            
6.274981            
5.391060            
5.412498            
7.210275            
5.932105            
4.288131            
3.837566            
4.678871            
3.741527            
3.431873            
3.377415            
8.118678            
5.831416            
5.239499            
4.625283            
4.274957            
5.009179            
3.186044            
3.501637            
4.763599            
5.963357            
5.467637            
5.338351            
5.118129            
3.356259            
3.782956            
4.639133            
5.492521            
5.703273            
4.805182            
4.484102            
3.979670            
5.844738            
4.119949            
5.122020            
4.799171            
7.954842            
2.786400            
6.837951            
7.492687            
4.865051            
3.216862            
5.000178            
5.129142            
4.458103            
5.029405            
6.934524            
5.596319            
4.223930            
4.605013            
7.158030            
3.769111            
4.953618            
6.957129            
4.775387            
4.098442            
6.560251            
7.892320            
4.952119            
3.470225            
6.425706            
4.931853            
6.248207            
4.420983            
5.424781            
4.660351            
6.487977            
7.085097            
3.166124            
4.637931            
5.346396            
5.968266            
3.630264            
4.973869            
7.645774            
4.524496            
5.446520            
5.677003            
6.669270            
4.386028            
5.990340            
5.407577            
3.397463            
5.767790            
5.730504            
5.691860            
6.888773            
4.857918            
5.520231            
4.690951            
6.016402            
3.470706            
4.477869            
5.745458            
2.870449            
4.450118            
3.861455            
4.718822            
4.431672            
5.657080            
4.292541            
8.188719            
6.390112            
5.063050            
7.976917            
5.135587            
3.070550            
4.988825            
4.497512            
5.123557            
5.625585            
7.969036            
5.840689            
4.242005            
6.706880            
2.964893            
3.434740            
7.285567            
4.823865            
5.201366            
4.018292            
4.296869            
4.198572            
7.662753            
7.357938            
4.379362            
3.138763            
4.277461            
4.650845            
3.301129            
3.671240            
6.780191            
3.096574            
7.946952            
7.965670            
5.352799            
5.696701            
4.252712            
3.272476            
3.748433            
6.095869            
6.241400            
6.537135            
7.266767            
4.275628            
4.811904            
9.183006            
4.629987            
5.197254            
6.227749            
5.745157            
3.147002            
6.725859            
8.604409            
5.419249            
4.527000            
5.784805            
4.262072            
3.646820            
3.615323            
4.261890            
3.777703            
6.918294            
3.266902            
4.442298            
5.292074            
6.644353            
4.930045            
3.726177            
4.730782            
7.874297            
5.152724            
6.340877            
5.506147            
3.347072            
4.119140            
5.763834            
6.014466            
6.386339            
4.274924            
3.163776            
4.965951            
4.373295            
3.169596            
5.144691            
5.906425            
5.180777            
4.597778            
3.465760            
3.142583            
5.807117            
2.761482            
4.654408            
4.208960            
5.926782            
5.535975            
5.701997            
2.354079            
4.074520            
4.555539            
5.062703            
4.362932            
5.455448            
4.636518            
8.139421            
5.630920            
4.349378            
5.106798            
3.791919            
6.213829            
4.779827            
4.386028            
5.402115            
6.640152            
4.946225            
7.589771            
3.953248            
3.126735            
7.335807            
3.195270            
5.209465            
3.671240            
7.130895            
4.434645            
9.343248            
6.673278            
5.052600            
6.429388            
3.449127            
7.140505            
4.152925            
3.896729            
3.742666            
5.540174            
5.717744            
4.443757            
5.970173            
6.190616            
5.074370            
4.439358            
4.565164            
8.412821            
5.830592            
4.323450            
4.370982            
7.535412            
7.467775            
3.765716            
6.979550            
6.662493            
5.887462            
3.740149            
5.586109            
3.364736            
5.558708            
3.757941            
5.126692            
4.803229            
7.089498            
5.169440            
5.835570            
3.663166            
5.475220            
4.142211            
5.426195            
7.059765            
4.996571            
5.895439            
8.311252            
3.510150            
3.816932            
6.751539            
5.113971            
3.630264            
4.065796            
3.049316            
5.052293            
5.271481            
4.326142            
4.308949            
6.950682            
4.899438            
2.800611            
6.498180            
3.967678            
4.611794            
5.889464            
5.887462            
5.932105            
7.076239            
5.912156            
5.660948            
3.569727            
3.589409            
5.344611            
5.486623            
4.750723            
2.548259            
4.141175            
5.801003            
7.163887            
6.588985            
3.750837            
5.158025            
4.812193            
4.598747            
5.885161            
5.113648            
4.643408            
4.794484            
6.358286            
5.088251            
2.772117            
5.235746            
5.269380            
5.913572            
6.129267            
4.865084            
4.485083            
4.825986            
4.498041            
3.347072            
4.099548            
4.346503            
5.677003            
7.408880            
4.805124            
4.300583            
3.687389            
4.434645            
4.809602            
7.304992            
5.668602            
3.010894            
9.344913            
9.644216            
4.798917            
5.755666            
5.582999            
5.540531            
4.052314            
3.425750            
3.529189            
6.408308            
5.497439            
3.714418            
3.930807            
6.158759            
5.198871            
3.508545            
6.694863            
5.389999            
5.550131            
2.493632            
4.172080            
5.844738            
4.267579            
5.653728            
6.095521            
7.734002            
2.971210            
4.165323            
4.686106            
9.007797            
4.553845            
3.267196            
7.145629            
3.421649            
3.531853            
5.010821            
5.746285            
6.717487            
4.843585            
5.404081            
4.265357            
5.095205            
5.529343            
4.794484            
4.181940            
6.194854            
12.556364           
5.612380            
3.593967            
3.251197            
3.896729            
4.266734            
5.413903            
4.771782            
9.325694            
4.337730            
4.336642            
5.217565            
5.116895            
3.069970            
6.713041            
3.528857            
6.190616            
5.452707            
5.936219            
3.429795            
4.196715            
9.936112            
2.982544            
4.341309            
6.351301            
3.314643            
3.325126            
4.252712            
9.486934            
4.700969            
8.192149            
4.643712            
3.888584            
4.601606            
4.666984            
4.087075            
7.533616            
3.461856            
3.117682            
3.630264            
4.542714            
3.526539            
6.558604            
6.154753            
5.733243            
8.073753            
4.278249            
6.615579            
3.293688            
5.498058            
4.663375            
4.589308            
4.851424            
10.148437           
4.771591            
4.668730            
3.297496            
6.932838            
3.487083            
3.469082            
3.997346            
6.910759            
3.691266            
5.828905            
7.762061            
5.329493            
6.831712            
6.408232            
4.455929            
3.353923            
7.226612            
2.662614            
4.605013            
6.523630            
5.725775            
3.356247            
3.753895            
7.360589            
3.583202            
5.189244            
5.704260            
8.777694            
7.422922            
5.029346            
4.432293            
4.094566            
5.041246            
5.407206            
5.875319            
4.140169            
3.210612            
4.868678            
5.159579            
5.672447            
3.936590            
4.355847            
4.686626            
3.239692            
4.480205            
4.937233            
3.758199            
4.227569            
4.092548            
4.849700            
4.332206            
5.601048            
6.581552            
3.033391            
3.348225            
3.178570            
3.423652            
2.298718            
5.048798            
4.557482            
7.451715            
7.873629            
2.714957            
6.800438            
7.901417            
5.363237            
5.147665            
4.223930            
5.498058            
4.884775            
5.713413            
4.331289            
5.946379            
5.074297            
6.133394            
3.325205            
5.938653            
6.292308            
5.452931            
5.596466            
6.186641            
4.821961            
3.894281            
6.604061            
4.040651            
6.460263            
4.996571            
5.165872            
5.291446            
4.257124            
6.627938            
4.257701            
3.771068            
5.745157            
3.563646            
5.175033            
5.341259            
3.742666            
6.157716            
5.087365            
7.033277            
6.238220            
6.305306            
4.089855            
3.260230            
4.399810            
4.966691            
4.234090            
4.563020            
4.877746            
3.643873            
6.948134            
4.756796            
5.019742            
6.577872            
6.705259            
5.441867            
6.119712            
5.026922            
8.527826            
7.010455            
7.962172            
4.820754            
4.843935            
4.265357            
3.545526            
6.905812            
5.590239            
3.865767            
4.859155            
5.059018            
5.196850            
8.297491            
4.268721            
3.354102            
5.447090            
5.424671            
4.903365            
4.275560            
6.971367            
5.078286            
3.830974            
5.800640            
4.605013            
6.154753            
5.048259            
4.455929            
3.941994            
4.797912            
5.921718            
3.729504            
6.920597            
8.000346            
5.239217            
4.807725            
3.716457            
3.858201            
4.185728            
8.683063            
4.532158            
8.853579            
5.987417            
6.536682            
4.018292            
3.436188            
6.094685            
4.525217            
5.904227            
3.791816            
6.594616            
3.598732            
3.129558            
5.978136            
3.086724            
3.452878            
4.244107            
3.380454            
4.196339            
4.610729            
5.075154            
10.225913           
5.358613            
6.440600            
3.953717            
4.257389            
8.588051            
6.287624            
4.158595            
5.371429            
4.463795            
6.823322            
4.832424            
3.913276            
4.299796            
5.965145            
5.932519            
5.402774            
3.598732            
5.239499            
3.598453            
4.732776            
3.185266            
8.842991            
5.984902            
8.204358            
5.731326            
2.377322            
4.107510            
5.317726            
11.163606           
5.227554            
3.035542            
2.608392            
5.789331            
4.129904            
6.019682            
5.446520            
5.332602            
7.411417            
9.346898            
8.831840            
6.490069            
5.313173            
4.317538            
6.554665            
4.170949            
3.295592            
8.334929            
5.288048            
2.864961            
5.113648            
4.954119            
3.901974            
5.450331            
4.654926            
3.547025            
5.283091            
6.256422            
3.465152            
6.048286            
4.788356            
5.582999            
4.191654            
3.832345            
6.104772            
6.227234            
4.710848            
5.710542            
4.235811            
3.900998            
4.010470            
7.990496            
5.649137            
4.324062            
4.003505            
8.033554            
5.516313            
5.536786            
4.628091            
4.325943            
6.447179            
4.215360            
3.368422            
4.751570            
4.724214            
4.569561            
6.460263            
4.942038            
5.468427            
4.210768            
6.104772            
5.668602            
4.392583            
5.495719            
3.834749            
4.408607            
6.517674            
2.422493            
7.227304            
6.738513            
5.635966            
2.721765            
6.960708            
5.478905            
6.547141            
4.118258            
6.254997            
6.481478            
4.379362            
5.417951            
3.361914            
4.141175            
4.476501            
5.374986            
5.119896            
4.607012            
4.892443            
3.831732            
6.112982            
6.770106            
4.800732            
6.585617            
5.910287            
10.509000           
4.811904            
5.686537            
6.091031            
8.964755            
5.089776            
5.132231            
4.285085            
5.804977            
4.177252            
7.723420            
5.684433            
3.776031            
5.781982            
3.530731            
3.694598            
3.309428            
7.575702            
7.883007            
3.695336            
4.627647            
4.299796            
5.093288            
5.126876            
5.283507            
5.543289            
6.016636            
3.685608            
4.020933            
5.808028            
4.154511            
3.027785            
6.043183            
4.731890            
6.611573            
5.013858            
3.133411            
3.678073            
5.236336            
3.831386            
4.459507            
7.525763            
5.815297            
4.524496            
6.452352            
5.514286            
6.517674            
6.150777            
4.982067            
4.869783            
8.667327            
4.414416            
4.575925            
4.429428            
3.475987            
5.178527            
3.918940            
6.713371            
4.226604            
3.861534            
7.881104            
4.464227            
4.462195            
6.354876            
4.620072            
4.092118            
5.113648            
7.326506            
3.703481            
4.572045            
6.632871            
4.607337            
4.937233            
12.954804           
4.495402            
6.384461            
6.212483            
4.183772            
7.376768            
4.325943            
5.730520            
6.760759            
9.471117            
8.098397            
6.748960            
3.435104            
7.127388            
6.623002            
5.836158            
5.539714            
3.421815            
3.714526            
6.453973            
5.978136            
4.179003            
3.817547            
4.382772            
4.068708            
4.896359            
3.493202            
4.660040            
5.921718            
7.278906            
3.191191            
4.366842            
5.734588            
3.921681            
3.636669            
7.499594            
5.048703            
6.778509            
8.221694            
6.293494            
4.519643            
4.491028            
4.436648            
5.122595            
3.024341            
5.145682            
4.132903            
6.997106            
3.570609            
4.788238            
5.450388            
5.558202            
3.388772            
4.277020            
4.327114            
6.124980            
6.307210            
3.475987            
6.842404            
5.152602            
7.128258            
3.893595            
3.540633            
3.626355            
8.656544            
3.519796            
7.158663            
4.215360            
5.019742            
5.112651            
5.535542            
6.162577            
7.167535            
3.439218            
3.979465            
4.051114            
5.417951            
4.563248            
6.232098            
5.135684            
6.375535            
4.181111            
4.486393            
3.540374            
5.755606            
6.218544            
4.869783            
3.091701            
4.930045            
5.904293            
6.483439            
6.851161            
5.878063            
5.041246            
5.824325            
4.296591            
6.099278            
4.358155            
6.791045            
4.364889            
3.855355            
3.585505            
4.474373            
3.802149            
5.750567            
6.237556            
5.054680            
3.891326            
7.030959            
6.470871            
6.092301            
4.951834            
3.985594            
5.053408            
3.750792            
3.133640            
2.441986            
5.694986            
4.159508            
5.274414            
8.376559            
6.095521            
6.532173            
6.741636            
4.733216            
7.889375            
7.310255            
4.189806            
5.742059            
3.980335            
11.339503           
4.751095            
3.321056            
4.142604            
4.495881            
3.774144            
5.285300            
5.312560            
5.557828            
6.925379            
3.447297            
6.239019            
5.406082            
4.733828            
5.757096            
5.074297            
4.052314            
8.265204            
3.284822            
4.266734            
4.603660            
9.260329            
5.854692            
2.835703            
3.910240            
3.427652            
3.840283            
5.194261            
4.953406            
5.437626            
5.474673            
5.930629            
5.620641            
5.601946            
5.574617            
5.539714            
