259                             1                   1e-17               181                 13.73               13.18               30.01               1009447.00          0                   0.19                0                   0                   14106.00            22.822246           120.228051          F 
260                             1                   1e-17               181                 13.73               13.18               30.01               1009447.00          1                   0.28                3.64                3.64                20217.00            22.779445           120.239457          F 
256                             1                   1e-17               181                 13.73               13.18               30.01               1009447.00          3                   0.73                4.13                4.16                53443.00            22.857242           120.265987          F 
258                             1                   1e-17               181                 13.73               13.18               30.01               1009447.00          37                  0.42                87.72               99.39               31008.00            22.882414           120.198052          F 
281                             1                   1e-17               181                 13.73               13.18               30.01               1009447.00          5                   1.33                3.77                3.82                97417.00            22.805059           120.297891          F 
257                             1                   1e-17               181                 13.73               13.18               30.01               1009447.00          4                   0.39                10.21               10.33               28806.00            22.893250           120.225937          F 
261                             1                   1e-17               181                 13.73               13.18               30.01               1009447.00          17                  0.50                34.18               36.10               36559.00            22.748209           120.259399          F 
252                             1                   1e-17               181                 13.73               13.18               30.01               1009447.00          2                   0.50                3.99                4.01                36809.00            22.752524           120.300653          F 
255                             1                   1e-17               181                 13.73               13.18               30.01               1009447.00          0                   0.41                0                   0                   30225.00            22.870229           120.321097          F 
140                             1                   1e-17               181                 13.73               13.18               30.01               1009447.00          14                  0.96                14.65               15.30               70232.00            22.941309           120.241879          F 
272                             1                   1e-17               181                 13.73               13.18               30.01               1009447.00          33                  2.37                13.94               15.48               173969.00           22.721100           120.300758          F 
253                             1                   1e-17               181                 13.73               13.18               30.01               1009447.00          2                   0.42                4.75                4.78                30941.00            22.787696           120.370799          F 
146                             1                   1e-17               181                 13.73               13.18               30.01               1009447.00          28                  1.72                16.32               17.83               126129.00           22.955619           120.190374          F 
165                             1                   1e-17               181                 13.73               13.18               30.01               1009447.00          1                   0.90                1.11                1.11                66104.00            22.946795           120.293063          F 
271                             1                   1e-17               181                 13.73               13.18               30.01               1009447.00          34                  2.63                12.92               14.38               193482.00           22.683957           120.295159          F 
260                             2                   1e-17               136                 9.33                14.58               25.07               685816.00           1                   0.28                3.64                3.64                20217.00            22.779445           120.239457          T 
261                             2                   1e-17               136                 9.33                14.58               25.07               685816.00           17                  0.50                34.18               36.10               36559.00            22.748209           120.259399          T 
259                             2                   1e-17               136                 9.33                14.58               25.07               685816.00           0                   0.19                0                   0                   14106.00            22.822246           120.228051          T 
281                             2                   1e-17               136                 9.33                14.58               25.07               685816.00           5                   1.33                3.77                3.82                97417.00            22.805059           120.297891          T 
252                             2                   1e-17               136                 9.33                14.58               25.07               685816.00           2                   0.50                3.99                4.01                36809.00            22.752524           120.300653          T 
272                             2                   1e-17               136                 9.33                14.58               25.07               685816.00           33                  2.37                13.94               15.48               173969.00           22.721100           120.300758          T 
256                             2                   1e-17               136                 9.33                14.58               25.07               685816.00           3                   0.73                4.13                4.16                53443.00            22.857242           120.265987          T 
271                             2                   1e-17               136                 9.33                14.58               25.07               685816.00           34                  2.63                12.92               14.38               193482.00           22.683957           120.295159          T 
258                             2                   1e-17               136                 9.33                14.58               25.07               685816.00           37                  0.42                87.72               99.39               31008.00            22.882414           120.198052          T 
257                             2                   1e-17               136                 9.33                14.58               25.07               685816.00           4                   0.39                10.21               10.33               28806.00            22.893250           120.225937          T 
146                             3                   1e-17               28                  1.72                16.32               17.83               126129.00           28                  1.72                16.32               17.83               126129.00           22.955619           120.190374          T 
222                             4                   0.000000000384      14                  0.79                17.66               18.45               58268.00            4                   0.42                9.53                9.64                30867.00            21.985316           120.763254          T 
240                             4                   0.000000000384      14                  0.79                17.66               18.45               58268.00            8                   0.13                62.50               64.12               9410.00             22.079156           120.743263          T 
231                             4                   0.000000000384      14                  0.79                17.66               18.45               58268.00            0                   0.11                0                   0                   8256.00             22.049300           120.843568          T 
233                             4                   0.000000000384      14                  0.79                17.66               18.45               58268.00            0                   0.067               0                   0                   4920.00             22.155529           120.817361          T 
234                             4                   0.000000000384      14                  0.79                17.66               18.45               58268.00            2                   0.065               30.54               30.73               4815.00             22.260849           120.735645          T 
265                             5                   0.0000301           27                  7.56                3.57                3.82                555700.00           0                   0.21                0                   0                   15662.00            22.956688           120.471927          T 
173                             5                   0.0000301           27                  7.56                3.57                3.82                555700.00           0                   0.059               0                   0                   4311.00             22.954823           120.386937          T 
156                             5                   0.0000301           27                  7.56                3.57                3.82                555700.00           0                   0.073               0                   0                   5359.00             23.026046           120.412392          T 
282                             5                   0.0000301           27                  7.56                3.57                3.82                555700.00           0                   0.54                0                   0                   39423.00            22.864970           120.475455          T 
264                             5                   0.0000301           27                  7.56                3.57                3.82                555700.00           1                   0.17                6.06                6.07                12136.00            22.996947           120.562197          T 
283                             5                   0.0000301           27                  7.56                3.57                3.82                555700.00           1                   0.58                1.72                1.73                42658.00            22.900055           120.563463          T 
254                             5                   0.0000301           27                  7.56                3.57                3.82                555700.00           0                   0.11                0                   0                   8012.00             22.863943           120.395984          T 
170                             5                   0.0000301           27                  7.56                3.57                3.82                555700.00           0                   0.48                0                   0                   35593.00            22.955779           120.334282          T 
158                             5                   0.0000301           27                  7.56                3.57                3.82                555700.00           1                   0.60                1.67                1.67                44023.00            23.033945           120.335796          T 
167                             5                   0.0000301           27                  7.56                3.57                3.82                555700.00           1                   0.21                4.83                4.84                15223.00            23.114809           120.460962          T 
241                             5                   0.0000301           27                  7.56                3.57                3.82                555700.00           2                   0.35                5.71                5.74                25759.00            22.798548           120.506128          T 
255                             5                   0.0000301           27                  7.56                3.57                3.82                555700.00           0                   0.41                0                   0                   30225.00            22.870229           120.321097          T 
165                             5                   0.0000301           27                  7.56                3.57                3.82                555700.00           1                   0.90                1.11                1.11                66104.00            22.946795           120.293063          T 
155                             5                   0.0000301           27                  7.56                3.57                3.82                555700.00           0                   0.11                0                   0                   7757.00             23.096893           120.370977          T 
145                             5                   0.0000301           27                  7.56                3.57                3.82                555700.00           0                   0.12                0                   0                   8840.00             23.115111           120.544122          T 
262                             5                   0.0000301           27                  7.56                3.57                3.82                555700.00           1                   0.20                5.10                5.11                14421.00            23.011954           120.658563          T 
244                             5                   0.0000301           27                  7.56                3.57                3.82                555700.00           0                   0.36                0                   0                   26331.00            22.809920           120.601768          T 
253                             5                   0.0000301           27                  7.56                3.57                3.82                555700.00           2                   0.42                4.75                4.78                30941.00            22.787696           120.370799          T 
148                             5                   0.0000301           27                  7.56                3.57                3.82                555700.00           0                   0.15                0                   0                   10674.00            23.144822           120.398815          T 
159                             5                   0.0000301           27                  7.56                3.57                3.82                555700.00           1                   0.48                2.10                2.10                35035.00            23.083195           120.292394          T 
263                             5                   0.0000301           27                  7.56                3.57                3.82                555700.00           2                   0.095               21.06               21.19               6981.00             23.116550           120.623289          T 
140                             5                   0.0000301           27                  7.56                3.57                3.82                555700.00           14                  0.96                14.65               15.30               70232.00            22.941309           120.241879          T 
216                             6                   0.738               5                   0.92                5.44                5.52                67534.00            1                   0.29                3.50                3.50                21030.00            22.429806           120.547612          F 
229                             6                   0.738               5                   0.92                5.44                5.52                67534.00            1                   0.28                3.62                3.63                20286.00            22.441421           120.512509          F 
227                             6                   0.738               5                   0.92                5.44                5.52                67534.00            3                   0.36                8.41                8.48                26218.00            22.403342           120.597584          F 
251                             7                   0.964               13                  5.74                2.27                2.32                421833.00           1                   0.59                1.70                1.70                43191.00            22.662493           120.372778          F 
249                             7                   0.964               13                  5.74                2.27                2.32                421833.00           2                   0.45                4.42                4.44                33296.00            22.701208           120.360526          F 
280                             7                   0.964               13                  5.74                2.27                2.32                421833.00           10                  4.70                2.13                2.17                345346.00           22.613793           120.355436          F 
