5.351670            
6.036323            
6.034213            
5.774985            
4.757214            
5.381299            
7.757524            
4.682336            
6.411880            
4.604794            
3.902917            
4.885537            
3.736587            
6.021028            
4.712449            
7.254286            
4.775572            
8.008785            
3.930742            
3.951428            
5.347357            
4.513167            
4.259018            
3.726115            
9.638345            
4.394379            
5.479183            
5.157046            
4.802279            
7.145064            
7.362103            
5.194518            
6.084131            
7.486345            
4.761738            
5.496650            
5.129889            
6.105525            
6.149418            
4.316028            
3.877378            
3.737257            
4.737824            
7.606911            
7.885368            
3.918480            
4.337731            
4.981856            
5.738118            
3.140587            
5.251098            
4.232128            
5.037344            
3.927827            
2.978216            
3.472970            
5.322493            
5.500392            
6.031993            
5.212709            
3.897816            
8.181026            
3.556168            
5.185132            
5.135275            
6.103817            
8.953590            
8.298064            
4.967399            
4.253385            
5.527750            
5.035737            
5.835784            
6.964444            
4.612496            
4.213195            
6.396425            
7.060248            
3.813589            
6.023051            
4.895087            
4.839758            
3.457063            
5.837852            
5.378725            
4.292708            
5.728399            
4.990990            
5.626252            
6.550196            
4.096876            
3.416900            
6.247400            
4.862686            
5.757484            
6.257919            
4.928595            
5.977758            
4.592645            
6.558040            
6.935778            
10.912662           
5.770839            
6.385759            
6.068067            
7.000163            
5.199580            
3.747957            
7.787994            
5.857138            
8.011758            
3.878119            
4.631957            
5.529175            
6.521258            
4.582016            
5.326961            
5.440365            
6.214949            
3.911860            
4.736761            
5.465628            
4.036789            
3.887269            
5.644330            
3.886102            
5.356818            
5.397434            
5.261997            
5.372226            
4.133161            
4.862645            
5.840441            
3.709180            
5.319961            
6.684503            
4.105542            
4.265760            
5.460877            
5.218581            
4.321084            
4.032297            
4.417064            
4.736342            
5.329930            
4.104800            
5.092521            
5.383295            
5.144602            
4.965113            
4.635906            
5.873435            
4.898446            
4.805832            
3.810428            
3.254903            
5.769228            
5.517230            
4.391942            
4.330362            
4.120208            
5.562854            
6.993301            
6.347208            
4.925166            
5.381500            
5.480838            
5.660377            
4.980856            
5.819264            
6.604187            
3.718069            
4.326385            
8.124208            
4.404217            
3.846903            
4.397495            
3.223867            
7.260138            
6.474753            
3.320670            
3.560418            
6.716134            
7.976565            
4.862017            
5.317419            
8.195540            
4.137609            
5.526197            
5.989633            
4.874529            
5.311220            
4.042555            
7.267933            
4.996817            
6.931906            
7.129443            
6.192006            
4.228174            
5.015115            
4.235024            
6.273316            
4.149041            
4.916179            
5.378384            
5.014712            
5.307460            
5.712183            
5.917218            
4.516199            
6.831241            
8.419953            
4.417792            
6.750317            
3.449836            
7.269318            
4.366608            
4.177902            
6.606828            
5.706400            
5.638346            
4.989551            
4.159892            
5.355328            
4.930425            
6.427496            
6.981132            
4.980516            
5.953428            
6.001713            
4.593052            
4.403216            
5.181653            
4.397100            
5.434345            
6.127677            
5.631026            
6.192006            
3.800543            
4.318648            
6.588165            
3.357141            
4.602089            
4.879426            
6.266829            
6.007157            
5.705528            
6.243109            
3.659523            
7.613420            
5.030750            
3.974204            
5.151454            
5.343543            
5.758612            
4.440396            
4.566260            
4.098903            
5.339892            
6.334304            
3.816209            
10.790468           
7.096756            
4.623784            
6.257939            
5.956573            
4.327035            
5.759875            
6.533121            
4.223606            
3.944223            
4.069219            
3.622934            
7.720008            
5.297659            
5.447443            
4.348869            
7.274500            
5.879129            
7.464323            
4.762252            
3.498088            
3.257988            
5.769228            
4.939197            
4.332301            
4.211054            
5.211983            
6.385768            
6.319192            
4.732472            
4.028943            
5.005334            
5.029830            
6.052493            
3.805936            
4.772362            
6.581078            
4.582686            
4.171794            
2.917873            
5.255919            
6.204172            
6.492256            
8.578419            
4.740707            
5.204746            
9.107034            
5.121231            
4.346047            
5.944724            
5.366494            
5.088286            
4.366066            
4.172460            
6.977295            
5.144063            
8.502626            
5.365826            
5.018776            
6.221469            
5.392767            
7.117150            
5.446893            
4.848389            
4.756411            
5.440490            
6.900561            
4.248161            
4.699478            
4.780778            
4.631957            
4.737824            
5.191206            
5.344889            
4.057837            
7.806129            
5.992682            
5.886654            
9.627804            
5.354859            
5.825007            
4.993086            
4.796981            
4.154962            
6.447117            
6.364567            
5.544981            
6.834694            
5.518864            
4.675246            
4.172460            
5.532560            
5.921624            
3.559915            
5.769228            
4.502267            
3.368365            
5.004771            
4.668101            
4.484858            
5.022052            
4.884020            
7.199701            
6.684503            
3.251828            
6.387198            
6.715551            
5.629834            
4.263657            
3.722432            
4.643654            
3.426360            
5.055183            
4.508734            
4.688634            
3.327217            
5.612818            
4.980036            
6.121748            
9.576377            
5.074637            
5.009264            
3.572565            
5.416575            
9.399027            
6.391027            
7.154543            
6.376398            
4.657294            
3.760288            
5.977758            
3.478519            
5.586058            
5.812813            
4.815216            
4.200063            
5.198269            
6.052493            
5.011780            
7.098180            
6.399836            
3.660708            
7.335641            
6.762613            
4.867539            
4.920259            
6.996949            
6.356425            
6.506557            
5.061911            
4.406392            
8.530912            
6.537030            
6.031599            
5.519876            
4.634511            
5.350106            
5.338649            
4.062447            
2.897594            
7.830760            
3.834951            
6.147790            
6.823665            
5.745385            
4.851448            
4.108886            
7.439833            
3.354800            
4.584644            
5.339490            
5.703212            
3.186877            
4.652834            
5.506716            
5.103731            
7.246223            
7.211560            
4.039107            
4.093449            
3.521376            
5.926018            
5.870412            
5.546203            
3.550536            
5.679849            
7.703104            
5.055094            
6.479284            
4.553884            
5.035446            
4.261176            
3.654141            
4.046310            
6.298462            
4.739737            
6.489543            
5.022052            
5.750384            
3.823227            
8.485759            
6.138057            
8.281885            
4.854011            
5.390107            
4.585111            
4.928595            
5.063495            
6.907811            
5.555502            
5.896614            
5.137022            
4.566260            
4.447347            
4.304835            
4.752742            
4.956057            
4.645900            
3.071115            
6.190685            
4.614007            
4.278639            
4.326061            
5.633441            
4.843699            
6.064595            
5.693194            
4.516241            
5.197895            
5.214902            
4.260483            
4.556849            
7.197039            
7.268220            
6.768211            
8.911264            
4.068938            
5.764435            
5.150571            
5.741224            
4.381827            
5.737931            
5.951945            
10.023544           
3.980761            
7.880137            
3.802239            
7.282031            
6.195280            
7.193604            
3.801975            
8.190345            
6.659086            
6.060111            
4.065776            
8.154781            
5.874131            
6.514315            
5.365826            
5.944623            
4.771279            
4.395415            
5.896856            
4.098465            
3.222945            
7.632412            
4.699478            
5.517230            
4.432426            
3.994763            
5.187460            
5.247023            
3.371250            
3.902034            
5.954357            
5.663428            
4.142887            
4.393787            
6.108482            
4.680311            
3.352100            
5.684525            
4.993799            
5.574509            
4.504735            
3.800772            
5.036396            
5.159928            
4.213681            
4.494731            
4.381911            
4.575578            
4.607294            
6.625937            
4.379412            
6.660277            
3.774483            
6.149072            
10.236617           
4.956057            
9.298000            
3.588531            
3.931175            
7.145495            
3.377215            
5.301885            
6.517896            
4.858909            
4.270964            
5.333005            
5.216962            
4.401039            
5.329211            
6.822824            
5.433865            
6.031599            
5.051979            
3.908305            
3.491550            
4.565347            
7.980321            
5.853245            
4.077760            
4.197025            
4.248536            
6.933680            
5.040882            
5.510210            
7.135987            
6.691777            
5.274578            
4.982177            
5.037823            
4.479518            
6.578107            
6.566909            
3.959794            
5.056855            
4.563889            
6.475153            
9.735476            
6.181947            
5.623227            
4.479829            
8.280608            
5.166956            
5.323078            
4.837851            
4.162307            
5.972884            
5.624109            
5.561642            
6.072384            
3.799053            
4.153279            
3.163908            
3.833702            
3.861860            
5.031509            
4.075458            
4.849512            
4.032713            
3.587677            
3.889230            
7.010532            
5.762585            
3.768416            
4.632807            
5.192283            
3.788840            
6.284088            
5.639477            
4.117635            
6.760382            
7.093525            
8.650994            
4.959769            
4.869962            
3.577016            
7.614650            
5.788340            
3.861860            
7.517842            
3.914345            
3.890884            
4.873650            
5.406809            
6.022829            
4.885159            
6.095358            
10.294717           
4.491787            
6.839781            
5.906264            
5.442782            
3.735263            
3.791081            
6.072439            
4.512065            
4.479829            
5.683802            
9.043573            
5.251383            
3.946306            
4.583902            
6.152150            
4.375841            
5.470614            
4.353250            
6.734921            
9.252305            
5.236907            
6.196006            
6.369642            
4.257953            
4.098139            
5.518864            
4.474038            
3.611146            
3.365545            
5.678190            
3.889526            
6.405333            
7.535035            
5.891848            
5.052125            
4.602179            
3.323393            
5.103731            
4.496133            
5.097961            
7.839797            
4.909265            
5.666564            
5.984924            
5.529848            
3.498616            
4.841269            
7.564881            
4.497486            
6.244180            
4.474038            
5.253234            
4.907009            
5.676287            
7.334796            
5.568645            
5.288393            
3.628524            
6.635419            
5.448241            
5.852505            
6.257919            
6.522524            
5.275453            
4.788282            
5.102447            
7.009539            
4.120208            
2.670213            
3.983020            
5.017197            
6.218830            
4.729186            
5.727951            
3.962025            
4.000190            
3.505138            
4.165473            
4.100214            
4.220111            
4.153581            
6.264175            
7.286623            
5.118206            
4.379412            
6.534133            
3.863885            
4.205223            
6.638184            
4.571557            
4.267372            
3.598837            
7.037160            
4.274585            
3.799053            
5.180033            
4.533683            
5.552563            
6.123008            
8.699411            
4.726398            
4.750004            
6.734767            
5.077581            
3.938404            
4.974468            
4.031030            
5.703238            
5.453044            
6.620513            
3.584894            
4.239242            
4.686493            
6.275033            
4.063772            
6.400235            
4.514389            
5.647346            
5.549055            
3.771607            
5.629916            
4.327035            
5.729555            
4.093449            
7.478091            
9.655345            
3.954481            
4.753708            
5.393460            
5.033025            
3.578936            
4.217403            
4.765775            
4.768820            
6.198293            
4.794162            
3.806886            
5.189925            
3.428397            
7.593226            
7.395482            
4.289504            
4.757271            
5.832724            
7.087762            
3.939088            
5.174120            
6.035223            
6.765914            
4.531671            
5.061041            
6.689346            
4.967836            
5.078481            
3.721561            
5.296795            
4.067389            
5.616422            
6.031794            
4.481716            
3.410876            
4.276606            
4.750004            
6.482699            
3.588192            
4.474330            
4.435398            
5.424429            
3.669135            
5.183613            
3.415059            
4.697727            
5.326631            
4.732144            
6.105947            
4.527260            
4.511327            
6.634885            
7.767685            
10.739754           
5.366318            
5.421231            
5.475417            
5.127208            
7.854594            
4.770772            
6.480772            
5.519876            
4.797651            
5.331736            
3.552279            
6.016886            
4.063772            
4.657294            
6.272052            
5.806050            
6.912826            
6.287606            
6.124697            
4.146567            
5.395590            
4.832516            
5.127108            
4.271378            
4.821032            
3.700503            
5.453003            
2.977789            
5.500468            
5.803236            
5.350331            
8.101996            
5.338649            
7.007271            
8.623345            
5.792610            
4.872573            
3.442284            
6.213751            
8.950035            
6.618627            
5.191823            
4.205526            
7.194689            
8.716960            
4.641911            
5.630761            
5.760599            
4.725995            
7.585388            
4.748429            
5.015091            
6.413104            
4.507864            
5.473032            
8.078944            
5.569065            
4.748429            
8.778070            
6.224192            
6.553324            
8.707927            
4.215849            
4.322106            
6.928849            
3.425313            
6.858484            
4.138028            
3.999969            
4.321678            
4.046317            
5.423919            
4.270144            
5.079509            
4.856044            
4.129655            
5.279646            
4.608207            
5.456824            
4.640730            
6.125548            
7.144749            
4.604807            
7.371588            
4.791972            
6.028450            
3.871579            
7.399607            
3.809733            
6.314252            
5.951889            
4.246920            
5.175732            
5.163173            
6.014991            
4.168349            
4.704314            
8.539214            
3.736983            
5.929050            
4.576226            
3.926898            
4.667153            
3.647525            
5.891848            
5.297659            
4.142887            
5.146186            
5.836882            
4.142022            
4.981424            
5.655000            
5.846209            
4.753946            
4.702537            
5.392127            
6.175435            
4.674746            
4.608649            
5.493149            
4.097153            
6.104429            
5.585146            
5.181025            
4.377525            
4.887988            
8.422665            
4.900400            
4.610179            
5.148525            
2.340562            
5.724175            
4.237277            
5.313276            
6.309601            
4.204021            
5.080827            
6.454086            
5.774985            
4.862017            
4.581842            
3.141614            
6.618406            
3.064822            
4.797651            
5.398292            
7.765980            
4.075021            
5.954327            
5.899719            
10.015639           
6.025197            
6.317952            
3.776331            
2.528264            
4.560372            
4.291326            
5.884358            
6.650088            
6.840327            
4.757271            
5.700268            
3.784200            
3.918480            
7.344415            
4.967399            
5.384023            
