6.025095            
4.260063            
3.758336            
3.523130            
5.470399            
3.785596            
7.362582            
4.086377            
6.523497            
6.092867            
6.797591            
5.415550            
5.314818            
4.519373            
3.820345            
4.674920            
5.254714            
4.611855            
5.085110            
3.583896            
5.442721            
6.235145            
3.495663            
4.200081            
5.862652            
4.971308            
5.607580            
6.005274            
4.892910            
4.658901            
5.021470            
4.793561            
3.189596            
3.303230            
4.883670            
3.996390            
7.298691            
5.750936            
3.498211            
6.042816            
6.397160            
3.715596            
3.274811            
4.717907            
5.242025            
5.560352            
5.595671            
4.234904            
4.459162            
6.255075            
6.251997            
6.020659            
10.241336           
4.307397            
7.832238            
4.699090            
3.677072            
4.350282            
5.807323            
7.555857            
4.141770            
3.555745            
5.207829            
5.546381            
5.684576            
3.764096            
5.141032            
3.868822            
5.078632            
6.581608            
4.119904            
6.076894            
4.998599            
5.395882            
6.020245            
5.540332            
4.532180            
4.302123            
6.325149            
3.786077            
3.811931            
8.155090            
4.381841            
7.760798            
2.772716            
4.626859            
8.728029            
5.304884            
5.049947            
4.422089            
5.928877            
3.730702            
4.594871            
3.769616            
3.686214            
6.846664            
6.158760            
9.759735            
2.964855            
4.258242            
4.708221            
5.528861            
4.097069            
4.474876            
6.152868            
4.292171            
3.775668            
6.723470            
5.539764            
7.437647            
5.387147            
4.182712            
4.950200            
6.938559            
2.544408            
4.198845            
6.020245            
3.127819            
6.247979            
3.048266            
4.877039            
5.621650            
4.384568            
5.304668            
3.658137            
5.149552            
4.418023            
5.820232            
4.569070            
6.091608            
6.481984            
4.115222            
7.367328            
4.852007            
5.807781            
6.235585            
6.994997            
3.512306            
4.360544            
5.718996            
4.712044            
6.968955            
4.952680            
3.543136            
4.765254            
5.555852            
5.826602            
3.868822            
6.846598            
5.601488            
4.041050            
4.003629            
5.003931            
5.750828            
5.562034            
3.529171            
5.795314            
7.428082            
8.796390            
5.687027            
6.990753            
6.340252            
5.371415            
6.347513            
4.728485            
5.486489            
6.565949            
6.235021            
4.862180            
6.222124            
6.279880            
6.003846            
4.812487            
6.034476            
7.345662            
3.939003            
6.327964            
4.733239            
3.841029            
5.441012            
3.782130            
4.831054            
4.069532            
4.671079            
4.092093            
4.902905            
5.832322            
6.608376            
5.607619            
6.717325            
6.152732            
3.271353            
5.769939            
5.935547            
4.351839            
6.507380            
3.266324            
3.689892            
4.978992            
5.766705            
4.514121            
4.333823            
3.183168            
4.727249            
6.066501            
7.874544            
3.545384            
5.149157            
6.535429            
3.455829            
6.200678            
3.563935            
4.693623            
4.641395            
7.809628            
5.145928            
7.877002            
4.978965            
6.581457            
8.864670            
3.774007            
4.039214            
4.358925            
4.617261            
5.212360            
5.558385            
5.146712            
4.853925            
6.976259            
4.954359            
5.711872            
6.624788            
4.031369            
7.294674            
5.625428            
5.430713            
4.668916            
6.410268            
3.891984            
4.141770            
5.466903            
5.344912            
5.599231            
3.905982            
7.050414            
6.951003            
4.186800            
6.423019            
5.037505            
6.207096            
5.814372            
5.543644            
4.267934            
3.823920            
6.218178            
5.146135            
3.037929            
4.030176            
4.950448            
5.752218            
4.444542            
3.162578            
5.881778            
4.305050            
6.080094            
7.411508            
6.091229            
7.243634            
8.139521            
5.336207            
5.619441            
5.406319            
5.504589            
6.390131            
4.290274            
5.210031            
6.143329            
8.148141            
4.881936            
4.427906            
4.182590            
4.180483            
6.199231            
4.427547            
4.570244            
4.431520            
3.577402            
5.866311            
5.846260            
5.748003            
5.962248            
6.677934            
6.863587            
4.611830            
5.950203            
5.242588            
3.768998            
6.467758            
5.614658            
5.579360            
4.999263            
7.203797            
5.552118            
4.054630            
3.132203            
5.363021            
3.526431            
4.545781            
4.769531            
5.702140            
4.710090            
4.996927            
4.681608            
3.775439            
6.165445            
4.831865            
5.198339            
5.062677            
5.404959            
4.696157            
5.783985            
4.394533            
3.894990            
5.701907            
3.464069            
4.338818            
5.014008            
4.807674            
4.395298            
6.786358            
4.252611            
5.641716            
5.142010            
5.577296            
5.389588            
6.020301            
3.413829            
7.261019            
6.145157            
7.674119            
7.959959            
6.908221            
6.149718            
6.270371            
4.246947            
5.050302            
4.455465            
7.216799            
5.296602            
5.680403            
5.668290            
3.606981            
6.529867            
6.025574            
6.272212            
5.872586            
4.516200            
5.255283            
4.532841            
5.632348            
5.888574            
3.960813            
5.953334            
5.005020            
6.153743            
5.578243            
4.398084            
9.573758            
4.696561            
5.863684            
5.371936            
5.364436            
4.313710            
4.297437            
6.087199            
5.230420            
3.907837            
5.554607            
3.514535            
8.475224            
5.336207            
2.934694            
4.732678            
3.012444            
4.383486            
6.870095            
3.164073            
7.475658            
3.515855            
7.239787            
3.826767            
5.951051            
4.035710            
4.766639            
3.654161            
5.100621            
3.936424            
5.642946            
5.752716            
7.720980            
6.088802            
5.038136            
4.344441            
5.612681            
8.254078            
8.945228            
6.083081            
6.873399            
5.391984            
5.546738            
3.687227            
4.099458            
5.376086            
4.520509            
6.786664            
5.078445            
3.678611            
4.562713            
4.364109            
4.387462            
4.014615            
5.338793            
7.426117            
5.178872            
5.011569            
4.285050            
5.319965            
5.213994            
5.671545            
4.133153            
3.392871            
5.651958            
5.262061            
8.974642            
5.629168            
4.684459            
4.782977            
4.504074            
7.859958            
4.465995            
3.936955            
5.808617            
4.993981            
5.997136            
4.270486            
7.015444            
3.426696            
5.270188            
4.360549            
4.693274            
6.381088            
5.030787            
8.509528            
4.623900            
4.314738            
6.946963            
8.845421            
6.211053            
5.260115            
3.606133            
4.371732            
4.453241            
4.459595            
7.466547            
4.955075            
4.314580            
5.450250            
5.448513            
5.352519            
3.460170            
3.569005            
3.735429            
3.290145            
5.818218            
4.300956            
3.532633            
4.569236            
4.830509            
4.449886            
3.919028            
3.679084            
4.770348            
6.192151            
6.924566            
4.074354            
9.096363            
3.586526            
3.933532            
5.218687            
4.929955            
4.800363            
9.095922            
3.181219            
6.029294            
4.554571            
7.168007            
6.304520            
5.906258            
3.863845            
5.049947            
4.837272            
7.599026            
5.898524            
3.094516            
4.725961            
5.298963            
6.197492            
4.674635            
3.563935            
8.306525            
3.909014            
7.064891            
8.333780            
5.149552            
5.906258            
4.031673            
7.655100            
3.314803            
5.149552            
4.239216            
5.527571            
5.285486            
4.765731            
5.023906            
5.373251            
5.446433            
5.507371            
3.472041            
5.451768            
3.076383            
4.080999            
5.214073            
3.143190            
3.592402            
4.069497            
8.465252            
4.120677            
3.545000            
4.229539            
6.405610            
4.398967            
3.818766            
6.750910            
4.230108            
6.192151            
4.641395            
4.186800            
4.898124            
4.376745            
4.257908            
8.837374            
5.476649            
4.777303            
4.470677            
6.629115            
5.091043            
4.165996            
5.214583            
5.508320            
4.661581            
8.917549            
3.545934            
5.718395            
4.390969            
4.463447            
6.078787            
3.689892            
4.375192            
5.674296            
5.635194            
4.450899            
4.322263            
3.545384            
4.776840            
4.864310            
6.578587            
5.621132            
6.079702            
4.558087            
5.615651            
4.629551            
6.487387            
5.247598            
4.873434            
5.610289            
5.225600            
5.418532            
7.586731            
3.094516            
5.844069            
5.041278            
3.560150            
6.011130            
6.376755            
5.244857            
10.721046           
4.251928            
5.751719            
3.887542            
5.525960            
3.790825            
7.655100            
4.599288            
3.625966            
4.372780            
5.340569            
3.834208            
5.873338            
3.882703            
4.418083            
5.769797            
9.118344            
4.447477            
5.445971            
4.754515            
4.275963            
4.555129            
3.847069            
7.281129            
3.400639            
4.455465            
4.484786            
3.986544            
4.500251            
4.085051            
4.751557            
3.568877            
4.656429            
4.525862            
6.387295            
6.221394            
5.050489            
4.591390            
5.769797            
4.706893            
5.940467            
10.427753           
4.165996            
7.102591            
4.750533            
4.770348            
6.690897            
7.816674            
5.287681            
5.841228            
6.990721            
5.952176            
5.833853            
7.689248            
6.032433            
6.371663            
5.120876            
7.303075            
5.301374            
4.677702            
5.041278            
8.937710            
4.406748            
4.351440            
5.225942            
3.891824            
6.299964            
6.828297            
6.812447            
6.587081            
5.413266            
6.777332            
3.687735            
3.771340            
7.096960            
4.552715            
4.397609            
5.859798            
4.165996            
4.766639            
4.360549            
4.683911            
6.358544            
4.078413            
6.939314            
4.963747            
3.776665            
5.241829            
4.398084            
5.805652            
4.805606            
5.248370            
6.506752            
3.270100            
7.185341            
6.407768            
4.375606            
5.146712            
4.076327            
7.020591            
5.979645            
5.831533            
3.292114            
5.286808            
4.554755            
8.838171            
6.280600            
5.560684            
4.078569            
2.666601            
4.633415            
5.229569            
8.050211            
4.872786            
3.432658            
6.522575            
3.412938            
6.941673            
6.965361            
8.395752            
4.564207            
7.721751            
5.614110            
4.672642            
5.550074            
4.728485            
6.575762            
5.288966            
5.240006            
4.865229            
6.624135            
3.546252            
3.039484            
4.030176            
4.915113            
6.557379            
5.981418            
4.525862            
6.230303            
4.396443            
5.596171            
6.550677            
6.486329            
7.293383            
3.838337            
3.664031            
4.387462            
6.238982            
4.433447            
3.865089            
5.770193            
4.258242            
3.945359            
3.413934            
5.897294            
4.567766            
4.476868            
4.192809            
5.034190            
6.016191            
7.271039            
4.664523            
5.698060            
5.240006            
3.677072            
6.149759            
4.018759            
4.684459            
4.119904            
9.207989            
4.426514            
5.013578            
5.581446            
6.051199            
3.993868            
7.626179            
7.231514            
6.845767            
7.271057            
5.436688            
5.221511            
4.504979            
6.870701            
5.402956            
5.610981            
5.245670            
6.368872            
5.039698            
5.558385            
4.873560            
5.517847            
4.032020            
2.676499            
3.883773            
3.814642            
7.999920            
3.491526            
6.312013            
6.717449            
3.362638            
5.303647            
5.292652            
6.096231            
6.223888            
4.708221            
4.085103            
9.495001            
4.818016            
4.284340            
5.378696            
7.432101            
5.255283            
9.054008            
5.437528            
5.321294            
8.625952            
6.193581            
5.528956            
4.873434            
6.429340            
5.626054            
4.664234            
6.236092            
4.976838            
5.943753            
5.942411            
5.187014            
3.314803            
4.188776            
4.129551            
5.382569            
6.701226            
4.615378            
6.063580            
3.758296            
3.807268            
4.584844            
3.868454            
4.210417            
4.181441            
2.585270            
3.592402            
4.277066            
6.157120            
8.460544            
7.954000            
3.183168            
4.188776            
3.970931            
6.569342            
5.749573            
4.019251            
5.798876            
5.184910            
5.328238            
5.847689            
3.775668            
4.159471            
4.631407            
6.600586            
5.547339            
4.641378            
5.286057            
7.065328            
4.413262            
6.629115            
5.114176            
5.558469            
3.699904            
5.440802            
4.401246            
6.097262            
5.374329            
5.285494            
6.775115            
4.730146            
3.897693            
7.760373            
5.425070            
5.925621            
5.553409            
9.252375            
5.275463            
4.488851            
6.257556            
3.436269            
4.331267            
3.563971            
6.082310            
4.601921            
4.285050            
4.031723            
3.847069            
6.360674            
5.020694            
5.389114            
5.819302            
3.617070            
12.200397           
5.148864            
3.266594            
6.210484            
8.433892            
5.391916            
6.997825            
5.810802            
5.885125            
6.745773            
6.569570            
4.976025            
5.514599            
4.199690            
6.065056            
6.522948            
5.126134            
3.518800            
4.744085            
4.387462            
5.466903            
6.017463            
4.041050            
3.889864            
5.514599            
2.764149            
5.674069            
5.769797            
5.189615            
6.138246            
4.664234            
5.951051            
4.156576            
5.597606            
6.856067            
5.781056            
5.387384            
5.805381            
6.137834            
4.835576            
3.183168            
6.077527            
7.516524            
5.846857            
3.506044            
4.854676            
6.269378            
6.766743            
4.404525            
8.921483            
4.323402            
3.459120            
7.802791            
6.855737            
6.618468            
7.097330            
4.418999            
6.149718            
4.871009            
3.094516            
5.167797            
4.780862            
4.438449            
4.330599            
4.801576            
6.837030            
7.138088            
4.544121            
4.967055            
5.617556            
5.145928            
3.734231            
4.684459            
6.116188            
6.270183            
3.624295            
3.991761            
4.558087            
3.587410            
5.090440            
4.902804            
5.596171            
4.638001            
4.982366            
6.599023            
6.976259            
3.569005            
4.444020            
7.099379            
4.879411            
3.630846            
6.038419            
9.229958            
4.456915            
9.250124            
7.594852            
3.686536            
7.676435            
3.439909            
3.626446            
3.927488            
9.157521            
4.626450            
7.931349            
7.084220            
5.951230            
