226                             1                   1e-17               464                 99.57               4.66                17.53               3883542.00          2                   1.20                1.67                1.67                46731.00            22.462656           120.475133          F 
229                             1                   1e-17               464                 99.57               4.66                17.53               3883542.00          2                   0.44                4.52                4.53                17275.00            22.441421           120.512509          F 
219                             1                   1e-17               464                 99.57               4.66                17.53               3883542.00          0                   0.27                0                   0                   10364.00            22.479807           120.518056          F 
221                             1                   1e-17               464                 99.57               4.66                17.53               3883542.00          1                   0.39                2.54                2.54                15378.00            22.515282           120.500660          F 
223                             1                   1e-17               464                 99.57               4.66                17.53               3883542.00          2                   0.87                2.30                2.30                33939.00            22.517190           120.450143          F 
216                             1                   1e-17               464                 99.57               4.66                17.53               3883542.00          1                   0.48                2.09                2.10                18620.00            22.429806           120.547612          F 
284                             1                   1e-17               464                 99.57               4.66                17.53               3883542.00          11                  1.78                6.17                6.27                69478.00            22.508137           120.399052          F 
224                             1                   1e-17               464                 99.57               4.66                17.53               3883542.00          0                   0.25                0                   0                   9561.00             22.486763           120.584626          F 
232                             1                   1e-17               464                 99.57               4.66                17.53               3883542.00          3                   1.38                2.17                2.18                53842.00            22.536429           120.556806          F 
238                             1                   1e-17               464                 99.57               4.66                17.53               3883542.00          1                   1.29                0.78                0.78                50126.00            22.588495           120.476619          F 
227                             1                   1e-17               464                 99.57               4.66                17.53               3883542.00          4                   0.61                6.59                6.63                23680.00            22.403342           120.597584          F 
237                             1                   1e-17               464                 99.57               4.66                17.53               3883542.00          1                   0.43                2.35                2.35                16615.00            22.588556           120.526638          F 
279                             1                   1e-17               464                 99.57               4.66                17.53               3883542.00          3                   4.03                0.74                0.74                157356.00           22.551402           120.359261          F 
247                             1                   1e-17               464                 99.57               4.66                17.53               3883542.00          4                   2.88                1.39                1.39                112265.00           22.592836           120.411147          F 
235                             1                   1e-17               464                 99.57               4.66                17.53               3883542.00          0                   0.31                0                   0                   12121.00            22.340003           120.371047          F 
239                             1                   1e-17               464                 99.57               4.66                17.53               3883542.00          0                   0.52                0                   0                   20189.00            22.582335           120.601817          F 
280                             1                   1e-17               464                 99.57               4.66                17.53               3883542.00          27                  9.22                2.93                3.02                359576.00           22.613793           120.355436          F 
246                             1                   1e-17               464                 99.57               4.66                17.53               3883542.00          0                   0.28                0                   0                   10770.00            22.648764           120.529969          F 
217                             1                   1e-17               464                 99.57               4.66                17.53               3883542.00          0                   0.19                0                   0                   7448.00             22.501572           120.685723          F 
220                             1                   1e-17               464                 99.57               4.66                17.53               3883542.00          5                   5.07                0.99                0.99                197647.00           22.664738           120.479995          F 
277                             1                   1e-17               464                 99.57               4.66                17.53               3883542.00          23                  5.48                4.20                4.33                213613.00           22.585656           120.289154          F 
225                             1                   1e-17               464                 99.57               4.66                17.53               3883542.00          1                   0.13                7.88                7.90                4947.00             22.403998           120.697580          F 
276                             1                   1e-17               464                 99.57               4.66                17.53               3883542.00          10                  4.29                2.33                2.35                167280.00           22.623594           120.320910          F 
218                             1                   1e-17               464                 99.57               4.66                17.53               3883542.00          0                   1.37                0                   0                   53330.00            22.651169           120.588822          F 
251                             1                   1e-17               464                 99.57               4.66                17.53               3883542.00          6                   1.15                5.21                5.25                44938.00            22.662493           120.372778          F 
274                             1                   1e-17               464                 99.57               4.66                17.53               3883542.00          1                   1.29                0.77                0.77                50490.00            22.629929           120.306734          F 
275                             1                   1e-17               464                 99.57               4.66                17.53               3883542.00          2                   0.68                2.93                2.93                26668.00            22.626991           120.294422          F 
273                             1                   1e-17               464                 99.57               4.66                17.53               3883542.00          18                  8.64                2.08                2.12                336868.00           22.649899           120.317919          F 
269                             1                   1e-17               464                 99.57               4.66                17.53               3883542.00          1                   0.60                1.66                1.66                23553.00            22.624246           120.284233          F 
242                             1                   1e-17               464                 99.57               4.66                17.53               3883542.00          2                   0.76                2.65                2.65                29470.00            22.694550           120.555979          F 
230                             1                   1e-17               464                 99.57               4.66                17.53               3883542.00          1                   0.14                7.29                7.30                5351.00             22.604085           120.691793          F 
248                             1                   1e-17               464                 99.57               4.66                17.53               3883542.00          10                  1.07                9.34                9.48                41764.00            22.711004           120.425407          F 
228                             1                   1e-17               464                 99.57               4.66                17.53               3883542.00          1                   0.13                7.44                7.45                5240.00             22.270870           120.656767          F 
249                             1                   1e-17               464                 99.57               4.66                17.53               3883542.00          8                   0.88                9.09                9.20                34324.00            22.701208           120.360526          F 
270                             1                   1e-17               464                 99.57               4.66                17.53               3883542.00          9                   3.63                2.48                2.50                141488.00           22.650195           120.274163          F 
215                             1                   1e-17               464                 99.57               4.66                17.53               3883542.00          1                   0.56                1.78                1.78                21962.00            22.731668           120.484504          F 
271                             1                   1e-17               464                 99.57               4.66                17.53               3883542.00          53                  5.06                10.48               11.40               197306.00           22.683957           120.295159          F 
236                             1                   1e-17               464                 99.57               4.66                17.53               3883542.00          1                   0.19                5.22                5.23                7471.00             22.671078           120.679924          F 
245                             1                   1e-17               464                 99.57               4.66                17.53               3883542.00          1                   0.64                1.56                1.56                24999.00            22.742536           120.569394          F 
250                             1                   1e-17               464                 99.57               4.66                17.53               3883542.00          2                   2.36                0.85                0.85                91893.00            22.739835           120.370799          F 
272                             1                   1e-17               464                 99.57               4.66                17.53               3883542.00          59                  4.86                12.15               13.37               189426.00           22.721100           120.300758          F 
234                             1                   1e-17               464                 99.57               4.66                17.53               3883542.00          2                   0.12                16.12               16.17               4839.00             22.260849           120.735645          F 
252                             1                   1e-17               464                 99.57               4.66                17.53               3883542.00          8                   1.00                8.01                8.11                38955.00            22.752524           120.300653          F 
241                             1                   1e-17               464                 99.57               4.66                17.53               3883542.00          2                   0.66                3.03                3.04                25707.00            22.798548           120.506128          F 
253                             1                   1e-17               464                 99.57               4.66                17.53               3883542.00          4                   0.76                5.29                5.32                29493.00            22.787696           120.370799          F 
119                             1                   1e-17               464                 99.57               4.66                17.53               3883542.00          0                   0.089               0                   0                   3489.00             22.384307           120.835524          F 
261                             1                   1e-17               464                 99.57               4.66                17.53               3883542.00          19                  0.91                20.86               21.52               35517.00            22.748209           120.259399          F 
244                             1                   1e-17               464                 99.57               4.66                17.53               3883542.00          0                   0.61                0                   0                   23775.00            22.809920           120.601768          F 
120                             1                   1e-17               464                 99.57               4.66                17.53               3883542.00          0                   0.095               0                   0                   3699.00             22.581617           120.857038          F 
281                             1                   1e-17               464                 99.57               4.66                17.53               3883542.00          7                   2.48                2.82                2.84                96841.00            22.805059           120.297891          F 
260                             1                   1e-17               464                 99.57               4.66                17.53               3883542.00          3                   0.48                6.20                6.23                18872.00            22.779445           120.239457          F 
214                             1                   1e-17               464                 99.57               4.66                17.53               3883542.00          2                   0.20                10.14               10.18               7689.00             22.797868           120.686522          F 
110                             1                   1e-17               464                 99.57               4.66                17.53               3883542.00          0                   0.15                0                   0                   5727.00             22.383595           120.899170          F 
282                             1                   1e-17               464                 99.57               4.66                17.53               3883542.00          0                   0.92                0                   0                   35764.00            22.864970           120.475455          F 
254                             1                   1e-17               464                 99.57               4.66                17.53               3883542.00          1                   0.18                5.64                5.64                6919.00             22.863943           120.395984          F 
243                             1                   1e-17               464                 99.57               4.66                17.53               3883542.00          0                   0.083               0                   0                   3247.00             22.759905           120.800810          F 
259                             1                   1e-17               464                 99.57               4.66                17.53               3883542.00          1                   0.35                2.85                2.85                13705.00            22.822246           120.228051          F 
255                             1                   1e-17               464                 99.57               4.66                17.53               3883542.00          2                   0.73                2.75                2.76                28331.00            22.870229           120.321097          F 
256                             1                   1e-17               464                 99.57               4.66                17.53               3883542.00          7                   1.33                5.28                5.33                51726.00            22.857242           120.265987          F 
233                             1                   1e-17               464                 99.57               4.66                17.53               3883542.00          0                   0.12                0                   0                   4865.00             22.155529           120.817361          F 
283                             1                   1e-17               464                 99.57               4.66                17.53               3883542.00          2                   0.99                2.02                2.02                38611.00            22.900055           120.563463          F 
240                             1                   1e-17               464                 99.57               4.66                17.53               3883542.00          13                  0.21                61.25               62.59               8278.00             22.079156           120.743263          F 
111                             1                   1e-17               464                 99.57               4.66                17.53               3883542.00          0                   0.28                0                   0                   10925.00            22.590981           120.979764          F 
257                             1                   1e-17               464                 99.57               4.66                17.53               3883542.00          4                   0.77                5.22                5.25                29882.00            22.893250           120.225937          F 
258                             1                   1e-17               464                 99.57               4.66                17.53               3883542.00          42                  0.77                54.68               58.74               29960.00            22.882414           120.198052          F 
265                             1                   1e-17               464                 99.57               4.66                17.53               3883542.00          0                   0.36                0                   0                   13976.00            22.956688           120.471927          F 
173                             1                   1e-17               464                 99.57               4.66                17.53               3883542.00          0                   0.097               0                   0                   3768.00             22.954823           120.386937          F 
170                             1                   1e-17               464                 99.57               4.66                17.53               3883542.00          0                   0.87                0                   0                   33941.00            22.955779           120.334282          F 
165                             1                   1e-17               464                 99.57               4.66                17.53               3883542.00          1                   1.75                0.57                0.57                68164.00            22.946795           120.293063          F 
266                             1                   1e-17               464                 99.57               4.66                17.53               3883542.00          0                   0.049               0                   0                   1915.00             22.919933           120.752384          F 
140                             1                   1e-17               464                 99.57               4.66                17.53               3883542.00          16                  1.96                8.17                8.37                76385.00            22.941309           120.241879          F 
231                             1                   1e-17               464                 99.57               4.66                17.53               3883542.00          0                   0.19                0                   0                   7471.00             22.049300           120.843568          F 
264                             1                   1e-17               464                 99.57               4.66                17.53               3883542.00          1                   0.30                3.38                3.38                11541.00            22.996947           120.562197          F 
222                             1                   1e-17               464                 99.57               4.66                17.53               3883542.00          15                  0.78                19.24               19.71               30414.00            21.985316           120.763254          F 
146                             1                   1e-17               464                 99.57               4.66                17.53               3883542.00          35                  3.17                11.03               11.65               123789.00           22.955619           120.190374          F 
259                             2                   1e-17               261                 26.37               9.90                16.83               1028352.00          1                   0.35                2.85                2.85                13705.00            22.822246           120.228051          T 
260                             2                   1e-17               261                 26.37               9.90                16.83               1028352.00          3                   0.48                6.20                6.23                18872.00            22.779445           120.239457          T 
256                             2                   1e-17               261                 26.37               9.90                16.83               1028352.00          7                   1.33                5.28                5.33                51726.00            22.857242           120.265987          T 
258                             2                   1e-17               261                 26.37               9.90                16.83               1028352.00          42                  0.77                54.68               58.74               29960.00            22.882414           120.198052          T 
281                             2                   1e-17               261                 26.37               9.90                16.83               1028352.00          7                   2.48                2.82                2.84                96841.00            22.805059           120.297891          T 
257                             2                   1e-17               261                 26.37               9.90                16.83               1028352.00          4                   0.77                5.22                5.25                29882.00            22.893250           120.225937          T 
261                             2                   1e-17               261                 26.37               9.90                16.83               1028352.00          19                  0.91                20.86               21.52               35517.00            22.748209           120.259399          T 
252                             2                   1e-17               261                 26.37               9.90                16.83               1028352.00          8                   1.00                8.01                8.11                38955.00            22.752524           120.300653          T 
255                             2                   1e-17               261                 26.37               9.90                16.83               1028352.00          2                   0.73                2.75                2.76                28331.00            22.870229           120.321097          T 
140                             2                   1e-17               261                 26.37               9.90                16.83               1028352.00          16                  1.96                8.17                8.37                76385.00            22.941309           120.241879          T 
272                             2                   1e-17               261                 26.37               9.90                16.83               1028352.00          59                  4.86                12.15               13.37               189426.00           22.721100           120.300758          T 
253                             2                   1e-17               261                 26.37               9.90                16.83               1028352.00          4                   0.76                5.29                5.32                29493.00            22.787696           120.370799          T 
146                             2                   1e-17               261                 26.37               9.90                16.83               1028352.00          35                  3.17                11.03               11.65               123789.00           22.955619           120.190374          T 
165                             2                   1e-17               261                 26.37               9.90                16.83               1028352.00          1                   1.75                0.57                0.57                68164.00            22.946795           120.293063          T 
271                             2                   1e-17               261                 26.37               9.90                16.83               1028352.00          53                  5.06                10.48               11.40               197306.00           22.683957           120.295159          T 
222                             3                   1e-17               28                  0.99                28.22               29.57               38692.00            15                  0.78                19.24               19.71               30414.00            21.985316           120.763254          T 
240                             3                   1e-17               28                  0.99                28.22               29.57               38692.00            13                  0.21                61.25               62.59               8278.00             22.079156           120.743263          T 
276                             4                   0.0000000000000216  97                  34.98               2.77                3.12                1364474.00          10                  4.29                2.33                2.35                167280.00           22.623594           120.320910          T 
274                             4                   0.0000000000000216  97                  34.98               2.77                3.12                1364474.00          1                   1.29                0.77                0.77                50490.00            22.629929           120.306734          T 
275                             4                   0.0000000000000216  97                  34.98               2.77                3.12                1364474.00          2                   0.68                2.93                2.93                26668.00            22.626991           120.294422          T 
273                             4                   0.0000000000000216  97                  34.98               2.77                3.12                1364474.00          18                  8.64                2.08                2.12                336868.00           22.649899           120.317919          T 
280                             4                   0.0000000000000216  97                  34.98               2.77                3.12                1364474.00          27                  9.22                2.93                3.02                359576.00           22.613793           120.355436          T 
269                             4                   0.0000000000000216  97                  34.98               2.77                3.12                1364474.00          1                   0.60                1.66                1.66                23553.00            22.624246           120.284233          T 
277                             4                   0.0000000000000216  97                  34.98               2.77                3.12                1364474.00          23                  5.48                4.20                4.33                213613.00           22.585656           120.289154          T 
270                             4                   0.0000000000000216  97                  34.98               2.77                3.12                1364474.00          9                   3.63                2.48                2.50                141488.00           22.650195           120.274163          T 
251                             4                   0.0000000000000216  97                  34.98               2.77                3.12                1364474.00          6                   1.15                5.21                5.25                44938.00            22.662493           120.372778          T 
217                             5                   0.000115            62                  28.95               2.14                2.27                1129208.00          0                   0.19                0                   0                   7448.00             22.501572           120.685723          T 
224                             5                   0.000115            62                  28.95               2.14                2.27                1129208.00          0                   0.25                0                   0                   9561.00             22.486763           120.584626          T 
225                             5                   0.000115            62                  28.95               2.14                2.27                1129208.00          1                   0.13                7.88                7.90                4947.00             22.403998           120.697580          T 
230                             5                   0.000115            62                  28.95               2.14                2.27                1129208.00          1                   0.14                7.29                7.30                5351.00             22.604085           120.691793          T 
239                             5                   0.000115            62                  28.95               2.14                2.27                1129208.00          0                   0.52                0                   0                   20189.00            22.582335           120.601817          T 
232                             5                   0.000115            62                  28.95               2.14                2.27                1129208.00          3                   1.38                2.17                2.18                53842.00            22.536429           120.556806          T 
227                             5                   0.000115            62                  28.95               2.14                2.27                1129208.00          4                   0.61                6.59                6.63                23680.00            22.403342           120.597584          T 
216                             5                   0.000115            62                  28.95               2.14                2.27                1129208.00          1                   0.48                2.09                2.10                18620.00            22.429806           120.547612          T 
219                             5                   0.000115            62                  28.95               2.14                2.27                1129208.00          0                   0.27                0                   0                   10364.00            22.479807           120.518056          T 
236                             5                   0.000115            62                  28.95               2.14                2.27                1129208.00          1                   0.19                5.22                5.23                7471.00             22.671078           120.679924          T 
237                             5                   0.000115            62                  28.95               2.14                2.27                1129208.00          1                   0.43                2.35                2.35                16615.00            22.588556           120.526638          T 
229                             5                   0.000115            62                  28.95               2.14                2.27                1129208.00          2                   0.44                4.52                4.53                17275.00            22.441421           120.512509          T 
221                             5                   0.000115            62                  28.95               2.14                2.27                1129208.00          1                   0.39                2.54                2.54                15378.00            22.515282           120.500660          T 
218                             5                   0.000115            62                  28.95               2.14                2.27                1129208.00          0                   1.37                0                   0                   53330.00            22.651169           120.588822          T 
120                             5                   0.000115            62                  28.95               2.14                2.27                1129208.00          0                   0.095               0                   0                   3699.00             22.581617           120.857038          T 
119                             5                   0.000115            62                  28.95               2.14                2.27                1129208.00          0                   0.089               0                   0                   3489.00             22.384307           120.835524          T 
226                             5                   0.000115            62                  28.95               2.14                2.27                1129208.00          2                   1.20                1.67                1.67                46731.00            22.462656           120.475133          T 
246                             5                   0.000115            62                  28.95               2.14                2.27                1129208.00          0                   0.28                0                   0                   10770.00            22.648764           120.529969          T 
238                             5                   0.000115            62                  28.95               2.14                2.27                1129208.00          1                   1.29                0.78                0.78                50126.00            22.588495           120.476619          T 
223                             5                   0.000115            62                  28.95               2.14                2.27                1129208.00          2                   0.87                2.30                2.30                33939.00            22.517190           120.450143          T 
242                             5                   0.000115            62                  28.95               2.14                2.27                1129208.00          2                   0.76                2.65                2.65                29470.00            22.694550           120.555979          T 
110                             5                   0.000115            62                  28.95               2.14                2.27                1129208.00          0                   0.15                0                   0                   5727.00             22.383595           120.899170          T 
228                             5                   0.000115            62                  28.95               2.14                2.27                1129208.00          1                   0.13                7.44                7.45                5240.00             22.270870           120.656767          T 
234                             5                   0.000115            62                  28.95               2.14                2.27                1129208.00          2                   0.12                16.12               16.17               4839.00             22.260849           120.735645          T 
220                             5                   0.000115            62                  28.95               2.14                2.27                1129208.00          5                   5.07                0.99                0.99                197647.00           22.664738           120.479995          T 
245                             5                   0.000115            62                  28.95               2.14                2.27                1129208.00          1                   0.64                1.56                1.56                24999.00            22.742536           120.569394          T 
284                             5                   0.000115            62                  28.95               2.14                2.27                1129208.00          11                  1.78                6.17                6.27                69478.00            22.508137           120.399052          T 
247                             5                   0.000115            62                  28.95               2.14                2.27                1129208.00          4                   2.88                1.39                1.39                112265.00           22.592836           120.411147          T 
243                             5                   0.000115            62                  28.95               2.14                2.27                1129208.00          0                   0.083               0                   0                   3247.00             22.759905           120.800810          T 
111                             5                   0.000115            62                  28.95               2.14                2.27                1129208.00          0                   0.28                0                   0                   10925.00            22.590981           120.979764          T 
215                             5                   0.000115            62                  28.95               2.14                2.27                1129208.00          1                   0.56                1.78                1.78                21962.00            22.731668           120.484504          T 
214                             5                   0.000115            62                  28.95               2.14                2.27                1129208.00          2                   0.20                10.14               10.18               7689.00             22.797868           120.686522          T 
279                             5                   0.000115            62                  28.95               2.14                2.27                1129208.00          3                   4.03                0.74                0.74                157356.00           22.551402           120.359261          T 
244                             5                   0.000115            62                  28.95               2.14                2.27                1129208.00          0                   0.61                0                   0                   23775.00            22.809920           120.601768          T 
248                             5                   0.000115            62                  28.95               2.14                2.27                1129208.00          10                  1.07                9.34                9.48                41764.00            22.711004           120.425407          T 
263                             6                   0.288               3                   0.15                19.91               20.00               5877.00             3                   0.15                19.91               20.00               5877.00             23.116550           120.623289          F 
