117                             1                   0.000000000000575   30                  7.55                3.97                48.57               5468589.00          0                   0.0052              0                   0                   3775.00             22.660175           121.490195          T 
109                             1                   0.000000000000575   30                  7.55                3.97                48.57               5468589.00          0                   0.15                0                   0                   106759.00           22.751657           121.110365          T 
114                             1                   0.000000000000575   30                  7.55                3.97                48.57               5468589.00          0                   0.012               0                   0                   8847.00             22.980069           121.251792          T 
123                             1                   0.000000000000575   30                  7.55                3.97                48.57               5468589.00          0                   0.011               0                   0                   8107.00             22.951257           121.156038          T 
108                             1                   0.000000000000575   30                  7.55                3.97                48.57               5468589.00          0                   0.024               0                   0                   17507.00            22.764945           121.001552          T 
122                             1                   0.000000000000575   30                  7.55                3.97                48.57               5468589.00          0                   0.012               0                   0                   8923.00             23.037807           121.176620          T 
111                             1                   0.000000000000575   30                  7.55                3.97                48.57               5468589.00          0                   0.016               0                   0                   11374.00            22.590981           120.979764          T 
113                             1                   0.000000000000575   30                  7.55                3.97                48.57               5468589.00          0                   0.020               0                   0                   14652.00            23.126637           121.353798          T 
115                             1                   0.000000000000575   30                  7.55                3.97                48.57               5468589.00          0                   0.012               0                   0                   8488.00             23.092487           121.218450          T 
112                             1                   0.000000000000575   30                  7.55                3.97                48.57               5468589.00          0                   0.0049              0                   0                   3575.00             22.903432           120.983190          T 
128                             1                   0.000000000000575   30                  7.55                3.97                48.57               5468589.00          0                   0.015               0                   0                   10633.00            23.196721           121.298049          T 
120                             1                   0.000000000000575   30                  7.55                3.97                48.57               5468589.00          0                   0.0050              0                   0                   3586.00             22.581617           120.857038          T 
110                             1                   0.000000000000575   30                  7.55                3.97                48.57               5468589.00          0                   0.0087              0                   0                   6324.00             22.383595           120.899170          T 
118                             1                   0.000000000000575   30                  7.55                3.97                48.57               5468589.00          0                   0.0070              0                   0                   5045.00             22.046168           121.550833          T 
116                             1                   0.000000000000575   30                  7.55                3.97                48.57               5468589.00          0                   0.0060              0                   0                   4322.00             23.114785           121.017567          T 
243                             1                   0.000000000000575   30                  7.55                3.97                48.57               5468589.00          0                   0.0046              0                   0                   3329.00             22.759905           120.800810          T 
119                             1                   0.000000000000575   30                  7.55                3.97                48.57               5468589.00          0                   0.0050              0                   0                   3589.00             22.384307           120.835524          T 
121                             1                   0.000000000000575   30                  7.55                3.97                48.57               5468589.00          0                   0.010               0                   0                   7579.00             23.334769           121.426173          T 
130                             1                   0.000000000000575   30                  7.55                3.97                48.57               5468589.00          0                   0.035               0                   0                   25013.00            23.371436           121.360448          T 
266                             1                   0.000000000000575   30                  7.55                3.97                48.57               5468589.00          0                   0.0026              0                   0                   1890.00             22.919933           120.752384          T 
230                             1                   0.000000000000575   30                  7.55                3.97                48.57               5468589.00          0                   0.0072              0                   0                   5217.00             22.604085           120.691793          T 
236                             1                   0.000000000000575   30                  7.55                3.97                48.57               5468589.00          0                   0.011               0                   0                   7999.00             22.671078           120.679924          T 
214                             1                   0.000000000000575   30                  7.55                3.97                48.57               5468589.00          0                   0.011               0                   0                   7701.00             22.797868           120.686522          T 
217                             1                   0.000000000000575   30                  7.55                3.97                48.57               5468589.00          0                   0.010               0                   0                   7570.00             22.501572           120.685723          T 
225                             1                   0.000000000000575   30                  7.55                3.97                48.57               5468589.00          0                   0.0066              0                   0                   4806.00             22.403998           120.697580          T 
125                             1                   0.000000000000575   30                  7.55                3.97                48.57               5468589.00          0                   0.0083              0                   0                   6037.00             23.390629           121.180422          T 
233                             1                   0.000000000000575   30                  7.55                3.97                48.57               5468589.00          0                   0.0066              0                   0                   4767.00             22.155529           120.817361          T 
234                             1                   0.000000000000575   30                  7.55                3.97                48.57               5468589.00          0                   0.0066              0                   0                   4806.00             22.260849           120.735645          T 
267                             1                   0.000000000000575   30                  7.55                3.97                48.57               5468589.00          0                   0.0059              0                   0                   4239.00             23.224946           120.852338          T 
239                             1                   0.000000000000575   30                  7.55                3.97                48.57               5468589.00          0                   0.029               0                   0                   20765.00            22.582335           120.601817          T 
218                             1                   0.000000000000575   30                  7.55                3.97                48.57               5468589.00          0                   0.077               0                   0                   55644.00            22.651169           120.588822          T 
244                             1                   0.000000000000575   30                  7.55                3.97                48.57               5468589.00          0                   0.035               0                   0                   25163.00            22.809920           120.601768          T 
262                             1                   0.000000000000575   30                  7.55                3.97                48.57               5468589.00          0                   0.019               0                   0                   13467.00            23.011954           120.658563          T 
245                             1                   0.000000000000575   30                  7.55                3.97                48.57               5468589.00          0                   0.036               0                   0                   26361.00            22.742536           120.569394          T 
224                             1                   0.000000000000575   30                  7.55                3.97                48.57               5468589.00          0                   0.014               0                   0                   10058.00            22.486763           120.584626          T 
231                             1                   0.000000000000575   30                  7.55                3.97                48.57               5468589.00          0                   0.011               0                   0                   7999.00             22.049300           120.843568          T 
131                             1                   0.000000000000575   30                  7.55                3.97                48.57               5468589.00          0                   0.016               0                   0                   11926.00            23.515612           121.407347          T 
242                             1                   0.000000000000575   30                  7.55                3.97                48.57               5468589.00          0                   0.042               0                   0                   30305.00            22.694550           120.555979          T 
228                             1                   0.000000000000575   30                  7.55                3.97                48.57               5468589.00          1                   0.0078              128.32              132.43              5644.00             22.270870           120.656767          T 
227                             1                   0.000000000000575   30                  7.55                3.97                48.57               5468589.00          0                   0.035               0                   0                   25120.00            22.403342           120.597584          T 
232                             1                   0.000000000000575   30                  7.55                3.97                48.57               5468589.00          1                   0.076               13.24               13.63               54719.00            22.536429           120.556806          T 
246                             1                   0.000000000000575   30                  7.55                3.97                48.57               5468589.00          0                   0.016               0                   0                   11231.00            22.648764           120.529969          T 
283                             1                   0.000000000000575   30                  7.55                3.97                48.57               5468589.00          0                   0.056               0                   0                   40810.00            22.900055           120.563463          T 
237                             1                   0.000000000000575   30                  7.55                3.97                48.57               5468589.00          0                   0.024               0                   0                   17544.00            22.588556           120.526638          T 
216                             1                   0.000000000000575   30                  7.55                3.97                48.57               5468589.00          0                   0.027               0                   0                   19905.00            22.429806           120.547612          T 
240                             1                   0.000000000000575   30                  7.55                3.97                48.57               5468589.00          0                   0.012               0                   0                   8917.00             22.079156           120.743263          T 
219                             1                   0.000000000000575   30                  7.55                3.97                48.57               5468589.00          0                   0.015               0                   0                   10857.00            22.479807           120.518056          T 
241                             1                   0.000000000000575   30                  7.55                3.97                48.57               5468589.00          0                   0.037               0                   0                   27040.00            22.798548           120.506128          T 
264                             1                   0.000000000000575   30                  7.55                3.97                48.57               5468589.00          0                   0.017               0                   0                   12383.00            22.996947           120.562197          T 
263                             1                   0.000000000000575   30                  7.55                3.97                48.57               5468589.00          0                   0.0087              0                   0                   6291.00             23.116550           120.623289          T 
268                             1                   0.000000000000575   30                  7.55                3.97                48.57               5468589.00          0                   0.0043              0                   0                   3149.00             23.275008           120.741944          T 
135                             1                   0.000000000000575   30                  7.55                3.97                48.57               5468589.00          0                   0.0063              0                   0                   4541.00             23.585194           121.494233          T 
221                             1                   0.000000000000575   30                  7.55                3.97                48.57               5468589.00          0                   0.022               0                   0                   16155.00            22.515282           120.500660          T 
229                             1                   0.000000000000575   30                  7.55                3.97                48.57               5468589.00          0                   0.026               0                   0                   18896.00            22.441421           120.512509          T 
215                             1                   0.000000000000575   30                  7.55                3.97                48.57               5468589.00          1                   0.031               32.79               33.81               22090.00            22.731668           120.484504          T 
220                             1                   0.000000000000575   30                  7.55                3.97                48.57               5468589.00          0                   0.28                0                   0                   202562.00           22.664738           120.479995          T 
238                             1                   0.000000000000575   30                  7.55                3.97                48.57               5468589.00          0                   0.071               0                   0                   51647.00            22.588495           120.476619          T 
222                             1                   0.000000000000575   30                  7.55                3.97                48.57               5468589.00          1                   0.043               23.46               24.18               30874.00            21.985316           120.763254          T 
282                             1                   0.000000000000575   30                  7.55                3.97                48.57               5468589.00          0                   0.052               0                   0                   37770.00            22.864970           120.475455          T 
226                             1                   0.000000000000575   30                  7.55                3.97                48.57               5468589.00          0                   0.066               0                   0                   48058.00            22.462656           120.475133          T 
223                             1                   0.000000000000575   30                  7.55                3.97                48.57               5468589.00          0                   0.050               0                   0                   36217.00            22.517190           120.450143          T 
145                             1                   0.000000000000575   30                  7.55                3.97                48.57               5468589.00          0                   0.012               0                   0                   8893.00             23.115111           120.544122          T 
248                             1                   0.000000000000575   30                  7.55                3.97                48.57               5468589.00          0                   0.060               0                   0                   43161.00            22.711004           120.425407          T 
265                             1                   0.000000000000575   30                  7.55                3.97                48.57               5468589.00          0                   0.021               0                   0                   14978.00            22.956688           120.471927          T 
124                             1                   0.000000000000575   30                  7.55                3.97                48.57               5468589.00          0                   0.018               0                   0                   13219.00            23.646587           121.435123          T 
247                             1                   0.000000000000575   30                  7.55                3.97                48.57               5468589.00          0                   0.15                0                   0                   111663.00           22.592836           120.411147          T 
284                             1                   0.000000000000575   30                  7.55                3.97                48.57               5468589.00          0                   0.097               0                   0                   70401.00            22.508137           120.399052          T 
254                             1                   0.000000000000575   30                  7.55                3.97                48.57               5468589.00          0                   0.010               0                   0                   7473.00             22.863943           120.395984          T 
192                             1                   0.000000000000575   30                  7.55                3.97                48.57               5468589.00          0                   0.027               0                   0                   19258.00            23.440776           120.759617          T 
251                             1                   0.000000000000575   30                  7.55                3.97                48.57               5468589.00          0                   0.061               0                   0                   43965.00            22.662493           120.372778          T 
164                             1                   0.000000000000575   30                  7.55                3.97                48.57               5468589.00          0                   0.014               0                   0                   10032.00            23.178859           120.517030          T 
250                             1                   0.000000000000575   30                  7.55                3.97                48.57               5468589.00          0                   0.11                0                   0                   82614.00            22.739835           120.370799          T 
178                             1                   0.000000000000575   30                  7.55                3.97                48.57               5468589.00          0                   0.021               0                   0                   15113.00            23.288484           120.589647          T 
253                             1                   0.000000000000575   30                  7.55                3.97                48.57               5468589.00          1                   0.042               24.04               24.79               30124.00            22.787696           120.370799          T 
249                             1                   0.000000000000575   30                  7.55                3.97                48.57               5468589.00          0                   0.048               0                   0                   34566.00            22.701208           120.360526          T 
280                             1                   0.000000000000575   30                  7.55                3.97                48.57               5468589.00          3                   0.49                6.10                6.63                356320.00           22.613793           120.355436          T 
279                             1                   0.000000000000575   30                  7.55                3.97                48.57               5468589.00          1                   0.22                4.64                4.75                156256.00           22.551402           120.359261          T 
167                             1                   0.000000000000575   30                  7.55                3.97                48.57               5468589.00          0                   0.020               0                   0                   14388.00            23.114809           120.460962          T 
156                             1                   0.000000000000575   30                  7.55                3.97                48.57               5468589.00          0                   0.0070              0                   0                   5071.00             23.026046           120.412392          T 
173                             1                   0.000000000000575   30                  7.55                3.97                48.57               5468589.00          0                   0.0058              0                   0                   4196.00             22.954823           120.386937          T 
134                             1                   0.000000000000575   30                  7.55                3.97                48.57               5468589.00          0                   0.0089              0                   0                   6420.00             23.727726           121.318953          T 
276                             1                   0.000000000000575   30                  7.55                3.97                48.57               5468589.00          0                   0.24                0                   0                   174515.00           22.623594           120.320910          T 
273                             1                   0.000000000000575   30                  7.55                3.97                48.57               5468589.00          0                   0.48                0                   0                   346169.00           22.649899           120.317919          T 
235                             1                   0.000000000000575   30                  7.55                3.97                48.57               5468589.00          0                   0.017               0                   0                   12517.00            22.340003           120.371047          T 
136                             1                   0.000000000000575   30                  7.55                3.97                48.57               5468589.00          0                   0.015               0                   0                   11115.00            23.743245           121.469885          T 
287                             1                   0.000000000000575   30                  7.55                3.97                48.57               5468589.00          0                   0.019               0                   0                   13715.00            23.655465           121.021287          T 
274                             1                   0.000000000000575   30                  7.55                3.97                48.57               5468589.00          0                   0.072               0                   0                   51955.00            22.629929           120.306734          T 
255                             1                   0.000000000000575   30                  7.55                3.97                48.57               5468589.00          0                   0.040               0                   0                   29319.00            22.870229           120.321097          T 
272                             1                   0.000000000000575   30                  7.55                3.97                48.57               5468589.00          4                   0.25                16.10               18.26               179931.00           22.721100           120.300758          T 
252                             1                   0.000000000000575   30                  7.55                3.97                48.57               5468589.00          0                   0.052               0                   0                   37317.00            22.752524           120.300653          T 
271                             1                   0.000000000000575   30                  7.55                3.97                48.57               5468589.00          4                   0.27                14.76               16.73               196244.00           22.683957           120.295159          T 
275                             1                   0.000000000000575   30                  7.55                3.97                48.57               5468589.00          0                   0.038               0                   0                   27388.00            22.626991           120.294422          T 
170                             1                   0.000000000000575   30                  7.55                3.97                48.57               5468589.00          0                   0.048               0                   0                   34719.00            22.955779           120.334282          T 
281                             1                   0.000000000000575   30                  7.55                3.97                48.57               5468589.00          0                   0.14                0                   0                   97827.00            22.805059           120.297891          T 
277                             1                   0.000000000000575   30                  7.55                3.97                48.57               5468589.00          2                   0.31                6.54                6.91                221601.00           22.585656           120.289154          T 
269                             1                   0.000000000000575   30                  7.55                3.97                48.57               5468589.00          0                   0.035               0                   0                   25032.00            22.624246           120.284233          T 
148                             1                   0.000000000000575   30                  7.55                3.97                48.57               5468589.00          0                   0.014               0                   0                   10054.00            23.144822           120.398815          T 
189                             1                   0.000000000000575   30                  7.55                3.97                48.57               5468589.00          0                   0.045               0                   0                   32797.00            23.427657           120.607534          T 
155                             1                   0.000000000000575   30                  7.55                3.97                48.57               5468589.00          0                   0.010               0                   0                   7437.00             23.096893           120.370977          T 
270                             1                   0.000000000000575   30                  7.55                3.97                48.57               5468589.00          2                   0.19                10.60               11.24               136665.00           22.650195           120.274163          T 
158                             1                   0.000000000000575   30                  7.55                3.97                48.57               5468589.00          0                   0.061               0                   0                   43828.00            23.033945           120.335796          T 
261                             1                   0.000000000000575   30                  7.55                3.97                48.57               5468589.00          0                   0.050               0                   0                   36429.00            22.748209           120.259399          T 
165                             1                   0.000000000000575   30                  7.55                3.97                48.57               5468589.00          0                   0.094               0                   0                   67906.00            22.946795           120.293063          T 
162                             1                   0.000000000000575   30                  7.55                3.97                48.57               5468589.00          0                   0.030               0                   0                   21603.00            23.278319           120.444121          T 
256                             1                   0.000000000000575   30                  7.55                3.97                48.57               5468589.00          0                   0.073               0                   0                   53033.00            22.857242           120.265987          T 
176                             1                   0.000000000000575   30                  7.55                3.97                48.57               5468589.00          0                   0.028               0                   0                   20010.00            23.404090           120.536531          T 
260                             1                   0.000000000000575   30                  7.55                3.97                48.57               5468589.00          0                   0.027               0                   0                   19655.00            22.779445           120.239457          T 
142                             1                   0.000000000000575   30                  7.55                3.97                48.57               5468589.00          0                   0.031               0                   0                   22586.00            23.227267           120.380026          T 
168                             1                   0.000000000000575   30                  7.55                3.97                48.57               5468589.00          1                   0.040               24.74               25.51               29271.00            23.351321           120.457856          T 
259                             1                   0.000000000000575   30                  7.55                3.97                48.57               5468589.00          0                   0.020               0                   0                   14152.00            22.822246           120.228051          T 
190                             1                   0.000000000000575   30                  7.55                3.97                48.57               5468589.00          0                   0.022               0                   0                   16119.00            23.503765           120.596577          T 
153                             1                   0.000000000000575   30                  7.55                3.97                48.57               5468589.00          0                   0.030               0                   0                   21685.00            23.190985           120.347992          T 
159                             1                   0.000000000000575   30                  7.55                3.97                48.57               5468589.00          0                   0.050               0                   0                   35853.00            23.083195           120.292394          T 
140                             1                   0.000000000000575   30                  7.55                3.97                48.57               5468589.00          0                   0.10                0                   0                   73887.00            22.941309           120.241879          T 
127                             1                   0.000000000000575   30                  7.55                3.97                48.57               5468589.00          1                   0.025               39.81               41.06               18195.00            23.844597           121.534157          T 
257                             1                   0.000000000000575   30                  7.55                3.97                48.57               5468589.00          0                   0.041               0                   0                   29615.00            22.893250           120.225937          T 
185                             1                   0.000000000000575   30                  7.55                3.97                48.57               5468589.00          0                   0.016               0                   0                   11865.00            23.555355           120.638746          T 
166                             1                   0.000000000000575   30                  7.55                3.97                48.57               5468589.00          2                   0.32                6.28                6.63                230806.00           23.027295           120.254279          T 
147                             1                   0.000000000000575   30                  7.55                3.97                48.57               5468589.00          0                   0.065               0                   0                   46933.00            23.140311           120.298827          T 
161                             1                   0.000000000000575   30                  7.55                3.97                48.57               5468589.00          1                   0.26                3.83                3.93                188865.00           22.981782           120.228186          T 
163                             1                   0.000000000000575   30                  7.55                3.97                48.57               5468589.00          0                   0.030               0                   0                   21629.00            23.268870           120.354920          T 
258                             1                   0.000000000000575   30                  7.55                3.97                48.57               5468589.00          0                   0.042               0                   0                   30551.00            22.882414           120.198052          T 
143                             1                   0.000000000000575   30                  7.55                3.97                48.57               5468589.00          0                   0.18                0                   0                   132651.00           23.010122           120.206873          T 
146                             1                   0.000000000000575   30                  7.55                3.97                48.57               5468589.00          2                   0.17                11.52               12.22               125738.00           22.955619           120.190374          T 
151                             1                   0.000000000000575   30                  7.55                3.97                48.57               5468589.00          0                   0.042               0                   0                   30331.00            23.099749           120.229624          T 
139                             1                   0.000000000000575   30                  7.55                3.97                48.57               5468589.00          0                   0.11                0                   0                   77498.00            22.995945           120.192874          T 
174                             1                   0.000000000000575   30                  7.55                3.97                48.57               5468589.00          2                   0.17                11.79               12.51               122900.00           23.481703           120.470624          T 
