5.308096            
4.943038            
5.753327            
5.740295            
4.247902            
6.786543            
4.568592            
4.095601            
3.973903            
3.051719            
5.687679            
7.142440            
8.601042            
5.191910            
6.278904            
5.147651            
4.302584            
5.753044            
4.853245            
3.268682            
3.714566            
6.774697            
6.692403            
5.119016            
4.535024            
6.474288            
3.351546            
3.848623            
4.491179            
8.171829            
5.125225            
5.902067            
3.078139            
3.526411            
4.967471            
4.727682            
4.184243            
5.432342            
5.058735            
5.803356            
3.715141            
4.611922            
4.096437            
3.820438            
3.635965            
4.803103            
3.884917            
3.196513            
5.052602            
6.019109            
4.790513            
4.595976            
3.422472            
7.985721            
3.068737            
5.821978            
6.190116            
4.594663            
4.687856            
4.149776            
3.867682            
4.011874            
5.771736            
7.142411            
4.202167            
5.800592            
4.757751            
6.399936            
4.122188            
4.685242            
4.685121            
5.191910            
4.038539            
3.351741            
7.300127            
4.413964            
4.570009            
4.502256            
4.047672            
4.190370            
5.097131            
5.133331            
4.787854            
3.445881            
4.093839            
5.229764            
7.266930            
7.562294            
4.711059            
4.615396            
6.895219            
4.889654            
4.498976            
5.096969            
2.733403            
3.850852            
4.771451            
5.992700            
3.727751            
4.263198            
3.766685            
5.093721            
2.100354            
9.273124            
5.654084            
7.257138            
4.551598            
7.219673            
6.069673            
7.135835            
3.952462            
3.786728            
3.202492            
5.116671            
3.545739            
5.471432            
2.509317            
5.653969            
4.739587            
6.682000            
5.406331            
6.020732            
5.508021            
4.641655            
5.384564            
6.443675            
4.653995            
3.283832            
6.247598            
3.298514            
5.016344            
6.509993            
5.514735            
2.142867            
3.826759            
5.529934            
4.526541            
2.326436            
4.084986            
3.117790            
5.932570            
5.981477            
8.796242            
4.053311            
6.544261            
7.293839            
8.029272            
3.426737            
4.533924            
5.953445            
4.199919            
4.659792            
2.974295            
3.708752            
4.361520            
3.579978            
7.832928            
5.455664            
3.062521            
6.278904            
7.180270            
4.038539            
3.422035            
4.700189            
5.682240            
5.794634            
7.906272            
5.800592            
4.879444            
2.862512            
7.676987            
4.798494            
6.652799            
8.056452            
5.514735            
7.959371            
3.701819            
4.075390            
4.122188            
3.053398            
4.344747            
3.526526            
5.632309            
5.340087            
5.276269            
5.942413            
8.090582            
4.154385            
5.427838            
5.812644            
8.289409            
7.739829            
4.038539            
8.861246            
3.063602            
3.138960            
2.687106            
3.421319            
4.059404            
7.105495            
3.526995            
3.564194            
4.710300            
4.516589            
4.568931            
3.703860            
4.403957            
4.040917            
6.888484            
3.669716            
2.810205            
5.251225            
3.109707            
4.086732            
5.060814            
6.075428            
5.056447            
8.514625            
4.442873            
7.402472            
4.761327            
4.549580            
5.116457            
3.173959            
7.149295            
7.294960            
5.598363            
6.184943            
5.872114            
4.872491            
4.254210            
2.873356            
8.143654            
3.115232            
5.855948            
5.314736            
4.344747            
7.159349            
4.289494            
6.993610            
4.272496            
4.194763            
5.848805            
6.205972            
7.044386            
5.414937            
5.901791            
6.268601            
4.884712            
3.928885            
5.620155            
3.373900            
7.745971            
4.862511            
3.634379            
4.443472            
4.965632            
6.348212            
4.396727            
3.862161            
6.354554            
8.584065            
7.440949            
2.864610            
5.305911            
5.403924            
3.687264            
8.003379            
8.909241            
5.452429            
5.353435            
5.544826            
7.943127            
6.502743            
5.809756            
4.129070            
5.488290            
4.069620            
5.151589            
5.326357            
4.147385            
5.907765            
5.455867            
4.740542            
4.123053            
4.299488            
6.288483            
5.975309            
6.118497            
6.533160            
4.211207            
5.607506            
2.937050            
4.737564            
6.614528            
4.827129            
7.165453            
3.879709            
3.460951            
4.040549            
4.524367            
3.888363            
5.656863            
4.111151            
6.712530            
5.555482            
5.072455            
4.462388            
3.668939            
6.163881            
5.490988            
5.612846            
3.610193            
9.955194            
7.142411            
4.696271            
3.115232            
5.549063            
4.086098            
4.789427            
5.283731            
5.903286            
6.495272            
3.928885            
5.889277            
5.043647            
6.797611            
5.082967            
6.165589            
4.620848            
5.811216            
5.722124            
4.645206            
4.826890            
4.631898            
3.587837            
3.881488            
4.443472            
6.368438            
3.917839            
8.254718            
4.260010            
6.205635            
7.516724            
4.155597            
4.700189            
4.575495            
7.130053            
4.040338            
6.470477            
4.872644            
4.797282            
4.162031            
5.646529            
5.214248            
5.835377            
5.475017            
2.615330            
4.892186            
2.862512            
5.993410            
4.509481            
6.193877            
4.608069            
6.729516            
5.549091            
3.786510            
5.801369            
4.840996            
4.175141            
6.302630            
4.684590            
2.604076            
2.560753            
4.631898            
3.092154            
3.316585            
5.756395            
3.417794            
3.701183            
3.165001            
5.151073            
4.350674            
3.868324            
8.552221            
6.715441            
5.800910            
4.187011            
5.538669            
6.231973            
5.502013            
4.811225            
3.330107            
7.818230            
5.154421            
5.785254            
4.056881            
3.746094            
5.749044            
5.392023            
3.935904            
4.700189            
8.195427            
3.247491            
4.058628            
5.246120            
6.585888            
7.019669            
3.867614            
4.442961            
3.480271            
6.478103            
4.770561            
3.740525            
6.089221            
5.086064            
2.588607            
4.854106            
5.470630            
4.019182            
5.379322            
3.041079            
5.879381            
4.725570            
4.038539            
6.846913            
5.149061            
3.727751            
3.892204            
4.026199            
6.061990            
6.039927            
5.141058            
3.770916            
4.700768            
4.637816            
4.171118            
5.948716            
4.633214            
6.204087            
6.025488            
5.313879            
6.023467            
6.786020            
7.049958            
7.016882            
5.665445            
5.432065            
5.020476            
7.759936            
4.107368            
5.594132            
3.898990            
6.144680            
4.488721            
2.919565            
8.145875            
6.163485            
5.233588            
3.907498            
3.402137            
3.270602            
5.970349            
3.863705            
6.401170            
5.800592            
4.047672            
5.178501            
4.723071            
4.558591            
8.048774            
3.210565            
3.268682            
7.567425            
4.340232            
3.819116            
3.422066            
6.666013            
5.092405            
3.862161            
6.263953            
2.928020            
5.130556            
7.003791            
4.783732            
8.017506            
5.736840            
4.004137            
4.847004            
7.921115            
5.364510            
6.192755            
5.107769            
4.976056            
8.903032            
8.636131            
3.266301            
3.907498            
7.304243            
5.436085            
4.275862            
5.582773            
4.779360            
5.255807            
4.271383            
6.852064            
4.646610            
3.422111            
4.895153            
10.522722           
3.615261            
4.570042            
4.977839            
6.327905            
3.438024            
4.941423            
3.017188            
3.433568            
8.550742            
4.417857            
3.282494            
6.318680            
4.120526            
5.348086            
5.656863            
4.111132            
5.065972            
8.397273            
4.397828            
2.805146            
4.942908            
4.565121            
6.591363            
5.142377            
3.390028            
5.821208            
6.786680            
4.558591            
4.025761            
5.155733            
5.977255            
5.850837            
5.006801            
3.326097            
3.917276            
3.395622            
6.361190            
2.763564            
5.886372            
5.341486            
3.468081            
4.710300            
4.632451            
4.790513            
3.802230            
6.841698            
5.042553            
5.801460            
5.092405            
5.788506            
4.638006            
4.820687            
4.541377            
3.142143            
5.672863            
5.488290            
4.906299            
5.058226            
4.970581            
3.610538            
5.246162            
4.195243            
3.147627            
3.905619            
4.328122            
4.099131            
3.565508            
5.925509            
5.363504            
4.606188            
5.591609            
4.088309            
5.382951            
4.199221            
6.597932            
3.554248            
4.037960            
5.675931            
3.576871            
3.687264            
3.991020            
7.466294            
3.592741            
5.821208            
3.101520            
4.732037            
4.372268            
7.300295            
2.823737            
5.093077            
4.042430            
5.970349            
3.922455            
11.012933           
3.714680            
5.844901            
4.499885            
3.832841            
4.937885            
5.427676            
5.353806            
4.765953            
3.560003            
5.507693            
5.609577            
4.222295            
6.259480            
6.024926            
4.575116            
4.616146            
4.230359            
5.475017            
6.977659            
3.944906            
5.657436            
5.254590            
6.023467            
4.455530            
5.504734            
5.483594            
4.545545            
5.595903            
5.710560            
6.212540            
5.160654            
5.158774            
3.780634            
3.456092            
4.430231            
4.025761            
6.982305            
5.695808            
4.037582            
4.366060            
4.066682            
2.972427            
2.651626            
4.432619            
5.116069            
6.064701            
4.684165            
5.832742            
8.642482            
2.345213            
8.171829            
2.823737            
5.850837            
5.435375            
4.969065            
7.058354            
5.326318            
5.442688            
4.639414            
5.591609            
3.708752            
4.989037            
4.982119            
3.073018            
3.635892            
4.613988            
4.768151            
5.219014            
4.164100            
4.358323            
4.558033            
6.303610            
5.861737            
6.214034            
4.118976            
6.565588            
8.371120            
6.499764            
4.752939            
3.899030            
4.344747            
5.508492            
3.562036            
3.480271            
6.003929            
4.971630            
3.426659            
3.726414            
3.719789            
7.270593            
4.250927            
4.894580            
5.879079            
3.593512            
3.610193            
3.658668            
4.206947            
4.545545            
4.130864            
4.651527            
4.561884            
4.929674            
3.658997            
3.814350            
5.598100            
4.463787            
3.653031            
4.484140            
5.082750            
4.638006            
3.877228            
5.945279            
4.945624            
5.474925            
4.443304            
3.545739            
6.151187            
4.074173            
5.519048            
4.827652            
5.689917            
4.430391            
3.430853            
5.794411            
5.879972            
6.022896            
6.487583            
4.642827            
4.335948            
4.811773            
7.346332            
3.460951            
4.516858            
3.247491            
5.152631            
3.493726            
6.208300            
3.460951            
3.580457            
4.787002            
5.710560            
3.626366            
3.651342            
4.232815            
3.822713            
2.860482            
5.693153            
5.704029            
3.225432            
3.994085            
2.824729            
6.445518            
3.648031            
5.017361            
4.076504            
8.014881            
6.732831            
6.100812            
4.091700            
4.961044            
4.927008            
4.628605            
6.779326            
8.651083            
4.332959            
4.055930            
5.800910            
3.382672            
3.462171            
4.161184            
6.024208            
4.800104            
3.443255            
3.666304            
3.819956            
6.513613            
4.659792            
9.796417            
5.883430            
4.508836            
4.593559            
3.739672            
4.155597            
5.470630            
3.583054            
3.422066            
3.422035            
3.460670            
4.069802            
6.766999            
6.274341            
5.361612            
4.155656            
2.814281            
6.437493            
5.942506            
9.044219            
5.616440            
3.853071            
3.787550            
6.496359            
7.142411            
4.012689            
3.006834            
6.980053            
5.276095            
9.446562            
4.467344            
4.108039            
3.928885            
4.710300            
5.559405            
3.215299            
3.501035            
4.451456            
4.031541            
2.163776            
5.999566            
4.348530            
3.826215            
4.020215            
6.183250            
4.491179            
6.117770            
4.088575            
2.989116            
9.396134            
9.289347            
4.970150            
5.563176            
5.374738            
7.529995            
4.989037            
5.679685            
5.067209            
4.916375            
6.379250            
7.380066            
6.061174            
5.925509            
4.977135            
3.819116            
4.463414            
5.152757            
5.246162            
3.315950            
3.959187            
6.564667            
4.069620            
4.731817            
4.759127            
5.411089            
5.414896            
5.006695            
4.037960            
5.250304            
6.489252            
6.431906            
4.710706            
4.803103            
5.316094            
5.159171            
4.674134            
4.147900            
5.792315            
4.084961            
3.156538            
9.866047            
3.076782            
3.999029            
7.293435            
4.800104            
5.566775            
3.423399            
4.364508            
5.023426            
5.310371            
7.416074            
3.845112            
8.864926            
5.116671            
4.795142            
8.519545            
7.551806            
4.132270            
6.956706            
3.242616            
5.672188            
4.747328            
5.614073            
5.404500            
5.255448            
4.989706            
4.923786            
3.991020            
6.774697            
4.190370            
6.243269            
8.394732            
5.304700            
10.977986           
4.452301            
4.782769            
4.318510            
8.357543            
5.225485            
6.110768            
3.706890            
5.587061            
3.907498            
4.545545            
9.587189            
6.649289            
10.117284           
4.779793            
4.106338            
3.480271            
4.492543            
4.146882            
6.193877            
7.709454            
3.714401            
5.583346            
6.337954            
4.071086            
4.491179            
5.882227            
4.651424            
4.337314            
4.975593            
4.373734            
4.679987            
4.203283            
6.295159            
9.689874            
6.370336            
4.241818            
7.267545            
4.517951            
3.928885            
4.524937            
4.036897            
5.048258            
3.878763            
4.036495            
8.578779            
3.980826            
4.756990            
4.658147            
4.639414            
2.974295            
4.197775            
6.273512            
4.304849            
8.379951            
3.205235            
3.138960            
4.270239            
5.802538            
5.765135            
3.184788            
6.166922            
4.764044            
4.500288            
10.365939           
4.484935            
5.128958            
5.177085            
8.950335            
4.014982            
4.172194            
9.166726            
4.467508            
6.195130            
3.028867            
4.319362            
3.435932            
6.702323            
3.194067            
6.132042            
4.638006            
4.929674            
3.664231            
5.976607            
3.777676            
3.879293            
3.042673            
5.941497            
4.731925            
3.922148            
4.545545            
3.006834            
4.164100            
4.693453            
6.983567            
