257                             1                   1e-17               64                  1.88                34.09               63.10               310790.00           3                   0.17                17.36               17.73               28605.00            22.893250           120.225937          T 
258                             1                   1e-17               64                  1.88                34.09               63.10               310790.00           27                  0.19                139.59              173.61              32021.00            22.882414           120.198052          T 
140                             1                   1e-17               64                  1.88                34.09               63.10               310790.00           13                  0.41                31.73               34.95               67838.00            22.941309           120.241879          T 
256                             1                   1e-17               64                  1.88                34.09               63.10               310790.00           1                   0.33                3.03                3.05                54576.00            22.857242           120.265987          T 
146                             1                   1e-17               64                  1.88                34.09               63.10               310790.00           20                  0.77                25.92               30.18               127750.00           22.955619           120.190374          T 
235                             2                   0.000000855         50                  20.05               2.49                3.35                3319503.00          0                   0.076               0                   0                   12652.00            22.340003           120.371047          T 
226                             2                   0.000000855         50                  20.05               2.49                3.35                3319503.00          0                   0.31                0                   0                   50524.00            22.462656           120.475133          T 
229                             2                   0.000000855         50                  20.05               2.49                3.35                3319503.00          1                   0.13                7.77                7.82                21305.00            22.441421           120.512509          T 
284                             2                   0.000000855         50                  20.05               2.49                3.35                3319503.00          2                   0.43                4.64                4.70                71336.00            22.508137           120.399052          T 
216                             2                   0.000000855         50                  20.05               2.49                3.35                3319503.00          1                   0.13                7.60                7.65                21787.00            22.429806           120.547612          T 
223                             2                   0.000000855         50                  20.05               2.49                3.35                3319503.00          1                   0.24                4.19                4.22                39486.00            22.517190           120.450143          T 
219                             2                   0.000000855         50                  20.05               2.49                3.35                3319503.00          0                   0.073               0                   0                   12168.00            22.479807           120.518056          T 
279                             2                   0.000000855         50                  20.05               2.49                3.35                3319503.00          1                   0.92                1.09                1.09                151685.00           22.551402           120.359261          T 
221                             2                   0.000000855         50                  20.05               2.49                3.35                3319503.00          0                   0.10                0                   0                   17058.00            22.515282           120.500660          T 
227                             2                   0.000000855         50                  20.05               2.49                3.35                3319503.00          1                   0.17                6.04                6.07                27419.00            22.403342           120.597584          T 
224                             2                   0.000000855         50                  20.05               2.49                3.35                3319503.00          0                   0.067               0                   0                   11097.00            22.486763           120.584626          T 
247                             2                   0.000000855         50                  20.05               2.49                3.35                3319503.00          0                   0.66                0                   0                   109313.00           22.592836           120.411147          T 
277                             2                   0.000000855         50                  20.05               2.49                3.35                3319503.00          1                   1.39                0.72                0.72                230476.00           22.585656           120.289154          T 
232                             2                   0.000000855         50                  20.05               2.49                3.35                3319503.00          1                   0.34                2.91                2.92                56896.00            22.536429           120.556806          T 
238                             2                   0.000000855         50                  20.05               2.49                3.35                3319503.00          0                   0.33                0                   0                   54542.00            22.588495           120.476619          T 
228                             2                   0.000000855         50                  20.05               2.49                3.35                3319503.00          0                   0.038               0                   0                   6240.00             22.270870           120.656767          T 
280                             2                   0.000000855         50                  20.05               2.49                3.35                3319503.00          5                   2.05                2.44                2.50                338900.00           22.613793           120.355436          T 
237                             2                   0.000000855         50                  20.05               2.49                3.35                3319503.00          0                   0.11                0                   0                   18491.00            22.588556           120.526638          T 
276                             2                   0.000000855         50                  20.05               2.49                3.35                3319503.00          2                   1.14                1.76                1.77                188020.00           22.623594           120.320910          T 
269                             2                   0.000000855         50                  20.05               2.49                3.35                3319503.00          0                   0.17                0                   0                   28635.00            22.624246           120.284233          T 
275                             2                   0.000000855         50                  20.05               2.49                3.35                3319503.00          0                   0.18                0                   0                   29965.00            22.626991           120.294422          T 
274                             2                   0.000000855         50                  20.05               2.49                3.35                3319503.00          0                   0.35                0                   0                   57373.00            22.629929           120.306734          T 
225                             2                   0.000000855         50                  20.05               2.49                3.35                3319503.00          0                   0.030               0                   0                   5001.00             22.403998           120.697580          T 
273                             2                   0.000000855         50                  20.05               2.49                3.35                3319503.00          2                   2.16                0.93                0.93                357096.00           22.649899           120.317919          T 
251                             2                   0.000000855         50                  20.05               2.49                3.35                3319503.00          0                   0.25                0                   0                   41314.00            22.662493           120.372778          T 
239                             2                   0.000000855         50                  20.05               2.49                3.35                3319503.00          0                   0.14                0                   0                   22694.00            22.582335           120.601817          T 
270                             2                   0.000000855         50                  20.05               2.49                3.35                3319503.00          2                   0.74                2.70                2.73                122551.00           22.650195           120.274163          T 
217                             2                   0.000000855         50                  20.05               2.49                3.35                3319503.00          0                   0.047               0                   0                   7791.00             22.501572           120.685723          T 
220                             2                   0.000000855         50                  20.05               2.49                3.35                3319503.00          2                   1.30                1.53                1.54                215962.00           22.664738           120.479995          T 
246                             2                   0.000000855         50                  20.05               2.49                3.35                3319503.00          0                   0.071               0                   0                   11694.00            22.648764           120.529969          T 
234                             2                   0.000000855         50                  20.05               2.49                3.35                3319503.00          1                   0.030               33.30               33.54               4971.00             22.260849           120.735645          T 
271                             2                   0.000000855         50                  20.05               2.49                3.35                3319503.00          3                   1.12                2.67                2.71                186026.00           22.683957           120.295159          T 
249                             2                   0.000000855         50                  20.05               2.49                3.35                3319503.00          0                   0.20                0                   0                   32692.00            22.701208           120.360526          T 
218                             2                   0.000000855         50                  20.05               2.49                3.35                3319503.00          0                   0.36                0                   0                   59441.00            22.651169           120.588822          T 
248                             2                   0.000000855         50                  20.05               2.49                3.35                3319503.00          3                   0.27                11.07               11.29               44871.00            22.711004           120.425407          T 
272                             2                   0.000000855         50                  20.05               2.49                3.35                3319503.00          3                   1.02                2.94                2.99                168728.00           22.721100           120.300758          T 
242                             2                   0.000000855         50                  20.05               2.49                3.35                3319503.00          0                   0.19                0                   0                   30983.00            22.694550           120.555979          T 
230                             2                   0.000000855         50                  20.05               2.49                3.35                3319503.00          0                   0.030               0                   0                   4918.00             22.604085           120.691793          T 
250                             2                   0.000000855         50                  20.05               2.49                3.35                3319503.00          0                   0.41                0                   0                   67881.00            22.739835           120.370799          T 
215                             2                   0.000000855         50                  20.05               2.49                3.35                3319503.00          0                   0.14                0                   0                   23226.00            22.731668           120.484504          T 
252                             2                   0.000000855         50                  20.05               2.49                3.35                3319503.00          0                   0.22                0                   0                   36653.00            22.752524           120.300653          T 
261                             2                   0.000000855         50                  20.05               2.49                3.35                3319503.00          5                   0.22                22.24               23.05               37218.00            22.748209           120.259399          T 
119                             2                   0.000000855         50                  20.05               2.49                3.35                3319503.00          0                   0.023               0                   0                   3739.00             22.384307           120.835524          T 
240                             2                   0.000000855         50                  20.05               2.49                3.35                3319503.00          5                   0.061               82.10               85.18               10082.00            22.079156           120.743263          T 
236                             2                   0.000000855         50                  20.05               2.49                3.35                3319503.00          1                   0.052               19.08               19.22               8675.00             22.671078           120.679924          T 
245                             2                   0.000000855         50                  20.05               2.49                3.35                3319503.00          1                   0.17                5.96                6.00                27778.00            22.742536           120.569394          T 
253                             2                   0.000000855         50                  20.05               2.49                3.35                3319503.00          1                   0.19                5.30                5.33                31227.00            22.787696           120.370799          T 
233                             2                   0.000000855         50                  20.05               2.49                3.35                3319503.00          0                   0.029               0                   0                   4870.00             22.155529           120.817361          T 
260                             2                   0.000000855         50                  20.05               2.49                3.35                3319503.00          0                   0.13                0                   0                   20830.00            22.779445           120.239457          T 
281                             2                   0.000000855         50                  20.05               2.49                3.35                3319503.00          1                   0.58                1.72                1.73                96138.00            22.805059           120.297891          T 
241                             2                   0.000000855         50                  20.05               2.49                3.35                3319503.00          2                   0.16                12.50               12.67               26489.00            22.798548           120.506128          T 
110                             2                   0.000000855         50                  20.05               2.49                3.35                3319503.00          0                   0.043               0                   0                   7085.00             22.383595           120.899170          T 
259                             2                   0.000000855         50                  20.05               2.49                3.35                3319503.00          0                   0.086               0                   0                   14223.00            22.822246           120.228051          T 
222                             2                   0.000000855         50                  20.05               2.49                3.35                3319503.00          2                   0.19                10.58               10.72               31288.00            21.985316           120.763254          T 
