1                               0                   0.84                0                   0                   
10                              0                   0.31                0                   0                   
100                             0                   0.047               0                   0                   
101                             0                   0.072               0                   0                   
102                             0                   0.12                0                   0                   
103                             0                   1.16                0                   0                   
104                             0                   0.085               0                   0                   
105                             0                   0.13                0                   0                   
106                             0                   0.060               0                   0                   
107                             0                   0.52                0                   0                   
108                             0                   0.11                0                   0                   
109                             0                   0.67                0                   0                   
11                              0                   0.088               0                   0                   
110                             0                   0.043               0                   0                   
111                             0                   0.074               0                   0                   
112                             0                   0.022               0                   0                   
113                             0                   0.099               0                   0                   
114                             0                   0.059               0                   0                   
115                             0                   0.057               0                   0                   
116                             0                   0.028               0                   0                   
117                             0                   0.019               0                   0                   
118                             0                   0.024               0                   0                   
119                             0                   0.023               0                   0                   
12                              0                   0.45                0                   0                   
120                             0                   0.020               0                   0                   
121                             0                   0.053               0                   0                   
122                             0                   0.060               0                   0                   
123                             0                   0.054               0                   0                   
124                             0                   0.087               0                   0                   
125                             0                   0.039               0                   0                   
126                             0                   0.47                0                   0                   
127                             0                   0.12                0                   0                   
128                             0                   0.074               0                   0                   
129                             0                   0.12                0                   0                   
13                              0                   0.76                0                   0                   
130                             0                   0.17                0                   0                   
131                             0                   0.081               0                   0                   
132                             0                   0.089               0                   0                   
133                             0                   0.68                0                   0                   
134                             0                   0.043               0                   0                   
135                             0                   0.029               0                   0                   
136                             0                   0.074               0                   0                   
137                             0                   0.15                0                   0                   
138                             0                   0.16                0                   0                   
139                             1                   0.49                2.04                2.05                
14                              0                   0.58                0                   0                   
140                             13                  0.41                31.73               34.95               
141                             0                   0.36                0                   0                   
142                             0                   0.15                0                   0                   
143                             0                   0.78                0                   0                   
144                             0                   0.076               0                   0                   
145                             0                   0.054               0                   0                   
146                             20                  0.77                25.92               30.18               
147                             0                   0.26                0                   0                   
148                             0                   0.069               0                   0                   
149                             0                   0.17                0                   0                   
15                              0                   0.13                0                   0                   
150                             2                   1.05                1.90                1.91                
151                             0                   0.18                0                   0                   
152                             0                   0.36                0                   0                   
153                             0                   0.14                0                   0                   
154                             0                   0.13                0                   0                   
155                             0                   0.049               0                   0                   
156                             0                   0.034               0                   0                   
157                             0                   0.16                0                   0                   
158                             0                   0.27                0                   0                   
159                             0                   0.21                0                   0                   
16                              0                   0.20                0                   0                   
160                             0                   0.48                0                   0                   
161                             0                   1.17                0                   0                   
162                             0                   0.14                0                   0                   
163                             0                   0.14                0                   0                   
164                             0                   0.067               0                   0                   
165                             1                   0.40                2.53                2.54                
166                             1                   1.27                0.79                0.78                
167                             1                   0.096               10.43               10.50               
168                             0                   0.20                0                   0                   
169                             0                   0.15                0                   0                   
17                              1                   2.17                0.46                0.46                
170                             0                   0.22                0                   0                   
171                             0                   0.17                0                   0                   
172                             0                   0.28                0                   0                   
173                             0                   0.027               0                   0                   
174                             0                   0.78                0                   0                   
175                             0                   0.87                0                   0                   
176                             0                   0.29                0                   0                   
177                             0                   0.17                0                   0                   
178                             0                   0.024               0                   0                   
179                             0                   0.21                0                   0                   
18                              1                   1.04                0.96                0.96                
180                             0                   0.22                0                   0                   
181                             0                   0.19                0                   0                   
182                             0                   0.21                0                   0                   
183                             0                   0.27                0                   0                   
184                             0                   0.17                0                   0                   
185                             0                   0.13                0                   0                   
186                             0                   0.44                0                   0                   
187                             0                   0.32                0                   0                   
188                             0                   0.10                0                   0                   
189                             0                   0.071               0                   0                   
19                              0                   0.48                0                   0                   
190                             0                   0.24                0                   0                   
191                             0                   0.13                0                   0                   
192                             0                   0.037               0                   0                   
193                             0                   0.11                0                   0                   
194                             0                   0.18                0                   0                   
195                             0                   0.18                0                   0                   
196                             0                   0.27                0                   0                   
197                             0                   0.19                0                   0                   
198                             0                   0.21                0                   0                   
199                             1                   0.17                6.03                6.06                
2                               0                   1.13                0                   0                   
20                              0                   0.55                0                   0                   
200                             0                   0.17                0                   0                   
201                             0                   0.19                0                   0                   
202                             0                   0.13                0                   0                   
203                             0                   0.17                0                   0                   
204                             0                   0.64                0                   0                   
205                             0                   0.29                0                   0                   
206                             0                   0.11                0                   0                   
207                             0                   0.12                0                   0                   
208                             0                   0.18                0                   0                   
209                             0                   0.19                0                   0                   
21                              0                   1.22                0                   0                   
210                             0                   0.42                0                   0                   
211                             0                   0.089               0                   0                   
212                             0                   0.30                0                   0                   
213                             0                   0.20                0                   0                   
214                             0                   0.044               0                   0                   
215                             0                   0.14                0                   0                   
216                             1                   0.13                7.60                7.65                
217                             0                   0.047               0                   0                   
218                             0                   0.36                0                   0                   
219                             0                   0.073               0                   0                   
22                              0                   0.064               0                   0                   
220                             2                   1.30                1.53                1.54                
221                             0                   0.10                0                   0                   
222                             2                   0.19                10.58               10.72               
223                             1                   0.24                4.19                4.22                
224                             0                   0.067               0                   0                   
225                             0                   0.030               0                   0                   
226                             0                   0.31                0                   0                   
227                             1                   0.17                6.04                6.07                
228                             0                   0.038               0                   0                   
229                             1                   0.13                7.77                7.82                
23                              0                   0.30                0                   0                   
230                             0                   0.030               0                   0                   
231                             0                   0.052               0                   0                   
232                             1                   0.34                2.91                2.92                
233                             0                   0.029               0                   0                   
234                             1                   0.030               33.30               33.54               
235                             0                   0.076               0                   0                   
236                             1                   0.052               19.08               19.22               
237                             0                   0.11                0                   0                   
238                             0                   0.33                0                   0                   
239                             0                   0.14                0                   0                   
24                              0                   2.37                0                   0                   
240                             5                   0.061               82.10               85.18               
241                             2                   0.16                12.50               12.67               
242                             0                   0.19                0                   0                   
243                             0                   0.017               0                   0                   
244                             0                   0.17                0                   0                   
245                             1                   0.17                5.96                6.00                
246                             0                   0.071               0                   0                   
247                             0                   0.66                0                   0                   
248                             3                   0.27                11.07               11.29               
249                             0                   0.20                0                   0                   
25                              0                   0.86                0                   0                   
250                             0                   0.41                0                   0                   
251                             0                   0.25                0                   0                   
252                             0                   0.22                0                   0                   
253                             1                   0.19                5.30                5.33                
254                             0                   0.052               0                   0                   
255                             0                   0.19                0                   0                   
256                             1                   0.33                3.03                3.05                
257                             3                   0.17                17.36               17.73               
258                             27                  0.19                139.59              173.61              
259                             0                   0.086               0                   0                   
26                              0                   0.80                0                   0                   
260                             0                   0.13                0                   0                   
261                             5                   0.22                22.24               23.05               
262                             0                   0.095               0                   0                   
263                             1                   0.050               20.14               20.28               
264                             0                   0.069               0                   0                   
265                             0                   0.100               0                   0                   
266                             0                   0.011               0                   0                   
267                             0                   0.029               0                   0                   
268                             0                   0.021               0                   0                   
269                             0                   0.17                0                   0                   
27                              0                   0.36                0                   0                   
270                             2                   0.74                2.70                2.73                
271                             3                   1.12                2.67                2.71                
272                             3                   1.02                2.94                2.99                
273                             2                   2.16                0.93                0.93                
274                             0                   0.35                0                   0                   
275                             0                   0.18                0                   0                   
276                             2                   1.14                1.76                1.77                
277 et al                       1                   1.39                0.72                0.72                
279                             1                   0.92                1.09                1.09                
28                              0                   0.68                0                   0                   
280                             5                   2.05                2.44                2.50                
281                             1                   0.58                1.72                1.73                
282                             0                   0.25                0                   0                   
283                             0                   0.27                0                   0                   
284                             2                   0.43                4.64                4.70                
285                             0                   0.087               0                   0                   
286                             0                   0.075               0                   0                   
287                             1                   0.083               12.04               12.12               
288                             0                   0.52                0                   0                   
289                             0                   0.21                0                   0                   
29                              0                   0.80                0                   0                   
290                             0                   0.11                0                   0                   
291                             0                   0.43                0                   0                   
292                             0                   0.11                0                   0                   
293                             0                   0.30                0                   0                   
294                             0                   0.49                0                   0                   
295                             0                   0.062               0                   0                   
296                             0                   0.090               0                   0                   
297                             0                   0.10                0                   0                   
298                             0                   0.15                0                   0                   
299                             1                   0.89                1.12                1.12                
3                               0                   0.42                0                   0                   
30                              0                   0.045               0                   0                   
300                             1                   1.45                0.69                0.69                
301                             0                   0.67                0                   0                   
302                             1                   0.88                1.13                1.14                
303                             0                   0.33                0                   0                   
304                             0                   0.066               0                   0                   
305                             0                   0.19                0                   0                   
306                             0                   0.13                0                   0                   
307                             0                   0.48                0                   0                   
308                             0                   0.34                0                   0                   
309                             1                   1.16                0.86                0.86                
31                              0                   0.11                0                   0                   
310                             0                   0.53                0                   0                   
311                             1                   1.04                0.96                0.96                
312                             0                   0.16                0                   0                   
313                             0                   0.33                0                   0                   
314                             0                   0.45                0                   0                   
315                             0                   0.33                0                   0                   
316                             0                   0.47                0                   0                   
317                             0                   0.52                0                   0                   
318                             0                   0.59                0                   0                   
319                             0                   0.41                0                   0                   
32                              0                   0.21                0                   0                   
320                             0                   0.098               0                   0                   
321                             0                   0.39                0                   0                   
322                             1                   0.71                1.42                1.42                
323                             0                   1.20                0                   0                   
324                             1                   0.99                1.01                1.01                
325                             0                   0.39                0                   0                   
326                             0                   0.43                0                   0                   
327                             0                   0.33                0                   0                   
328                             0                   0.10                0                   0                   
329                             0                   0.22                0                   0                   
33                              0                   0.11                0                   0                   
330                             0                   0.20                0                   0                   
331                             0                   0.54                0                   0                   
332                             0                   0.76                0                   0                   
333                             0                   0.21                0                   0                   
334                             0                   0.21                0                   0                   
335                             0                   0.19                0                   0                   
336                             0                   0.12                0                   0                   
337                             0                   0.22                0                   0                   
338                             1                   1.43                0.70                0.70                
339                             0                   0.24                0                   0                   
34                              0                   0.069               0                   0                   
340                             1                   0.19                5.14                5.17                
341                             0                   0.34                0                   0                   
342                             0                   0.27                0                   0                   
343                             0                   0.18                0                   0                   
344                             0                   0.27                0                   0                   
345                             0                   0.30                0                   0                   
346                             0                   0.23                0                   0                   
347                             0                   0.10                0                   0                   
348                             0                   0.10                0                   0                   
349                             0                   0.15                0                   0                   
35                              0                   0.098               0                   0                   
350                             0                   0.28                0                   0                   
351                             0                   0.22                0                   0                   
352                             0                   0.51                0                   0                   
36                              0                   0.24                0                   0                   
37                              0                   0.034               0                   0                   
38                              0                   0.031               0                   0                   
39                              0                   0.45                0                   0                   
4                               0                   0.027               0                   0                   
40                              0                   0.30                0                   0                   
41                              0                   0.55                0                   0                   
42                              0                   0.048               0                   0                   
43                              0                   0.24                0                   0                   
44                              0                   0.084               0                   0                   
45                              0                   0.12                0                   0                   
46                              0                   0.57                0                   0                   
47                              0                   0.072               0                   0                   
48                              0                   1.32                0                   0                   
49                              0                   0.96                0                   0                   
5                               0                   0.062               0                   0                   
50                              0                   1.38                0                   0                   
51                              0                   1.60                0                   0                   
52                              0                   1.51                0                   0                   
53                              0                   0.69                0                   0                   
54                              0                   1.73                0                   0                   
55                              0                   0.76                0                   0                   
56                              0                   1.90                0                   0                   
57                              0                   1.58                0                   0                   
58                              0                   1.27                0                   0                   
59                              0                   1.16                0                   0                   
6                               0                   0.083               0                   0                   
60                              1                   0.33                3.00                3.02                
61                              0                   0.32                0                   0                   
62                              0                   0.35                0                   0                   
63                              0                   0.30                0                   0                   
64                              0                   0.31                0                   0                   
65                              0                   0.52                0                   0                   
66                              0                   0.23                0                   0                   
67                              0                   0.13                0                   0                   
68                              0                   0.23                0                   0                   
69                              0                   0.31                0                   0                   
7                               0                   0.050               0                   0                   
70                              0                   0.035               0                   0                   
71                              0                   0.20                0                   0                   
72                              0                   0.15                0                   0                   
73                              0                   0.035               0                   0                   
74                              0                   0.58                0                   0                   
75                              0                   0.22                0                   0                   
76                              0                   0.45                0                   0                   
77                              0                   0.26                0                   0                   
78                              0                   0.19                0                   0                   
79                              0                   0.57                0                   0                   
8                               0                   0.037               0                   0                   
80                              0                   0.14                0                   0                   
81                              0                   2.32                0                   0                   
82                              0                   2.48                0                   0                   
83                              0                   0.47                0                   0                   
84                              0                   0.20                0                   0                   
85                              0                   1.43                0                   0                   
86                              0                   0.040               0                   0                   
87                              0                   0.034               0                   0                   
88                              0                   1.76                0                   0                   
89                              1                   2.39                0.42                0.41                
9                               0                   0.22                0                   0                   
90                              0                   3.31                0                   0                   
91                              0                   0.41                0                   0                   
92                              0                   0.99                0                   0                   
93                              1                   1.43                0.70                0.70                
94                              0                   1.09                0                   0                   
95                              0                   0.45                0                   0                   
96                              0                   0.80                0                   0                   
97                              0                   0.13                0                   0                   
98                              0                   0.033               0                   0                   
99                              0                   0.26                0                   0                   
