4.640063            
5.546577            
3.945600            
5.190660            
4.325995            
5.314123            
6.360020            
4.206972            
4.989691            
5.404106            
5.671471            
6.086816            
5.390326            
5.314089            
6.717936            
4.335675            
6.758332            
3.896131            
5.975817            
4.559056            
4.063104            
4.769081            
4.146101            
3.544724            
4.985735            
4.099856            
4.194321            
4.019995            
6.839046            
4.559463            
6.540143            
3.202836            
6.058315            
6.931634            
4.932485            
6.165354            
5.818935            
5.621472            
4.656122            
6.364299            
4.274468            
3.283950            
4.019251            
4.709733            
5.027444            
6.053647            
5.765162            
8.060101            
8.579872            
3.958221            
6.422607            
4.208951            
4.834909            
4.031703            
3.470561            
6.292691            
4.160584            
5.872126            
3.960032            
5.894721            
5.580439            
5.635071            
5.950766            
4.207974            
4.662654            
5.757326            
5.314526            
5.420565            
3.949139            
7.654752            
3.901951            
3.753490            
4.168152            
5.491838            
3.760896            
4.762517            
4.174484            
4.823913            
3.448927            
3.174433            
5.087386            
5.316218            
6.343552            
4.679817            
4.339853            
5.857997            
5.573520            
4.781052            
3.879791            
3.287730            
3.804955            
4.209114            
5.032153            
4.554580            
5.001363            
8.124372            
4.423902            
4.350335            
5.288685            
4.188226            
6.036265            
4.909302            
4.375634            
3.900249            
5.478280            
4.489485            
4.250346            
6.476920            
6.084081            
6.797991            
4.565490            
5.218253            
5.454867            
6.040199            
3.213797            
3.316477            
4.917312            
5.216598            
5.306201            
5.389266            
6.093079            
6.899394            
4.623356            
5.128875            
6.097553            
4.283450            
5.071271            
4.511046            
4.734086            
4.890984            
6.963196            
7.921562            
4.100356            
4.804203            
4.308063            
4.175624            
3.914668            
3.850243            
4.960474            
3.986894            
6.069573            
4.525156            
6.995777            
4.169772            
4.404436            
4.049660            
8.197467            
4.185420            
3.080835            
5.469572            
6.083452            
3.264681            
6.976223            
5.817787            
5.041783            
6.982954            
6.349479            
4.580496            
7.699208            
6.137061            
4.959555            
4.770990            
5.464966            
7.153825            
3.708013            
4.256227            
7.663022            
5.910249            
4.454043            
4.444470            
7.875580            
3.805038            
6.585507            
4.048215            
5.542569            
4.922948            
3.287730            
7.198004            
5.020776            
4.984787            
4.180146            
6.036265            
6.523342            
5.163373            
4.381893            
4.786928            
7.452937            
3.788135            
6.004821            
7.246097            
5.507058            
5.022098            
3.794540            
7.223473            
5.665741            
4.408491            
4.319574            
4.974906            
7.147047            
4.687731            
5.272823            
3.418998            
5.280479            
5.793538            
5.446870            
5.824324            
4.381461            
5.480328            
6.436089            
2.449826            
4.481559            
6.364299            
6.934264            
5.242685            
4.865868            
3.866938            
5.673080            
5.390326            
5.236570            
8.994832            
5.159973            
4.077712            
5.458430            
3.964275            
5.502986            
3.660797            
6.820308            
6.151849            
4.864273            
4.438341            
4.212800            
5.049776            
8.052431            
4.365418            
6.129411            
4.715216            
6.069332            
3.407072            
4.855197            
7.328974            
5.810551            
4.354807            
6.933380            
4.395340            
4.501846            
5.567999            
6.916152            
7.213166            
3.814487            
5.791537            
6.375339            
3.966521            
4.688205            
4.220718            
3.701048            
4.702135            
5.680283            
4.613386            
3.962027            
3.736285            
4.402092            
3.377607            
2.923117            
4.868437            
3.839344            
6.388408            
3.842470            
7.205007            
7.021124            
4.060842            
3.623378            
3.519702            
5.379178            
7.120560            
5.360694            
7.275949            
7.133700            
4.176155            
6.414029            
6.526174            
4.098422            
4.791862            
4.753011            
6.304856            
3.745040            
4.531011            
4.444470            
6.796410            
3.988301            
7.766406            
6.693367            
6.120567            
4.675195            
5.292708            
6.108541            
4.912850            
4.462744            
7.557819            
5.081141            
5.037942            
4.126861            
4.414652            
6.031571            
6.491273            
4.892021            
4.929886            
5.211590            
2.826580            
8.261520            
9.151181            
5.917930            
3.999799            
7.197000            
5.481695            
4.884282            
4.231922            
7.972260            
5.247485            
5.578739            
5.552599            
3.914196            
4.364041            
3.295594            
4.804269            
3.118164            
4.933752            
3.583670            
4.008471            
3.586662            
9.164132            
5.216598            
4.579185            
5.329422            
7.160219            
5.906901            
3.267732            
5.368382            
5.756242            
4.447546            
8.780466            
6.605136            
6.139631            
9.175348            
4.920513            
7.556893            
4.571422            
7.651499            
10.444428           
5.592047            
5.972381            
7.168697            
4.632920            
4.975807            
7.988782            
5.583124            
3.944095            
7.437857            
5.402852            
3.815563            
5.016442            
4.156317            
5.685847            
6.173199            
4.700074            
5.440810            
6.010985            
5.247485            
9.458156            
4.589468            
3.915248            
4.341061            
5.008879            
7.246971            
5.217654            
5.093713            
5.568939            
5.489440            
4.562724            
4.343748            
5.716384            
5.430960            
3.311964            
6.881617            
3.800616            
3.747824            
7.014237            
4.255601            
5.640597            
4.042622            
4.637883            
3.236169            
4.771017            
4.448146            
7.954153            
4.577873            
3.906485            
4.801742            
4.361323            
5.811910            
4.662852            
2.980301            
4.102680            
6.349458            
4.771017            
5.633862            
5.210783            
6.106089            
4.909067            
4.859798            
4.872264            
7.089529            
4.383186            
5.138740            
5.276028            
6.717494            
4.404792            
5.016231            
5.094966            
4.554587            
4.608362            
6.444274            
5.433828            
6.064242            
3.762282            
4.528404            
5.036828            
5.036828            
5.527642            
6.402530            
6.053710            
6.817254            
4.619244            
4.762923            
6.557311            
4.167979            
5.477093            
4.916107            
7.271454            
4.616356            
2.939088            
4.948528            
5.579086            
3.932462            
7.244202            
3.517936            
4.623356            
4.862661            
4.876098            
6.543921            
4.049660            
5.397665            
5.017092            
5.163373            
4.116784            
5.140558            
4.807862            
7.840135            
5.751064            
7.223082            
4.461225            
5.900843            
4.705469            
5.103467            
5.918854            
6.350768            
4.285824            
8.895213            
3.977757            
5.163373            
4.944980            
4.376020            
5.376697            
8.320271            
4.040609            
4.823913            
5.539368            
3.951936            
3.202938            
6.836061            
3.604829            
5.468683            
4.731299            
4.277985            
6.074231            
4.081011            
6.699185            
4.774373            
7.213799            
6.154002            
3.676416            
3.571523            
4.935554            
5.479395            
5.280472            
5.106679            
5.140558            
8.114800            
4.687731            
5.052388            
4.754137            
4.674734            
6.218224            
6.119127            
5.655688            
9.819770            
4.910469            
4.570066            
3.091206            
4.819807            
5.726830            
4.766424            
4.786928            
4.315946            
3.967348            
4.642148            
4.687731            
5.178026            
4.372597            
4.720398            
4.298250            
5.595913            
3.851602            
6.062496            
4.857565            
3.760896            
5.897297            
5.144854            
6.389137            
4.794389            
5.442302            
5.216357            
5.744756            
4.172861            
3.923035            
5.216598            
4.360594            
3.168906            
5.069037            
4.890984            
4.515256            
5.744067            
3.980845            
5.226020            
4.191378            
5.847265            
8.429915            
5.039246            
5.410766            
4.703445            
4.129409            
4.252021            
5.850436            
5.253245            
5.689633            
5.359720            
7.238187            
3.410171            
7.116388            
6.775438            
5.324092            
4.268938            
6.079385            
5.964461            
4.411618            
7.142560            
5.096956            
5.650145            
5.344094            
7.238187            
4.898234            
5.529345            
5.200745            
4.729771            
6.766226            
4.149865            
3.422458            
5.335511            
2.922710            
4.377270            
6.793068            
6.343713            
4.321057            
6.512042            
6.877037            
9.561766            
4.687731            
4.824116            
4.910469            
6.534359            
4.953712            
5.304359            
3.980845            
3.372830            
6.433375            
4.249611            
8.579556            
7.003472            
4.867254            
5.231343            
7.225590            
7.654326            
6.890631            
7.236903            
5.020365            
3.343030            
4.928668            
4.128099            
4.643748            
6.332637            
6.279842            
4.116105            
3.491892            
3.356774            
5.405976            
6.634059            
3.783980            
4.500251            
4.380664            
3.462196            
3.979204            
4.031703            
10.017687           
5.422157            
4.511114            
4.757203            
4.120003            
6.359237            
5.941529            
5.684799            
7.138644            
4.324879            
5.465201            
5.922055            
5.110502            
7.420395            
3.902581            
7.335247            
5.488315            
4.032146            
3.085321            
5.715062            
10.465440           
5.836841            
4.535584            
3.377961            
5.694229            
5.537496            
5.588091            
5.142028            
6.607156            
7.234751            
3.921961            
5.484529            
3.543041            
6.366593            
4.430736            
5.071160            
5.066422            
5.912475            
7.158571            
3.989907            
8.186274            
5.448769            
4.072379            
6.766226            
3.876388            
3.757498            
5.327461            
4.090728            
3.450702            
6.702902            
7.674196            
6.212734            
5.435207            
3.932462            
4.337120            
4.541378            
5.236116            
4.403937            
9.372307            
5.717905            
4.584743            
4.994455            
6.419156            
4.796346            
7.953007            
4.659703            
3.670799            
3.114818            
6.416018            
6.022714            
6.989538            
8.120687            
6.036265            
4.928668            
9.998625            
5.719272            
4.974219            
3.360190            
4.482999            
5.271860            
4.821887            
4.444470            
2.789831            
4.632920            
3.900249            
3.382033            
5.258509            
6.986188            
4.531011            
2.829777            
5.093834            
5.760284            
6.243976            
4.947722            
5.372861            
6.978508            
3.444797            
5.386292            
4.136968            
6.262091            
5.488315            
4.857565            
5.981288            
4.310716            
7.154493            
6.093079            
3.652795            
3.409379            
4.756505            
3.210150            
7.349209            
3.888164            
6.863772            
5.256268            
7.093779            
6.117245            
13.011644           
9.565180            
6.670569            
6.480444            
5.663156            
6.258540            
8.463414            
3.742857            
4.420412            
6.831253            
7.100265            
3.157942            
3.717615            
8.436017            
11.096889           
6.814966            
4.694373            
5.745246            
4.959776            
6.199320            
4.259659            
6.990056            
6.057169            
4.346003            
5.193827            
4.447546            
4.031210            
5.971823            
9.840245            
5.390681            
5.280472            
5.964055            
5.789773            
5.165731            
4.804969            
5.610531            
4.835940            
4.394903            
4.893942            
5.649242            
5.467018            
6.612606            
5.546577            
5.334097            
4.895597            
4.514698            
10.340091           
4.746911            
8.798918            
6.380946            
3.776863            
4.056169            
6.516235            
4.306057            
4.624414            
6.453826            
4.935554            
4.486414            
4.788815            
4.042670            
4.602694            
4.114401            
5.571220            
3.659552            
4.112984            
5.344107            
5.633862            
5.442646            
4.267224            
5.200124            
8.693706            
5.563036            
6.305737            
8.875906            
5.087409            
4.466136            
4.303522            
4.521878            
4.849721            
8.745559            
6.237128            
6.060151            
5.251375            
7.893962            
3.935275            
7.701191            
3.712114            
7.871145            
5.745050            
7.172837            
4.047878            
3.388063            
5.283283            
5.358455            
5.054774            
5.402551            
5.282574            
6.478887            
4.105319            
6.421943            
5.747199            
5.832013            
3.792513            
5.376124            
4.543947            
7.083966            
10.006289           
4.750568            
5.542517            
7.367330            
6.870654            
3.928606            
6.768461            
3.873716            
3.748711            
4.349849            
5.488315            
6.053138            
5.085727            
5.788524            
4.987360            
4.907187            
7.257100            
5.312009            
5.745238            
5.370208            
4.710959            
3.433802            
5.957414            
5.458639            
6.151108            
3.889323            
5.111218            
5.241552            
5.853097            
5.761096            
6.454507            
4.190591            
7.680908            
4.108617            
5.323292            
4.251750            
4.428859            
4.510788            
5.458053            
5.386579            
5.815123            
6.276262            
3.202836            
6.269865            
11.845810           
7.525975            
4.098743            
5.956861            
4.458090            
4.621620            
4.743193            
9.856431            
5.398477            
3.119358            
6.728657            
6.279602            
5.571220            
5.026489            
4.166579            
6.123168            
4.117004            
5.317740            
6.952857            
5.950766            
6.619699            
5.579086            
5.021554            
3.205331            
9.362590            
5.052388            
6.000050            
4.859735            
5.783201            
4.386664            
7.136042            
6.796891            
5.232990            
5.163373            
5.881386            
3.909459            
4.219018            
6.890631            
4.957478            
5.208935            
5.144854            
4.674734            
4.364713            
3.670799            
6.604502            
6.137976            
8.548459            
6.543627            
3.920310            
8.096382            
5.435207            
3.715403            
7.661887            
7.259707            
4.828495            
4.324203            
4.235237            
3.998629            
2.700348            
4.936370            
3.663667            
5.477926            
4.966268            
5.477524            
4.075466            
4.986504            
4.328282            
6.687435            
4.627552            
6.746164            
5.394766            
5.361669            
4.227924            
5.657695            
4.606602            
2.957065            
4.757203            
4.012549            
6.397168            
4.489597            
7.173799            
3.592187            
4.647448            
5.052916            
5.527642            
8.915514            
9.718192            
3.708575            
7.532616            
4.018230            
3.753490            
4.964535            
3.366010            
6.946899            
5.494355            
4.621620            
6.282003            
6.298045            
6.119765            
5.490337            
4.728172            
6.561523            
3.879791            
4.596419            
3.767296            
5.488373            
3.941571            
4.855197            
5.217402            
7.379518            
6.382427            
6.019612            
