4.082081            
5.417000            
6.539155            
4.809017            
6.433533            
4.364791            
5.106568            
3.893727            
4.190034            
6.830961            
4.239985            
6.429991            
6.230140            
4.433752            
4.701361            
6.320164            
3.757031            
6.409963            
4.726051            
6.963036            
5.846699            
7.225913            
4.815577            
2.927625            
4.748322            
3.466987            
4.852898            
4.634415            
4.869045            
5.882311            
5.876474            
4.856564            
6.711122            
6.051512            
3.333609            
5.743731            
6.739618            
6.537984            
4.095053            
6.418244            
5.480841            
3.768897            
3.493651            
4.039169            
4.034570            
5.357581            
6.314852            
5.470476            
6.574511            
5.299581            
6.142312            
3.795611            
4.455329            
4.400015            
4.607690            
4.816232            
4.468324            
6.151582            
5.149735            
6.098975            
5.414147            
5.264163            
6.310798            
3.540652            
5.194995            
4.654843            
4.202211            
6.185202            
3.652071            
5.989692            
6.760044            
7.086065            
3.520120            
4.297369            
7.466122            
4.823407            
4.417229            
5.688315            
4.186750            
5.140274            
4.859899            
7.040355            
6.131445            
4.779286            
5.048185            
4.622412            
6.914144            
4.492687            
4.312330            
4.549764            
2.963909            
6.406629            
4.362888            
5.146022            
5.083034            
4.852855            
5.590794            
4.367082            
4.399421            
4.369149            
3.940321            
4.154115            
5.395656            
5.501670            
3.877615            
3.273984            
4.939018            
5.087919            
6.073330            
4.612206            
3.445027            
4.482892            
4.492515            
5.297585            
4.798378            
5.423762            
4.290756            
4.819131            
6.861364            
4.887918            
3.976662            
4.355114            
4.950963            
5.377021            
3.292073            
4.408430            
4.822009            
5.309887            
4.298794            
5.995655            
3.762376            
6.844480            
4.944588            
4.366568            
5.411882            
5.835085            
4.665648            
5.069284            
4.512655            
4.326983            
4.482381            
7.140198            
4.918720            
2.720577            
3.237480            
4.555017            
3.557263            
7.859925            
4.270586            
5.000849            
4.120637            
3.206517            
5.040013            
6.027706            
3.707878            
5.057590            
6.440817            
4.326983            
4.817470            
5.623874            
4.085706            
3.878785            
3.185552            
4.164667            
4.466428            
5.017072            
7.474452            
4.784797            
3.388378            
4.611589            
8.045191            
5.720272            
3.915570            
5.943807            
5.454301            
4.604942            
5.620143            
4.485783            
7.915985            
6.186192            
4.252285            
4.992692            
5.407313            
4.889253            
4.168774            
3.991658            
5.567881            
4.133346            
7.886333            
4.672234            
7.473586            
5.140196            
4.934706            
8.187139            
5.889779            
4.885657            
5.442208            
5.604031            
4.968146            
5.221272            
5.883364            
5.972825            
4.135914            
4.657176            
4.817272            
3.272782            
3.697588            
6.085828            
6.016458            
3.728022            
5.175638            
5.208643            
6.718582            
7.452550            
4.427533            
4.269218            
4.785682            
6.702264            
4.360912            
8.646836            
4.893931            
5.900571            
4.858588            
5.384222            
5.331899            
4.688517            
5.250750            
5.272204            
5.339179            
5.104317            
6.084850            
11.214134           
4.652684            
6.087508            
5.443761            
5.356791            
4.836863            
5.008725            
6.563599            
5.146386            
3.475421            
4.510228            
6.116042            
6.161790            
2.848499            
5.558355            
4.578852            
9.219392            
3.133054            
3.285074            
3.894039            
5.857982            
4.672543            
6.334444            
4.292946            
3.583801            
5.735997            
3.229385            
5.925644            
4.944414            
4.802802            
5.255633            
6.165870            
5.921154            
4.325206            
6.298774            
3.347298            
5.958786            
5.854860            
5.026367            
3.671250            
4.277023            
5.225755            
5.879636            
3.638027            
8.269810            
5.713257            
5.818705            
3.667584            
5.773607            
3.889531            
4.367082            
4.122163            
6.552839            
6.990892            
4.589009            
4.343712            
3.831057            
5.037336            
6.410213            
4.822360            
3.682379            
4.418242            
2.873370            
6.505769            
5.089089            
4.626064            
5.816967            
4.650732            
3.049179            
3.141293            
6.249944            
5.360533            
4.918043            
6.837125            
4.938634            
4.908657            
4.750756            
6.278494            
6.149201            
3.887269            
5.724524            
3.540326            
4.691485            
3.940321            
8.687712            
5.331564            
4.235218            
5.276678            
3.929771            
6.125096            
5.327901            
5.518962            
3.691318            
7.410786            
6.916191            
4.762181            
5.638281            
3.783343            
4.234749            
5.778768            
4.216050            
5.236198            
4.483989            
4.925532            
4.942956            
5.834078            
4.843601            
6.354523            
6.425425            
7.221643            
5.900167            
6.260805            
4.288493            
6.666856            
4.438054            
4.691503            
4.826445            
6.729117            
6.313670            
8.531976            
5.331801            
3.757031            
7.001994            
7.615987            
4.399571            
6.311139            
4.587368            
4.396676            
4.171372            
4.290109            
3.736376            
4.289704            
6.595730            
4.785682            
3.989859            
5.590794            
5.444315            
4.912780            
3.912241            
6.027005            
5.559765            
4.251872            
3.552345            
4.926917            
4.281286            
5.900134            
3.936750            
4.878645            
6.065936            
4.596291            
4.773576            
3.602693            
3.874931            
5.876375            
5.040834            
3.806449            
6.269519            
7.037704            
6.570148            
4.068195            
6.381913            
4.781668            
8.292143            
5.015087            
4.237547            
5.260613            
4.451347            
6.243870            
4.031556            
9.321417            
4.602460            
4.337136            
3.141293            
5.194265            
3.682379            
6.029208            
7.240553            
4.960147            
4.634662            
5.363615            
4.348689            
5.276486            
4.151181            
7.215549            
6.018279            
5.630588            
4.903264            
4.923794            
4.065987            
4.798346            
4.594367            
4.176034            
4.805945            
6.078541            
3.915392            
5.217542            
4.996936            
7.451593            
4.778554            
3.735579            
8.242126            
6.540268            
4.673780            
3.710706            
4.566583            
3.297070            
5.685995            
5.301918            
3.643773            
3.910659            
3.928008            
4.005364            
6.698319            
5.837867            
5.123149            
7.261554            
4.183657            
7.828033            
3.916799            
5.792882            
6.126254            
6.475334            
5.826081            
5.592965            
4.267955            
5.115128            
3.290798            
3.681185            
3.639498            
4.405190            
3.540652            
4.570246            
4.907578            
5.745058            
6.665361            
4.004638            
4.792619            
4.858579            
5.329385            
4.998282            
4.783381            
6.148320            
3.809251            
4.216098            
3.625842            
7.186623            
6.805638            
4.335655            
3.810724            
5.161951            
4.355114            
4.278714            
6.078588            
4.625606            
7.748934            
4.212999            
5.369097            
4.301068            
6.728759            
4.828353            
3.749401            
3.977633            
7.480641            
5.828873            
4.530413            
4.508581            
3.704701            
3.847773            
3.515863            
5.685995            
5.382317            
6.051453            
4.461517            
7.345384            
4.758421            
5.659889            
3.608103            
5.475085            
6.959039            
5.577583            
4.168706            
4.436106            
7.526167            
6.010672            
4.906942            
7.193814            
2.710734            
5.921270            
4.093480            
4.577783            
4.941213            
6.593348            
8.755261            
6.289759            
4.372996            
4.826445            
5.329898            
9.802177            
3.924538            
4.288421            
6.289435            
3.736461            
3.155076            
5.283279            
4.092603            
4.339689            
4.520708            
3.407584            
5.362326            
4.005810            
4.162798            
4.880335            
3.367807            
6.245942            
5.090639            
6.971271            
3.243368            
5.960753            
4.048334            
3.637187            
4.977417            
7.286206            
8.031140            
4.984147            
5.534977            
2.468592            
6.777513            
6.278946            
4.656512            
8.664288            
5.481055            
5.098267            
3.940797            
7.504991            
6.113829            
4.991118            
4.578447            
7.480360            
5.240671            
4.086868            
3.895492            
7.671023            
4.625606            
4.033017            
5.286256            
5.851311            
6.248830            
5.661709            
3.220340            
6.481814            
5.315299            
6.230954            
6.178015            
7.152292            
3.912160            
4.127420            
7.446715            
3.921202            
7.056348            
3.080127            
9.234782            
4.489937            
3.564506            
5.919240            
5.889509            
4.556753            
6.994418            
4.548077            
4.619480            
5.105166            
7.193814            
5.321247            
4.301791            
9.432301            
9.029326            
5.234014            
6.878383            
4.513243            
4.824680            
6.939820            
4.540536            
5.798267            
3.338235            
5.417000            
5.672612            
3.681728            
7.751356            
5.590794            
3.682379            
4.521322            
5.653682            
6.439151            
7.063121            
4.682359            
4.426192            
6.990892            
3.983034            
4.282966            
5.148336            
5.524750            
6.426018            
6.997653            
5.719587            
5.327628            
3.736461            
5.621433            
4.069970            
3.321148            
2.429771            
4.874313            
5.611944            
4.604942            
7.106088            
4.185533            
5.255828            
5.943807            
4.835794            
5.108521            
5.343284            
6.267011            
5.259445            
4.205536            
4.828329            
5.520440            
3.543130            
4.974621            
8.347618            
3.588168            
5.705018            
5.269651            
5.572067            
5.849359            
4.217136            
3.434315            
4.340352            
9.181910            
4.539112            
5.885745            
4.649193            
9.009818            
5.915544            
4.280206            
5.173451            
3.603366            
6.520579            
4.181898            
9.778251            
4.456603            
6.234685            
4.587852            
4.072049            
4.326983            
4.810675            
5.943820            
6.820981            
5.033429            
4.214531            
5.726949            
5.772599            
4.984213            
5.579166            
4.025223            
4.209976            
4.617027            
3.973877            
6.924978            
5.351031            
8.340146            
3.338588            
6.087768            
6.116040            
4.679429            
5.079038            
3.230830            
5.728497            
3.846370            
4.637818            
6.433992            
4.399417            
3.105428            
8.671433            
5.860345            
5.050802            
6.380389            
4.453828            
5.494901            
5.611602            
2.649215            
5.295689            
6.522771            
5.416925            
7.433312            
5.443719            
5.050181            
6.295524            
4.186750            
4.984670            
4.290837            
3.923443            
7.404443            
4.973584            
6.730558            
4.368264            
5.839750            
7.541297            
3.564506            
13.573888           
5.422117            
6.546794            
5.940967            
5.095392            
6.945868            
7.617528            
3.989859            
4.673780            
4.110803            
2.741163            
3.519552            
4.410813            
4.322148            
9.128383            
5.729568            
6.295770            
4.679411            
10.355110           
3.607827            
4.828329            
4.974621            
7.072010            
4.371445            
5.267762            
3.877056            
4.665515            
4.412841            
5.208730            
5.344206            
7.580050            
4.721063            
4.048334            
5.259445            
5.430286            
6.338575            
4.392697            
4.353567            
5.813880            
6.736922            
6.087768            
3.421298            
5.056940            
3.776840            
5.406668            
4.243445            
10.986118           
4.190559            
6.423076            
5.479002            
3.534359            
3.801876            
3.343651            
5.956273            
4.986711            
3.674099            
6.916697            
4.486061            
6.540268            
4.810675            
7.854818            
5.480347            
6.031461            
3.879728            
7.991246            
5.252908            
5.204352            
5.924455            
5.775303            
4.132020            
10.308022           
4.281286            
7.522243            
10.398713           
5.807925            
5.043009            
4.548242            
5.550568            
3.929771            
3.445097            
4.270426            
3.860098            
4.755577            
4.422698            
2.398583            
3.143330            
5.329679            
7.073218            
4.495887            
7.547687            
4.323567            
2.896561            
4.832276            
4.144444            
5.342111            
3.686204            
6.000887            
4.540536            
3.944049            
4.984670            
4.617780            
5.063456            
4.542385            
8.002542            
5.243845            
3.341050            
4.852855            
4.478184            
5.374914            
6.460485            
4.279234            
3.583801            
5.151387            
5.766707            
4.879657            
4.161568            
3.704701            
7.867006            
7.410824            
6.096026            
4.224505            
6.084850            
4.361159            
5.740568            
4.904713            
3.344894            
4.290756            
3.973439            
3.209923            
5.687897            
4.499355            
7.407678            
4.166434            
7.605571            
5.160044            
6.273820            
4.884881            
6.219950            
5.687728            
5.549662            
4.984147            
4.309967            
4.869045            
5.730910            
3.887903            
4.216847            
6.221535            
5.198770            
4.041163            
3.315691            
5.252040            
6.830020            
5.100139            
8.140114            
5.040013            
3.163954            
5.232131            
3.813862            
4.542385            
7.069757            
8.221480            
5.263276            
4.716170            
6.063924            
4.236701            
5.197994            
5.327321            
4.991118            
3.725824            
6.345495            
6.335981            
5.595797            
5.264163            
4.369173            
6.777656            
4.803130            
6.514035            
4.523998            
5.794200            
7.422714            
7.699213            
4.025223            
5.949572            
6.068888            
3.627870            
4.375393            
5.343284            
5.079900            
4.939018            
4.136543            
5.846699            
5.048772            
4.767143            
9.053175            
4.348778            
5.326398            
6.100869            
5.321247            
5.141038            
6.445382            
5.751823            
5.754678            
4.066327            
4.716792            
5.308060            
10.691765           
6.832538            
4.158249            
3.181617            
7.413039            
6.352135            
6.339336            
5.429663            
9.030152            
5.965416            
4.021893            
4.129810            
3.704701            
3.806961            
4.200806            
4.999985            
8.594203            
3.707776            
4.206468            
3.642277            
4.739505            
6.363898            
4.725253            
3.923443            
5.955918            
6.222679            
4.066303            
6.546794            
4.729908            
4.947098            
3.742625            
4.229775            
5.351071            
3.796708            
3.804426            
4.078252            
5.276678            
4.367082            
6.568442            
4.779586            
4.277023            
5.363615            
6.077024            
5.205382            
4.483640            
5.841308            
5.416093            
3.325841            
4.731929            
4.529736            
5.745633            
3.227075            
6.222679            
3.949811            
5.702020            
4.578036            
5.149874            
