257                             1                   1e-17               57                  1.66                34.41               64.64               311978.00           2                   0.15                13.12               13.33               28702.00            22.893250           120.225937          T 
258                             1                   1e-17               57                  1.66                34.41               64.64               311978.00           25                  0.17                146.04              184.21              32241.00            22.882414           120.198052          T 
140                             1                   1e-17               57                  1.66                34.41               64.64               311978.00           11                  0.36                30.42               33.39               68107.00            22.941309           120.241879          T 
256                             1                   1e-17               57                  1.66                34.41               64.64               311978.00           1                   0.29                3.44                3.46                54703.00            22.857242           120.265987          T 
146                             1                   1e-17               57                  1.66                34.41               64.64               311978.00           18                  0.68                26.44               30.93               128225.00           22.955619           120.190374          T 
216                             2                   0.00000147          44                  16.97               2.59                3.52                3195531.00          1                   0.12                8.53                8.60                22070.00            22.429806           120.547612          T 
229                             2                   0.00000147          44                  16.97               2.59                3.52                3195531.00          1                   0.11                8.76                8.83                21491.00            22.441421           120.512509          T 
227                             2                   0.00000147          44                  16.97               2.59                3.52                3195531.00          1                   0.15                6.82                6.87                27632.00            22.403342           120.597584          T 
219                             2                   0.00000147          44                  16.97               2.59                3.52                3195531.00          0                   0.065               0                   0                   12304.00            22.479807           120.518056          T 
224                             2                   0.00000147          44                  16.97               2.59                3.52                3195531.00          0                   0.059               0                   0                   11145.00            22.486763           120.584626          T 
226                             2                   0.00000147          44                  16.97               2.59                3.52                3195531.00          0                   0.27                0                   0                   50313.00            22.462656           120.475133          T 
221                             2                   0.00000147          44                  16.97               2.59                3.52                3195531.00          0                   0.089               0                   0                   16809.00            22.515282           120.500660          T 
232                             2                   0.00000147          44                  16.97               2.59                3.52                3195531.00          1                   0.30                3.31                3.33                56973.00            22.536429           120.556806          T 
223                             2                   0.00000147          44                  16.97               2.59                3.52                3195531.00          1                   0.21                4.71                4.74                40003.00            22.517190           120.450143          T 
225                             2                   0.00000147          44                  16.97               2.59                3.52                3195531.00          0                   0.027               0                   0                   5026.00             22.403998           120.697580          T 
217                             2                   0.00000147          44                  16.97               2.59                3.52                3195531.00          0                   0.042               0                   0                   7886.00             22.501572           120.685723          T 
284                             2                   0.00000147          44                  16.97               2.59                3.52                3195531.00          2                   0.38                5.26                5.34                71562.00            22.508137           120.399052          T 
237                             2                   0.00000147          44                  16.97               2.59                3.52                3195531.00          0                   0.099               0                   0                   18696.00            22.588556           120.526638          T 
239                             2                   0.00000147          44                  16.97               2.59                3.52                3195531.00          0                   0.12                0                   0                   22907.00            22.582335           120.601817          T 
238                             2                   0.00000147          44                  16.97               2.59                3.52                3195531.00          0                   0.29                0                   0                   54433.00            22.588495           120.476619          T 
235                             2                   0.00000147          44                  16.97               2.59                3.52                3195531.00          0                   0.068               0                   0                   12813.00            22.340003           120.371047          T 
228                             2                   0.00000147          44                  16.97               2.59                3.52                3195531.00          0                   0.034               0                   0                   6328.00             22.270870           120.656767          T 
247                             2                   0.00000147          44                  16.97               2.59                3.52                3195531.00          0                   0.58                0                   0                   109607.00           22.592836           120.411147          T 
279                             2                   0.00000147          44                  16.97               2.59                3.52                3195531.00          1                   0.80                1.25                1.26                150223.00           22.551402           120.359261          T 
230                             2                   0.00000147          44                  16.97               2.59                3.52                3195531.00          0                   0.026               0                   0                   4971.00             22.604085           120.691793          T 
246                             2                   0.00000147          44                  16.97               2.59                3.52                3195531.00          0                   0.062               0                   0                   11716.00            22.648764           120.529969          T 
218                             2                   0.00000147          44                  16.97               2.59                3.52                3195531.00          0                   0.32                0                   0                   59960.00            22.651169           120.588822          T 
234                             2                   0.00000147          44                  16.97               2.59                3.52                3195531.00          1                   0.027               37.50               37.80               5023.00             22.260849           120.735645          T 
220                             2                   0.00000147          44                  16.97               2.59                3.52                3195531.00          2                   1.15                1.74                1.75                216425.00           22.664738           120.479995          T 
280                             2                   0.00000147          44                  16.97               2.59                3.52                3195531.00          5                   1.80                2.78                2.86                338596.00           22.613793           120.355436          T 
242                             2                   0.00000147          44                  16.97               2.59                3.52                3195531.00          0                   0.16                0                   0                   30939.00            22.694550           120.555979          T 
119                             2                   0.00000147          44                  16.97               2.59                3.52                3195531.00          0                   0.020               0                   0                   3815.00             22.384307           120.835524          T 
236                             2                   0.00000147          44                  16.97               2.59                3.52                3195531.00          1                   0.047               21.44               21.61               8786.00             22.671078           120.679924          T 
251                             2                   0.00000147          44                  16.97               2.59                3.52                3195531.00          0                   0.22                0                   0                   40982.00            22.662493           120.372778          T 
277                             2                   0.00000147          44                  16.97               2.59                3.52                3195531.00          1                   1.23                0.82                0.81                230818.00           22.585656           120.289154          T 
276                             2                   0.00000147          44                  16.97               2.59                3.52                3195531.00          2                   1.01                1.98                2.00                189820.00           22.623594           120.320910          T 
274                             2                   0.00000147          44                  16.97               2.59                3.52                3195531.00          0                   0.31                0                   0                   58067.00            22.629929           120.306734          T 
248                             2                   0.00000147          44                  16.97               2.59                3.52                3195531.00          3                   0.24                12.52               12.82               45128.00            22.711004           120.425407          T 
273                             2                   0.00000147          44                  16.97               2.59                3.52                3195531.00          2                   1.90                1.05                1.05                357862.00           22.649899           120.317919          T 
275                             2                   0.00000147          44                  16.97               2.59                3.52                3195531.00          0                   0.16                0                   0                   30325.00            22.626991           120.294422          T 
215                             2                   0.00000147          44                  16.97               2.59                3.52                3195531.00          0                   0.12                0                   0                   23257.00            22.731668           120.484504          T 
269                             2                   0.00000147          44                  16.97               2.59                3.52                3195531.00          0                   0.15                0                   0                   29008.00            22.624246           120.284233          T 
245                             2                   0.00000147          44                  16.97               2.59                3.52                3195531.00          0                   0.15                0                   0                   27952.00            22.742536           120.569394          T 
249                             2                   0.00000147          44                  16.97               2.59                3.52                3195531.00          0                   0.17                0                   0                   32621.00            22.701208           120.360526          T 
120                             2                   0.00000147          44                  16.97               2.59                3.52                3195531.00          0                   0.018               0                   0                   3348.00             22.581617           120.857038          T 
110                             2                   0.00000147          44                  16.97               2.59                3.52                3195531.00          0                   0.039               0                   0                   7372.00             22.383595           120.899170          T 
270                             2                   0.00000147          44                  16.97               2.59                3.52                3195531.00          1                   0.63                1.59                1.59                118777.00           22.650195           120.274163          T 
271                             2                   0.00000147          44                  16.97               2.59                3.52                3195531.00          3                   0.98                3.08                3.13                183705.00           22.683957           120.295159          T 
250                             2                   0.00000147          44                  16.97               2.59                3.52                3195531.00          0                   0.35                0                   0                   66129.00            22.739835           120.370799          T 
272                             2                   0.00000147          44                  16.97               2.59                3.52                3195531.00          3                   0.88                3.40                3.46                166101.00           22.721100           120.300758          T 
241                             2                   0.00000147          44                  16.97               2.59                3.52                3195531.00          2                   0.14                14.15               14.38               26617.00            22.798548           120.506128          T 
233                             2                   0.00000147          44                  16.97               2.59                3.52                3195531.00          0                   0.026               0                   0                   4965.00             22.155529           120.817361          T 
244                             2                   0.00000147          44                  16.97               2.59                3.52                3195531.00          0                   0.15                0                   0                   27819.00            22.809920           120.601768          T 
214                             2                   0.00000147          44                  16.97               2.59                3.52                3195531.00          0                   0.039               0                   0                   7301.00             22.797868           120.686522          T 
253                             2                   0.00000147          44                  16.97               2.59                3.52                3195531.00          1                   0.17                5.97                6.01                31550.00            22.787696           120.370799          T 
240                             2                   0.00000147          44                  16.97               2.59                3.52                3195531.00          5                   0.054               91.79               95.73               10260.00            22.079156           120.743263          T 
252                             2                   0.00000147          44                  16.97               2.59                3.52                3195531.00          0                   0.20                0                   0                   36874.00            22.752524           120.300653          T 
243                             2                   0.00000147          44                  16.97               2.59                3.52                3195531.00          0                   0.015               0                   0                   2839.00             22.759905           120.800810          T 
261                             2                   0.00000147          44                  16.97               2.59                3.52                3195531.00          4                   0.20                20.05               20.70               37582.00            22.748209           120.259399          T 
