1                               0                   0.73                0                   0                   
10                              0                   0.27                0                   0                   
100                             0                   0.042               0                   0                   
101                             0                   0.062               0                   0                   
102                             0                   0.11                0                   0                   
103                             0                   1.01                0                   0                   
104                             0                   0.074               0                   0                   
105                             0                   0.12                0                   0                   
106                             0                   0.053               0                   0                   
107                             0                   0.45                0                   0                   
108                             0                   0.100               0                   0                   
109                             0                   0.59                0                   0                   
11                              0                   0.079               0                   0                   
110                             0                   0.039               0                   0                   
111                             0                   0.066               0                   0                   
112                             0                   0.020               0                   0                   
113                             0                   0.089               0                   0                   
114                             0                   0.053               0                   0                   
115                             0                   0.051               0                   0                   
116                             0                   0.025               0                   0                   
117                             0                   0.016               0                   0                   
118                             0                   0.021               0                   0                   
119                             0                   0.020               0                   0                   
12                              0                   0.39                0                   0                   
120                             0                   0.018               0                   0                   
121                             0                   0.048               0                   0                   
122                             0                   0.054               0                   0                   
123                             0                   0.048               0                   0                   
124                             0                   0.077               0                   0                   
125                             0                   0.035               0                   0                   
126                             0                   0.41                0                   0                   
127                             0                   0.10                0                   0                   
128                             0                   0.067               0                   0                   
129                             0                   0.11                0                   0                   
13                              0                   0.64                0                   0                   
130                             0                   0.15                0                   0                   
131                             0                   0.072               0                   0                   
132                             0                   0.077               0                   0                   
133                             0                   0.60                0                   0                   
134                             0                   0.039               0                   0                   
135                             0                   0.026               0                   0                   
136                             0                   0.066               0                   0                   
137                             0                   0.13                0                   0                   
138                             0                   0.14                0                   0                   
139                             1                   0.44                2.30                2.31                
14                              0                   0.51                0                   0                   
140                             11                  0.36                30.42               33.39               
141                             0                   0.31                0                   0                   
142                             0                   0.13                0                   0                   
143                             0                   0.68                0                   0                   
144                             0                   0.068               0                   0                   
145                             0                   0.048               0                   0                   
146                             18                  0.68                26.44               30.93               
147                             0                   0.22                0                   0                   
148                             0                   0.061               0                   0                   
149                             0                   0.15                0                   0                   
15                              0                   0.11                0                   0                   
150                             1                   0.92                1.09                1.09                
151                             0                   0.16                0                   0                   
152                             0                   0.31                0                   0                   
153                             0                   0.12                0                   0                   
154                             0                   0.12                0                   0                   
155                             0                   0.043               0                   0                   
156                             0                   0.030               0                   0                   
157                             0                   0.14                0                   0                   
158                             0                   0.24                0                   0                   
159                             0                   0.19                0                   0                   
16                              0                   0.17                0                   0                   
160                             0                   0.42                0                   0                   
161                             0                   1.02                0                   0                   
162                             0                   0.13                0                   0                   
163                             0                   0.12                0                   0                   
164                             0                   0.059               0                   0                   
165                             1                   0.35                2.89                2.91                
166                             1                   1.11                0.90                0.90                
167                             1                   0.085               11.77               11.86               
168                             0                   0.17                0                   0                   
169                             0                   0.14                0                   0                   
17                              1                   1.89                0.53                0.53                
170                             0                   0.20                0                   0                   
171                             0                   0.15                0                   0                   
172                             0                   0.25                0                   0                   
173                             0                   0.023               0                   0                   
174                             0                   0.68                0                   0                   
175                             0                   0.76                0                   0                   
176                             0                   0.26                0                   0                   
177                             0                   0.15                0                   0                   
178                             0                   0.021               0                   0                   
179                             0                   0.18                0                   0                   
18                              1                   0.91                1.10                1.10                
180                             0                   0.19                0                   0                   
181                             0                   0.17                0                   0                   
182                             0                   0.19                0                   0                   
183                             0                   0.24                0                   0                   
184                             0                   0.15                0                   0                   
185                             0                   0.12                0                   0                   
186                             0                   0.39                0                   0                   
187                             0                   0.29                0                   0                   
188                             0                   0.091               0                   0                   
189                             0                   0.063               0                   0                   
19                              0                   0.42                0                   0                   
190                             0                   0.21                0                   0                   
191                             0                   0.12                0                   0                   
192                             0                   0.033               0                   0                   
193                             0                   0.093               0                   0                   
194                             0                   0.16                0                   0                   
195                             0                   0.16                0                   0                   
196                             0                   0.24                0                   0                   
197                             0                   0.17                0                   0                   
198                             0                   0.19                0                   0                   
199                             1                   0.15                6.81                6.85                
2                               0                   0.99                0                   0                   
20                              0                   0.47                0                   0                   
200                             0                   0.15                0                   0                   
201                             0                   0.17                0                   0                   
202                             0                   0.12                0                   0                   
203                             0                   0.15                0                   0                   
204                             0                   0.56                0                   0                   
205                             0                   0.25                0                   0                   
206                             0                   0.095               0                   0                   
207                             0                   0.11                0                   0                   
208                             0                   0.16                0                   0                   
209                             0                   0.17                0                   0                   
21                              0                   1.06                0                   0                   
210                             0                   0.37                0                   0                   
211                             0                   0.080               0                   0                   
212                             0                   0.26                0                   0                   
213                             0                   0.18                0                   0                   
214                             0                   0.039               0                   0                   
215                             0                   0.12                0                   0                   
216                             1                   0.12                8.53                8.60                
217                             0                   0.042               0                   0                   
218                             0                   0.32                0                   0                   
219                             0                   0.065               0                   0                   
22                              0                   0.058               0                   0                   
220                             2                   1.15                1.74                1.75                
221                             0                   0.089               0                   0                   
222                             0                   0.17                0                   0                   
223                             1                   0.21                4.71                4.74                
224                             0                   0.059               0                   0                   
225                             0                   0.027               0                   0                   
226                             0                   0.27                0                   0                   
227                             1                   0.15                6.82                6.87                
228                             0                   0.034               0                   0                   
229                             1                   0.11                8.76                8.83                
23                              0                   0.26                0                   0                   
230                             0                   0.026               0                   0                   
231                             0                   0.047               0                   0                   
232                             1                   0.30                3.31                3.33                
233                             0                   0.026               0                   0                   
234                             1                   0.027               37.50               37.80               
235                             0                   0.068               0                   0                   
236                             1                   0.047               21.44               21.61               
237                             0                   0.099               0                   0                   
238                             0                   0.29                0                   0                   
239                             0                   0.12                0                   0                   
24                              0                   2.04                0                   0                   
240                             5                   0.054               91.79               95.73               
241                             2                   0.14                14.15               14.38               
242                             0                   0.16                0                   0                   
243                             0                   0.015               0                   0                   
244                             0                   0.15                0                   0                   
245                             0                   0.15                0                   0                   
246                             0                   0.062               0                   0                   
247                             0                   0.58                0                   0                   
248                             3                   0.24                12.52               12.82               
249                             0                   0.17                0                   0                   
25                              0                   0.75                0                   0                   
250                             0                   0.35                0                   0                   
251                             0                   0.22                0                   0                   
252                             0                   0.20                0                   0                   
253                             1                   0.17                5.97                6.01                
254                             0                   0.046               0                   0                   
255                             0                   0.16                0                   0                   
256                             1                   0.29                3.44                3.46                
257                             2                   0.15                13.12               13.33               
258                             25                  0.17                146.04              184.21              
259                             0                   0.076               0                   0                   
26                              0                   0.68                0                   0                   
260                             0                   0.11                0                   0                   
261                             4                   0.20                20.05               20.70               
262                             0                   0.084               0                   0                   
263                             1                   0.045               22.46               22.64               
264                             0                   0.062               0                   0                   
265                             0                   0.089               0                   0                   
266                             0                   0.0094              0                   0                   
267                             0                   0.026               0                   0                   
268                             0                   0.019               0                   0                   
269                             0                   0.15                0                   0                   
27                              0                   0.31                0                   0                   
270                             1                   0.63                1.59                1.59                
271                             3                   0.98                3.08                3.13                
272                             3                   0.88                3.40                3.46                
273                             2                   1.90                1.05                1.05                
274                             0                   0.31                0                   0                   
275                             0                   0.16                0                   0                   
276                             2                   1.01                1.98                2.00                
277 et al                       1                   1.23                0.82                0.81                
279                             1                   0.80                1.25                1.26                
28                              0                   0.60                0                   0                   
280                             5                   1.80                2.78                2.86                
281                             0                   0.51                0                   0                   
282                             0                   0.22                0                   0                   
283                             0                   0.24                0                   0                   
284                             2                   0.38                5.26                5.34                
285                             0                   0.076               0                   0                   
286                             0                   0.066               0                   0                   
287                             0                   0.072               0                   0                   
288                             0                   0.45                0                   0                   
289                             0                   0.18                0                   0                   
29                              0                   0.69                0                   0                   
290                             0                   0.098               0                   0                   
291                             0                   0.38                0                   0                   
292                             0                   0.096               0                   0                   
293                             0                   0.26                0                   0                   
294                             0                   0.43                0                   0                   
295                             0                   0.054               0                   0                   
296                             0                   0.078               0                   0                   
297                             0                   0.090               0                   0                   
298                             0                   0.12                0                   0                   
299                             1                   0.78                1.28                1.29                
3                               0                   0.37                0                   0                   
30                              0                   0.040               0                   0                   
300                             1                   1.26                0.80                0.79                
301                             0                   0.58                0                   0                   
302                             0                   0.76                0                   0                   
303                             0                   0.29                0                   0                   
304                             0                   0.058               0                   0                   
305                             0                   0.17                0                   0                   
306                             0                   0.11                0                   0                   
307                             0                   0.42                0                   0                   
308                             0                   0.30                0                   0                   
309                             1                   1.01                0.99                0.99                
31                              0                   0.095               0                   0                   
310                             0                   0.46                0                   0                   
311                             1                   0.91                1.10                1.10                
312                             0                   0.14                0                   0                   
313                             0                   0.29                0                   0                   
314                             0                   0.39                0                   0                   
315                             0                   0.29                0                   0                   
316                             0                   0.41                0                   0                   
317                             0                   0.46                0                   0                   
318                             0                   0.51                0                   0                   
319                             0                   0.36                0                   0                   
32                              0                   0.18                0                   0                   
320                             0                   0.086               0                   0                   
321                             0                   0.34                0                   0                   
322                             1                   0.62                1.62                1.63                
323                             0                   1.04                0                   0                   
324                             1                   0.87                1.15                1.15                
325                             0                   0.34                0                   0                   
326                             0                   0.38                0                   0                   
327                             0                   0.29                0                   0                   
328                             0                   0.092               0                   0                   
329                             0                   0.19                0                   0                   
33                              0                   0.099               0                   0                   
330                             0                   0.18                0                   0                   
331                             0                   0.47                0                   0                   
332                             0                   0.67                0                   0                   
333                             0                   0.19                0                   0                   
334                             0                   0.19                0                   0                   
335                             0                   0.17                0                   0                   
336                             0                   0.10                0                   0                   
337                             0                   0.19                0                   0                   
338                             0                   1.25                0                   0                   
339                             0                   0.21                0                   0                   
34                              0                   0.062               0                   0                   
340                             1                   0.17                5.83                5.87                
341                             0                   0.30                0                   0                   
342                             0                   0.24                0                   0                   
343                             0                   0.16                0                   0                   
344                             0                   0.24                0                   0                   
345                             0                   0.26                0                   0                   
346                             0                   0.21                0                   0                   
347                             0                   0.089               0                   0                   
348                             0                   0.090               0                   0                   
349                             0                   0.14                0                   0                   
35                              0                   0.087               0                   0                   
350                             0                   0.25                0                   0                   
351                             0                   0.20                0                   0                   
352                             0                   0.45                0                   0                   
36                              0                   0.22                0                   0                   
37                              0                   0.030               0                   0                   
38                              0                   0.028               0                   0                   
39                              0                   0.39                0                   0                   
4                               0                   0.024               0                   0                   
40                              0                   0.26                0                   0                   
41                              0                   0.48                0                   0                   
42                              0                   0.043               0                   0                   
43                              0                   0.21                0                   0                   
44                              0                   0.074               0                   0                   
45                              0                   0.11                0                   0                   
46                              0                   0.50                0                   0                   
47                              0                   0.064               0                   0                   
48                              0                   1.17                0                   0                   
49                              0                   0.84                0                   0                   
5                               0                   0.056               0                   0                   
50                              0                   1.23                0                   0                   
51                              0                   1.40                0                   0                   
52                              0                   1.33                0                   0                   
53                              0                   0.60                0                   0                   
54                              0                   1.53                0                   0                   
55                              0                   0.67                0                   0                   
56                              0                   1.67                0                   0                   
57                              0                   1.39                0                   0                   
58                              0                   1.11                0                   0                   
59                              0                   1.03                0                   0                   
6                               0                   0.073               0                   0                   
60                              1                   0.29                3.42                3.44                
61                              0                   0.28                0                   0                   
62                              0                   0.31                0                   0                   
63                              0                   0.27                0                   0                   
64                              0                   0.27                0                   0                   
65                              0                   0.45                0                   0                   
66                              0                   0.20                0                   0                   
67                              0                   0.11                0                   0                   
68                              0                   0.20                0                   0                   
69                              0                   0.27                0                   0                   
7                               0                   0.044               0                   0                   
70                              0                   0.031               0                   0                   
71                              0                   0.17                0                   0                   
72                              0                   0.14                0                   0                   
73                              0                   0.031               0                   0                   
74                              0                   0.51                0                   0                   
75                              0                   0.19                0                   0                   
76                              0                   0.39                0                   0                   
77                              0                   0.23                0                   0                   
78                              0                   0.17                0                   0                   
79                              0                   0.49                0                   0                   
8                               0                   0.033               0                   0                   
80                              0                   0.13                0                   0                   
81                              0                   2.04                0                   0                   
82                              0                   2.18                0                   0                   
83                              0                   0.41                0                   0                   
84                              0                   0.17                0                   0                   
85                              0                   1.26                0                   0                   
86                              0                   0.035               0                   0                   
87                              0                   0.031               0                   0                   
88                              0                   1.54                0                   0                   
89                              1                   2.08                0.48                0.48                
9                               0                   0.19                0                   0                   
90                              0                   2.89                0                   0                   
91                              0                   0.33                0                   0                   
92                              0                   0.86                0                   0                   
93                              1                   1.25                0.80                0.80                
94                              0                   0.95                0                   0                   
95                              0                   0.39                0                   0                   
96                              0                   0.69                0                   0                   
97                              0                   0.12                0                   0                   
98                              0                   0.028               0                   0                   
99                              0                   0.23                0                   0                   
