226                             1                   1e-17               477                 103.08              4.63                16.99               3852444.00          2                   1.24                1.62                1.62                46268.00            22.462656           120.475133          F 
229                             1                   1e-17               477                 103.08              4.63                16.99               3852444.00          2                   0.46                4.39                4.40                17023.00            22.441421           120.512509          F 
219                             1                   1e-17               477                 103.08              4.63                16.99               3852444.00          0                   0.27                0                   0                   10133.00            22.479807           120.518056          F 
221                             1                   1e-17               477                 103.08              4.63                16.99               3852444.00          1                   0.41                2.45                2.45                15272.00            22.515282           120.500660          F 
223                             1                   1e-17               477                 103.08              4.63                16.99               3852444.00          2                   0.89                2.23                2.24                33447.00            22.517190           120.450143          F 
216                             1                   1e-17               477                 103.08              4.63                16.99               3852444.00          1                   0.49                2.04                2.04                18321.00            22.429806           120.547612          F 
284                             1                   1e-17               477                 103.08              4.63                16.99               3852444.00          11                  1.84                5.97                6.06                68893.00            22.508137           120.399052          F 
224                             1                   1e-17               477                 103.08              4.63                16.99               3852444.00          1                   0.25                3.95                3.96                9451.00             22.486763           120.584626          F 
232                             1                   1e-17               477                 103.08              4.63                16.99               3852444.00          3                   1.43                2.09                2.10                53546.00            22.536429           120.556806          F 
238                             1                   1e-17               477                 103.08              4.63                16.99               3852444.00          1                   1.33                0.75                0.75                49696.00            22.588495           120.476619          F 
227                             1                   1e-17               477                 103.08              4.63                16.99               3852444.00          4                   0.62                6.43                6.47                23246.00            22.403342           120.597584          F 
237                             1                   1e-17               477                 103.08              4.63                16.99               3852444.00          1                   0.44                2.29                2.29                16318.00            22.588556           120.526638          F 
279                             1                   1e-17               477                 103.08              4.63                16.99               3852444.00          5                   4.17                1.20                1.20                156035.00           22.551402           120.359261          F 
247                             1                   1e-17               477                 103.08              4.63                16.99               3852444.00          4                   2.99                1.34                1.34                111933.00           22.592836           120.411147          F 
235                             1                   1e-17               477                 103.08              4.63                16.99               3852444.00          0                   0.32                0                   0                   12104.00            22.340003           120.371047          F 
239                             1                   1e-17               477                 103.08              4.63                16.99               3852444.00          1                   0.53                1.88                1.88                19915.00            22.582335           120.601817          F 
280                             1                   1e-17               477                 103.08              4.63                16.99               3852444.00          27                  9.58                2.82                2.90                357946.00           22.613793           120.355436          F 
246                             1                   1e-17               477                 103.08              4.63                16.99               3852444.00          0                   0.28                0                   0                   10629.00            22.648764           120.529969          F 
217                             1                   1e-17               477                 103.08              4.63                16.99               3852444.00          0                   0.20                0                   0                   7397.00             22.501572           120.685723          F 
220                             1                   1e-17               477                 103.08              4.63                16.99               3852444.00          5                   5.24                0.95                0.95                195862.00           22.664738           120.479995          F 
277                             1                   1e-17               477                 103.08              4.63                16.99               3852444.00          24                  5.62                4.27                4.40                210009.00           22.585656           120.289154          F 
225                             1                   1e-17               477                 103.08              4.63                16.99               3852444.00          1                   0.13                7.58                7.59                4930.00             22.403998           120.697580          F 
276                             1                   1e-17               477                 103.08              4.63                16.99               3852444.00          11                  4.40                2.50                2.53                164572.00           22.623594           120.320910          F 
218                             1                   1e-17               477                 103.08              4.63                16.99               3852444.00          0                   1.41                0                   0                   52544.00            22.651169           120.588822          F 
251                             1                   1e-17               477                 103.08              4.63                16.99               3852444.00          7                   1.19                5.89                5.95                44393.00            22.662493           120.372778          F 
274                             1                   1e-17               477                 103.08              4.63                16.99               3852444.00          1                   1.32                0.76                0.76                49383.00            22.629929           120.306734          F 
275                             1                   1e-17               477                 103.08              4.63                16.99               3852444.00          2                   0.71                2.83                2.84                26416.00            22.626991           120.294422          F 
273                             1                   1e-17               477                 103.08              4.63                16.99               3852444.00          18                  8.91                2.02                2.05                333038.00           22.649899           120.317919          F 
269                             1                   1e-17               477                 103.08              4.63                16.99               3852444.00          1                   0.61                1.63                1.63                22912.00            22.624246           120.284233          F 
242                             1                   1e-17               477                 103.08              4.63                16.99               3852444.00          2                   0.78                2.55                2.55                29337.00            22.694550           120.555979          F 
230                             1                   1e-17               477                 103.08              4.63                16.99               3852444.00          1                   0.14                6.97                6.98                5360.00             22.604085           120.691793          F 
248                             1                   1e-17               477                 103.08              4.63                16.99               3852444.00          10                  1.10                9.06                9.19                41257.00            22.711004           120.425407          F 
228                             1                   1e-17               477                 103.08              4.63                16.99               3852444.00          1                   0.14                7.26                7.27                5150.00             22.270870           120.656767          F 
249                             1                   1e-17               477                 103.08              4.63                16.99               3852444.00          8                   0.91                8.78                8.88                34050.00            22.701208           120.360526          F 
270                             1                   1e-17               477                 103.08              4.63                16.99               3852444.00          9                   3.76                2.40                2.42                140410.00           22.650195           120.274163          F 
215                             1                   1e-17               477                 103.08              4.63                16.99               3852444.00          1                   0.58                1.72                1.72                21734.00            22.731668           120.484504          F 
271                             1                   1e-17               477                 103.08              4.63                16.99               3852444.00          55                  5.25                10.47               11.40               196314.00           22.683957           120.295159          F 
236                             1                   1e-17               477                 103.08              4.63                16.99               3852444.00          1                   0.20                5.08                5.09                7353.00             22.671078           120.679924          F 
245                             1                   1e-17               477                 103.08              4.63                16.99               3852444.00          1                   0.66                1.52                1.52                24586.00            22.742536           120.569394          F 
250                             1                   1e-17               477                 103.08              4.63                16.99               3852444.00          2                   2.50                0.80                0.80                93581.00            22.739835           120.370799          F 
272                             1                   1e-17               477                 103.08              4.63                16.99               3852444.00          59                  5.09                11.60               12.72               190149.00           22.721100           120.300758          F 
234                             1                   1e-17               477                 103.08              4.63                16.99               3852444.00          2                   0.13                15.29               15.34               4888.00             22.260849           120.735645          F 
252                             1                   1e-17               477                 103.08              4.63                16.99               3852444.00          8                   1.07                7.46                7.54                40094.00            22.752524           120.300653          F 
241                             1                   1e-17               477                 103.08              4.63                16.99               3852444.00          2                   0.69                2.91                2.92                25696.00            22.798548           120.506128          F 
253                             1                   1e-17               477                 103.08              4.63                16.99               3852444.00          4                   0.78                5.11                5.14                29244.00            22.787696           120.370799          F 
119                             1                   1e-17               477                 103.08              4.63                16.99               3852444.00          0                   0.092               0                   0                   3437.00             22.384307           120.835524          F 
261                             1                   1e-17               477                 103.08              4.63                16.99               3852444.00          19                  0.94                20.22               20.83               35117.00            22.748209           120.259399          F 
244                             1                   1e-17               477                 103.08              4.63                16.99               3852444.00          0                   0.63                0                   0                   23439.00            22.809920           120.601768          F 
120                             1                   1e-17               477                 103.08              4.63                16.99               3852444.00          0                   0.098               0                   0                   3663.00             22.581617           120.857038          F 
281                             1                   1e-17               477                 103.08              4.63                16.99               3852444.00          7                   2.57                2.73                2.75                95922.00            22.805059           120.297891          F 
260                             1                   1e-17               477                 103.08              4.63                16.99               3852444.00          4                   0.50                8.03                8.07                18627.00            22.779445           120.239457          F 
214                             1                   1e-17               477                 103.08              4.63                16.99               3852444.00          2                   0.21                9.69                9.72                7711.00             22.797868           120.686522          F 
110                             1                   1e-17               477                 103.08              4.63                16.99               3852444.00          0                   0.15                0                   0                   5635.00             22.383595           120.899170          F 
282                             1                   1e-17               477                 103.08              4.63                16.99               3852444.00          0                   0.94                0                   0                   35162.00            22.864970           120.475455          F 
254                             1                   1e-17               477                 103.08              4.63                16.99               3852444.00          1                   0.18                5.51                5.51                6788.00             22.863943           120.395984          F 
243                             1                   1e-17               477                 103.08              4.63                16.99               3852444.00          0                   0.087               0                   0                   3259.00             22.759905           120.800810          F 
259                             1                   1e-17               477                 103.08              4.63                16.99               3852444.00          1                   0.36                2.74                2.75                13618.00            22.822246           120.228051          F 
255                             1                   1e-17               477                 103.08              4.63                16.99               3852444.00          2                   0.75                2.67                2.67                28011.00            22.870229           120.321097          F 
256                             1                   1e-17               477                 103.08              4.63                16.99               3852444.00          7                   1.37                5.11                5.16                51217.00            22.857242           120.265987          F 
233                             1                   1e-17               477                 103.08              4.63                16.99               3852444.00          0                   0.13                0                   0                   4849.00             22.155529           120.817361          F 
283                             1                   1e-17               477                 103.08              4.63                16.99               3852444.00          2                   1.02                1.97                1.97                37949.00            22.900055           120.563463          F 
240                             1                   1e-17               477                 103.08              4.63                16.99               3852444.00          14                  0.22                63.96               65.42               8181.00             22.079156           120.743263          F 
111                             1                   1e-17               477                 103.08              4.63                16.99               3852444.00          0                   0.29                0                   0                   10819.00            22.590981           120.979764          F 
257                             1                   1e-17               477                 103.08              4.63                16.99               3852444.00          4                   0.79                5.04                5.07                29648.00            22.893250           120.225937          F 
258                             1                   1e-17               477                 103.08              4.63                16.99               3852444.00          43                  0.80                53.91               57.87               29812.00            22.882414           120.198052          F 
265                             1                   1e-17               477                 103.08              4.63                16.99               3852444.00          0                   0.37                0                   0                   13770.00            22.956688           120.471927          F 
173                             1                   1e-17               477                 103.08              4.63                16.99               3852444.00          0                   0.098               0                   0                   3668.00             22.954823           120.386937          F 
170                             1                   1e-17               477                 103.08              4.63                16.99               3852444.00          0                   0.91                0                   0                   33860.00            22.955779           120.334282          F 
165                             1                   1e-17               477                 103.08              4.63                16.99               3852444.00          1                   1.82                0.55                0.55                68001.00            22.946795           120.293063          F 
266                             1                   1e-17               477                 103.08              4.63                16.99               3852444.00          0                   0.050               0                   0                   1874.00             22.919933           120.752384          F 
140                             1                   1e-17               477                 103.08              4.63                16.99               3852444.00          16                  2.05                7.82                8.00                76497.00            22.941309           120.241879          F 
231                             1                   1e-17               477                 103.08              4.63                16.99               3852444.00          0                   0.20                0                   0                   7353.00             22.049300           120.843568          F 
264                             1                   1e-17               477                 103.08              4.63                16.99               3852444.00          1                   0.30                3.31                3.31                11288.00            22.996947           120.562197          F 
222                             1                   1e-17               477                 103.08              4.63                16.99               3852444.00          16                  0.81                19.87               20.38               30089.00            21.985316           120.763254          F 
146                             1                   1e-17               477                 103.08              4.63                16.99               3852444.00          35                  3.27                10.69               11.27               122345.00           22.955619           120.190374          F 
259                             2                   1e-17               265                 27.42               9.67                16.19               1024616.00          1                   0.36                2.74                2.75                13618.00            22.822246           120.228051          T 
260                             2                   1e-17               265                 27.42               9.67                16.19               1024616.00          4                   0.50                8.03                8.07                18627.00            22.779445           120.239457          T 
256                             2                   1e-17               265                 27.42               9.67                16.19               1024616.00          7                   1.37                5.11                5.16                51217.00            22.857242           120.265987          T 
258                             2                   1e-17               265                 27.42               9.67                16.19               1024616.00          43                  0.80                53.91               57.87               29812.00            22.882414           120.198052          T 
281                             2                   1e-17               265                 27.42               9.67                16.19               1024616.00          7                   2.57                2.73                2.75                95922.00            22.805059           120.297891          T 
257                             2                   1e-17               265                 27.42               9.67                16.19               1024616.00          4                   0.79                5.04                5.07                29648.00            22.893250           120.225937          T 
261                             2                   1e-17               265                 27.42               9.67                16.19               1024616.00          19                  0.94                20.22               20.83               35117.00            22.748209           120.259399          T 
252                             2                   1e-17               265                 27.42               9.67                16.19               1024616.00          8                   1.07                7.46                7.54                40094.00            22.752524           120.300653          T 
255                             2                   1e-17               265                 27.42               9.67                16.19               1024616.00          2                   0.75                2.67                2.67                28011.00            22.870229           120.321097          T 
140                             2                   1e-17               265                 27.42               9.67                16.19               1024616.00          16                  2.05                7.82                8.00                76497.00            22.941309           120.241879          T 
272                             2                   1e-17               265                 27.42               9.67                16.19               1024616.00          59                  5.09                11.60               12.72               190149.00           22.721100           120.300758          T 
253                             2                   1e-17               265                 27.42               9.67                16.19               1024616.00          4                   0.78                5.11                5.14                29244.00            22.787696           120.370799          T 
146                             2                   1e-17               265                 27.42               9.67                16.19               1024616.00          35                  3.27                10.69               11.27               122345.00           22.955619           120.190374          T 
165                             2                   1e-17               265                 27.42               9.67                16.19               1024616.00          1                   1.82                0.55                0.55                68001.00            22.946795           120.293063          T 
271                             2                   1e-17               265                 27.42               9.67                16.19               1024616.00          55                  5.25                10.47               11.40               196314.00           22.683957           120.295159          T 
222                             3                   1e-17               30                  1.02                29.30               30.74               38270.00            16                  0.81                19.87               20.38               30089.00            21.985316           120.763254          T 
240                             3                   1e-17               30                  1.02                29.30               30.74               38270.00            14                  0.22                63.96               65.42               8181.00             22.079156           120.743263          T 
276                             4                   0.00000000000000111 100                 36.10               2.77                3.11                1349079.00          11                  4.40                2.50                2.53                164572.00           22.623594           120.320910          T 
274                             4                   0.00000000000000111 100                 36.10               2.77                3.11                1349079.00          1                   1.32                0.76                0.76                49383.00            22.629929           120.306734          T 
275                             4                   0.00000000000000111 100                 36.10               2.77                3.11                1349079.00          2                   0.71                2.83                2.84                26416.00            22.626991           120.294422          T 
273                             4                   0.00000000000000111 100                 36.10               2.77                3.11                1349079.00          18                  8.91                2.02                2.05                333038.00           22.649899           120.317919          T 
280                             4                   0.00000000000000111 100                 36.10               2.77                3.11                1349079.00          27                  9.58                2.82                2.90                357946.00           22.613793           120.355436          T 
269                             4                   0.00000000000000111 100                 36.10               2.77                3.11                1349079.00          1                   0.61                1.63                1.63                22912.00            22.624246           120.284233          T 
277                             4                   0.00000000000000111 100                 36.10               2.77                3.11                1349079.00          24                  5.62                4.27                4.40                210009.00           22.585656           120.289154          T 
270                             4                   0.00000000000000111 100                 36.10               2.77                3.11                1349079.00          9                   3.76                2.40                2.42                140410.00           22.650195           120.274163          T 
251                             4                   0.00000000000000111 100                 36.10               2.77                3.11                1349079.00          7                   1.19                5.89                5.95                44393.00            22.662493           120.372778          T 
217                             5                   0.00000900          66                  29.93               2.21                2.35                1118487.00          0                   0.20                0                   0                   7397.00             22.501572           120.685723          T 
224                             5                   0.00000900          66                  29.93               2.21                2.35                1118487.00          1                   0.25                3.95                3.96                9451.00             22.486763           120.584626          T 
225                             5                   0.00000900          66                  29.93               2.21                2.35                1118487.00          1                   0.13                7.58                7.59                4930.00             22.403998           120.697580          T 
230                             5                   0.00000900          66                  29.93               2.21                2.35                1118487.00          1                   0.14                6.97                6.98                5360.00             22.604085           120.691793          T 
239                             5                   0.00000900          66                  29.93               2.21                2.35                1118487.00          1                   0.53                1.88                1.88                19915.00            22.582335           120.601817          T 
232                             5                   0.00000900          66                  29.93               2.21                2.35                1118487.00          3                   1.43                2.09                2.10                53546.00            22.536429           120.556806          T 
227                             5                   0.00000900          66                  29.93               2.21                2.35                1118487.00          4                   0.62                6.43                6.47                23246.00            22.403342           120.597584          T 
216                             5                   0.00000900          66                  29.93               2.21                2.35                1118487.00          1                   0.49                2.04                2.04                18321.00            22.429806           120.547612          T 
219                             5                   0.00000900          66                  29.93               2.21                2.35                1118487.00          0                   0.27                0                   0                   10133.00            22.479807           120.518056          T 
236                             5                   0.00000900          66                  29.93               2.21                2.35                1118487.00          1                   0.20                5.08                5.09                7353.00             22.671078           120.679924          T 
237                             5                   0.00000900          66                  29.93               2.21                2.35                1118487.00          1                   0.44                2.29                2.29                16318.00            22.588556           120.526638          T 
229                             5                   0.00000900          66                  29.93               2.21                2.35                1118487.00          2                   0.46                4.39                4.40                17023.00            22.441421           120.512509          T 
221                             5                   0.00000900          66                  29.93               2.21                2.35                1118487.00          1                   0.41                2.45                2.45                15272.00            22.515282           120.500660          T 
218                             5                   0.00000900          66                  29.93               2.21                2.35                1118487.00          0                   1.41                0                   0                   52544.00            22.651169           120.588822          T 
120                             5                   0.00000900          66                  29.93               2.21                2.35                1118487.00          0                   0.098               0                   0                   3663.00             22.581617           120.857038          T 
119                             5                   0.00000900          66                  29.93               2.21                2.35                1118487.00          0                   0.092               0                   0                   3437.00             22.384307           120.835524          T 
226                             5                   0.00000900          66                  29.93               2.21                2.35                1118487.00          2                   1.24                1.62                1.62                46268.00            22.462656           120.475133          T 
246                             5                   0.00000900          66                  29.93               2.21                2.35                1118487.00          0                   0.28                0                   0                   10629.00            22.648764           120.529969          T 
238                             5                   0.00000900          66                  29.93               2.21                2.35                1118487.00          1                   1.33                0.75                0.75                49696.00            22.588495           120.476619          T 
223                             5                   0.00000900          66                  29.93               2.21                2.35                1118487.00          2                   0.89                2.23                2.24                33447.00            22.517190           120.450143          T 
242                             5                   0.00000900          66                  29.93               2.21                2.35                1118487.00          2                   0.78                2.55                2.55                29337.00            22.694550           120.555979          T 
110                             5                   0.00000900          66                  29.93               2.21                2.35                1118487.00          0                   0.15                0                   0                   5635.00             22.383595           120.899170          T 
228                             5                   0.00000900          66                  29.93               2.21                2.35                1118487.00          1                   0.14                7.26                7.27                5150.00             22.270870           120.656767          T 
234                             5                   0.00000900          66                  29.93               2.21                2.35                1118487.00          2                   0.13                15.29               15.34               4888.00             22.260849           120.735645          T 
220                             5                   0.00000900          66                  29.93               2.21                2.35                1118487.00          5                   5.24                0.95                0.95                195862.00           22.664738           120.479995          T 
245                             5                   0.00000900          66                  29.93               2.21                2.35                1118487.00          1                   0.66                1.52                1.52                24586.00            22.742536           120.569394          T 
284                             5                   0.00000900          66                  29.93               2.21                2.35                1118487.00          11                  1.84                5.97                6.06                68893.00            22.508137           120.399052          T 
247                             5                   0.00000900          66                  29.93               2.21                2.35                1118487.00          4                   2.99                1.34                1.34                111933.00           22.592836           120.411147          T 
243                             5                   0.00000900          66                  29.93               2.21                2.35                1118487.00          0                   0.087               0                   0                   3259.00             22.759905           120.800810          T 
111                             5                   0.00000900          66                  29.93               2.21                2.35                1118487.00          0                   0.29                0                   0                   10819.00            22.590981           120.979764          T 
215                             5                   0.00000900          66                  29.93               2.21                2.35                1118487.00          1                   0.58                1.72                1.72                21734.00            22.731668           120.484504          T 
214                             5                   0.00000900          66                  29.93               2.21                2.35                1118487.00          2                   0.21                9.69                9.72                7711.00             22.797868           120.686522          T 
279                             5                   0.00000900          66                  29.93               2.21                2.35                1118487.00          5                   4.17                1.20                1.20                156035.00           22.551402           120.359261          T 
244                             5                   0.00000900          66                  29.93               2.21                2.35                1118487.00          0                   0.63                0                   0                   23439.00            22.809920           120.601768          T 
248                             5                   0.00000900          66                  29.93               2.21                2.35                1118487.00          10                  1.10                9.06                9.19                41257.00            22.711004           120.425407          T 
263                             6                   0.277               3                   0.15                19.37               19.46               5788.00             3                   0.15                19.37               19.46               5788.00             23.116550           120.623289          F 
319                             7                   0.999               6                   2.07                2.90                2.92                77245.00            6                   2.07                2.90                2.92                77245.00            24.083927           120.629330          F 
