1                               0                   2.30                0                   0                   
10                              0                   0.86                0                   0                   
100                             0                   0.12                0                   0                   
101                             0                   0.20                0                   0                   
102                             0                   0.35                0                   0                   
103                             0                   3.10                0                   0                   
104                             0                   0.21                0                   0                   
105                             0                   0.35                0                   0                   
106                             0                   0.15                0                   0                   
107                             0                   1.38                0                   0                   
108                             0                   0.28                0                   0                   
109                             2                   1.67                1.20                1.20                
11                              0                   0.22                0                   0                   
110                             0                   0.10                0                   0                   
111                             0                   0.18                0                   0                   
112                             0                   0.055               0                   0                   
113                             0                   0.23                0                   0                   
114                             0                   0.14                0                   0                   
115                             0                   0.14                0                   0                   
116                             0                   0.068               0                   0                   
117                             0                   0.056               0                   0                   
118                             0                   0.076               0                   0                   
119                             0                   0.059               0                   0                   
12                              0                   1.19                0                   0                   
120                             0                   0.054               0                   0                   
121                             0                   0.12                0                   0                   
122                             0                   0.14                0                   0                   
123                             0                   0.13                0                   0                   
124                             0                   0.21                0                   0                   
125                             0                   0.095               0                   0                   
126                             0                   1.28                0                   0                   
127                             0                   0.28                0                   0                   
128                             0                   0.17                0                   0                   
129                             0                   0.31                0                   0                   
13                              1                   2.47                0.40                0.40                
130                             0                   0.40                0                   0                   
131                             0                   0.19                0                   0                   
132                             1                   0.24                4.21                4.22                
133                             0                   1.67                0                   0                   
134                             0                   0.10                0                   0                   
135                             0                   0.072               0                   0                   
136                             0                   0.18                0                   0                   
137                             0                   0.37                0                   0                   
138                             0                   0.39                0                   0                   
139                             2                   1.22                1.64                1.64                
14                              0                   1.50                0                   0                   
140                             14                  1.13                12.42               12.88               
141                             0                   0.92                0                   0                   
142                             2                   0.36                5.55                5.58                
143                             0                   2.06                0                   0                   
144                             0                   0.18                0                   0                   
145                             0                   0.14                0                   0                   
146                             29                  1.95                14.84               16.06               
147                             0                   0.70                0                   0                   
148                             0                   0.16                0                   0                   
149                             0                   0.42                0                   0                   
15                              0                   0.32                0                   0                   
150                             4                   2.88                1.39                1.39                
151                             0                   0.47                0                   0                   
152                             1                   1.00                1.00                1.00                
153                             0                   0.34                0                   0                   
154                             0                   0.32                0                   0                   
155                             0                   0.12                0                   0                   
156                             0                   0.081               0                   0                   
157                             0                   0.39                0                   0                   
158                             1                   0.68                1.47                1.47                
159                             1                   0.55                1.82                1.82                
16                              0                   0.48                0                   0                   
160                             0                   1.22                0                   0                   
161                             1                   2.98                0.34                0.33                
162                             0                   0.35                0                   0                   
163                             0                   0.34                0                   0                   
164                             0                   0.16                0                   0                   
165                             1                   1.04                0.96                0.96                
166                             3                   3.53                0.85                0.85                
167                             1                   0.23                4.34                4.35                
168                             1                   0.47                2.13                2.13                
169                             0                   0.39                0                   0                   
17                              1                   5.90                0.17                0.17                
170                             0                   0.55                0                   0                   
171                             0                   0.41                0                   0                   
172                             0                   0.70                0                   0                   
173                             0                   0.067               0                   0                   
174                             1                   1.93                0.52                0.52                
175                             0                   2.29                0                   0                   
176                             0                   0.73                0                   0                   
177                             0                   0.39                0                   0                   
178                             0                   0.071               0                   0                   
179                             0                   0.51                0                   0                   
18                              2                   2.79                0.72                0.71                
180                             0                   0.58                0                   0                   
181                             0                   0.45                0                   0                   
182                             0                   0.52                0                   0                   
183                             0                   0.68                0                   0                   
184                             0                   0.41                0                   0                   
185                             0                   0.32                0                   0                   
186                             0                   1.12                0                   0                   
187                             0                   0.80                0                   0                   
188                             0                   0.24                0                   0                   
189                             0                   0.19                0                   0                   
19                              0                   1.30                0                   0                   
190                             0                   0.58                0                   0                   
191                             2                   0.31                6.47                6.50                
192                             0                   0.089               0                   0                   
193                             0                   0.26                0                   0                   
194                             0                   0.45                0                   0                   
195                             0                   0.43                0                   0                   
196                             0                   0.65                0                   0                   
197                             1                   0.46                2.19                2.19                
198                             0                   0.51                0                   0                   
199                             1                   0.39                2.58                2.59                
2                               0                   3.18                0                   0                   
20                              0                   1.43                0                   0                   
200                             0                   0.40                0                   0                   
201                             0                   0.46                0                   0                   
202                             0                   0.32                0                   0                   
203                             0                   0.41                0                   0                   
204                             0                   1.68                0                   0                   
205                             1                   0.72                1.39                1.39                
206                             0                   0.25                0                   0                   
207                             0                   0.30                0                   0                   
208                             0                   0.42                0                   0                   
209                             0                   0.46                0                   0                   
21                              0                   3.29                0                   0                   
210                             0                   1.10                0                   0                   
211                             0                   0.21                0                   0                   
212                             0                   0.74                0                   0                   
213                             0                   0.66                0                   0                   
214                             0                   0.12                0                   0                   
215                             0                   0.35                0                   0                   
216                             1                   0.32                3.13                3.14                
217                             0                   0.12                0                   0                   
218                             0                   0.88                0                   0                   
219                             0                   0.18                0                   0                   
22                              0                   0.17                0                   0                   
220                             2                   3.20                0.62                0.62                
221                             0                   0.26                0                   0                   
222                             5                   0.48                10.43               10.56               
223                             1                   0.58                1.73                1.73                
224                             0                   0.16                0                   0                   
225                             0                   0.075               0                   0                   
226                             1                   0.76                1.32                1.32                
227                             3                   0.40                7.50                7.56                
228                             0                   0.090               0                   0                   
229                             1                   0.30                3.28                3.29                
23                              0                   0.75                0                   0                   
230                             0                   0.080               0                   0                   
231                             0                   0.13                0                   0                   
232                             2                   0.86                2.33                2.34                
233                             0                   0.074               0                   0                   
234                             2                   0.074               26.92               27.06               
235                             0                   0.19                0                   0                   
236                             1                   0.13                7.91                7.93                
237                             0                   0.28                0                   0                   
238                             0                   0.82                0                   0                   
239                             0                   0.33                0                   0                   
24                              0                   6.46                0                   0                   
240                             10                  0.14                70.58               72.58               
241                             2                   0.41                4.85                4.87                
242                             1                   0.47                2.11                2.11                
243                             0                   0.050               0                   0                   
244                             0                   0.40                0                   0                   
245                             1                   0.41                2.41                2.41                
246                             0                   0.18                0                   0                   
247                             3                   1.72                1.75                1.75                
248                             5                   0.68                7.40                7.49                
249                             3                   0.53                5.66                5.69                
25                              1                   2.42                0.41                0.41                
250                             1                   1.24                0.81                0.81                
251                             1                   0.68                1.47                1.47                
252                             3                   0.58                5.21                5.25                
253                             2                   0.48                4.21                4.23                
254                             1                   0.12                8.31                8.33                
255                             0                   0.46                0                   0                   
256                             5                   0.83                6.06                6.13                
257                             4                   0.45                8.80                8.89                
258                             41                  0.48                85.37               96.25               
259                             0                   0.22                0                   0                   
26                              0                   2.33                0                   0                   
260                             2                   0.31                6.45                6.48                
261                             17                  0.57                30.03               31.48               
262                             1                   0.22                4.61                4.62                
263                             2                   0.10                19.95               20.05               
264                             1                   0.20                5.11                5.12                
265                             0                   0.24                0                   0                   
266                             0                   0.029               0                   0                   
267                             0                   0.069               0                   0                   
268                             0                   0.049               0                   0                   
269                             0                   0.40                0                   0                   
27                              0                   0.98                0                   0                   
270                             5                   2.10                2.38                2.40                
271                             42                  3.04                13.81               15.51               
272                             38                  2.76                13.75               15.26               
273                             9                   5.42                1.66                1.68                
274                             0                   0.83                0                   0                   
275                             1                   0.44                2.29                2.30                
276                             5                   2.76                1.81                1.82                
277 et al                       9                   3.48                2.58                2.62                
279                             1                   2.43                0.41                0.41                
28                              1                   1.80                0.56                0.55                
280                             11                  5.49                2.01                2.04                
281                             6                   1.52                3.94                3.99                
282                             0                   0.60                0                   0                   
283                             1                   0.65                1.54                1.54                
284                             3                   1.10                2.74                2.75                
285                             0                   0.22                0                   0                   
286                             0                   0.20                0                   0                   
287                             1                   0.22                4.58                4.59                
288                             0                   1.37                0                   0                   
289                             0                   0.55                0                   0                   
29                              0                   2.19                0                   0                   
290                             0                   0.28                0                   0                   
291                             0                   1.13                0                   0                   
292                             0                   0.26                0                   0                   
293                             0                   0.78                0                   0                   
294                             1                   1.34                0.75                0.75                
295                             0                   0.16                0                   0                   
296                             0                   0.23                0                   0                   
297                             0                   0.26                0                   0                   
298                             0                   0.31                0                   0                   
299                             1                   2.30                0.43                0.43                
3                               0                   1.18                0                   0                   
30                              0                   0.11                0                   0                   
300                             1                   3.98                0.25                0.25                
301                             1                   1.84                0.54                0.54                
302                             2                   2.49                0.80                0.80                
303                             0                   0.84                0                   0                   
304                             0                   0.16                0                   0                   
305                             0                   0.50                0                   0                   
306                             0                   0.31                0                   0                   
307                             0                   1.21                0                   0                   
308                             2                   0.87                2.30                2.30                
309                             1                   3.19                0.31                0.31                
31                              0                   0.27                0                   0                   
310                             1                   1.43                0.70                0.70                
311                             1                   2.78                0.36                0.36                
312                             0                   0.39                0                   0                   
313                             0                   0.81                0                   0                   
314                             0                   1.16                0                   0                   
315                             0                   0.87                0                   0                   
316                             0                   1.34                0                   0                   
317                             0                   1.34                0                   0                   
318                             0                   1.63                0                   0                   
319                             1                   1.10                0.91                0.91                
32                              0                   0.54                0                   0                   
320                             0                   0.24                0                   0                   
321                             0                   1.01                0                   0                   
322                             2                   1.81                1.10                1.10                
323                             0                   3.35                0                   0                   
324                             1                   2.58                0.39                0.39                
325                             0                   1.00                0                   0                   
326                             0                   1.18                0                   0                   
327                             0                   0.82                0                   0                   
328                             0                   0.25                0                   0                   
329                             0                   0.56                0                   0                   
33                              0                   0.29                0                   0                   
330                             0                   0.52                0                   0                   
331                             0                   1.41                0                   0                   
332                             0                   1.94                0                   0                   
333                             0                   0.55                0                   0                   
334                             0                   0.52                0                   0                   
335                             1                   0.49                2.06                2.06                
336                             0                   0.28                0                   0                   
337                             0                   0.57                0                   0                   
338                             2                   3.67                0.54                0.54                
339                             0                   0.60                0                   0                   
34                              0                   0.17                0                   0                   
340                             1                   0.48                2.08                2.09                
341                             0                   0.87                0                   0                   
342                             0                   0.67                0                   0                   
343                             0                   0.44                0                   0                   
344                             1                   0.68                1.47                1.47                
345                             0                   0.75                0                   0                   
346                             0                   0.61                0                   0                   
347                             0                   0.25                0                   0                   
348                             0                   0.27                0                   0                   
349                             0                   0.38                0                   0                   
35                              0                   0.24                0                   0                   
350                             0                   0.72                0                   0                   
351                             0                   0.55                0                   0                   
352                             0                   1.34                0                   0                   
36                              0                   0.60                0                   0                   
37                              0                   0.093               0                   0                   
38                              0                   0.073               0                   0                   
39                              0                   1.28                0                   0                   
4                               0                   0.071               0                   0                   
40                              0                   0.75                0                   0                   
41                              0                   1.42                0                   0                   
42                              0                   0.12                0                   0                   
43                              0                   0.58                0                   0                   
44                              0                   0.21                0                   0                   
45                              0                   0.30                0                   0                   
46                              0                   1.58                0                   0                   
47                              0                   0.18                0                   0                   
48                              0                   3.56                0                   0                   
49                              0                   2.54                0                   0                   
5                               0                   0.15                0                   0                   
50                              0                   3.56                0                   0                   
51                              0                   4.40                0                   0                   
52                              0                   3.97                0                   0                   
53                              0                   1.86                0                   0                   
54                              0                   4.51                0                   0                   
55                              0                   2.02                0                   0                   
56                              0                   4.88                0                   0                   
57                              0                   4.22                0                   0                   
58                              0                   3.27                0                   0                   
59                              0                   3.01                0                   0                   
6                               0                   0.22                0                   0                   
60                              1                   0.84                1.19                1.19                
61                              0                   0.77                0                   0                   
62                              0                   0.83                0                   0                   
63                              0                   0.73                0                   0                   
64                              0                   0.80                0                   0                   
65                              0                   1.27                0                   0                   
66                              0                   0.59                0                   0                   
67                              0                   0.33                0                   0                   
68                              0                   0.61                0                   0                   
69                              0                   0.84                0                   0                   
7                               0                   0.14                0                   0                   
70                              0                   0.092               0                   0                   
71                              0                   0.50                0                   0                   
72                              0                   0.38                0                   0                   
73                              0                   0.093               0                   0                   
74                              0                   1.49                0                   0                   
75                              0                   0.56                0                   0                   
76                              0                   1.13                0                   0                   
77                              0                   0.64                0                   0                   
78                              0                   0.47                0                   0                   
79                              0                   1.71                0                   0                   
8                               0                   0.090               0                   0                   
80                              0                   0.37                0                   0                   
81                              0                   6.06                0                   0                   
82                              0                   6.47                0                   0                   
83                              1                   1.27                0.79                0.79                
84                              0                   0.56                0                   0                   
85                              0                   3.72                0                   0                   
86                              0                   0.10                0                   0                   
87                              0                   0.078               0                   0                   
88                              0                   4.65                0                   0                   
89                              1                   6.38                0.16                0.15                
9                               0                   0.54                0                   0                   
90                              1                   8.66                0.12                0.11                
91                              0                   1.46                0                   0                   
92                              0                   2.85                0                   0                   
93                              2                   3.56                0.56                0.56                
94                              0                   3.02                0                   0                   
95                              0                   1.21                0                   0                   
96                              0                   2.42                0                   0                   
97                              0                   0.37                0                   0                   
98                              0                   0.094               0                   0                   
99                              0                   0.65                0                   0                   
