7.042604            
4.155940            
3.405227            
3.697545            
4.142511            
3.170988            
7.246271            
4.240757            
9.907766            
3.246721            
4.158046            
5.087197            
3.816105            
6.286474            
4.765437            
3.899853            
7.768825            
4.491441            
5.780897            
3.286654            
6.276779            
5.473471            
4.543431            
4.867386            
5.210860            
6.365833            
6.287546            
8.553101            
2.970877            
6.026962            
4.323217            
4.656526            
5.650465            
4.462740            
4.164230            
4.630465            
5.166732            
4.812542            
4.001304            
4.841624            
3.829226            
5.246171            
3.662236            
7.755159            
4.257627            
4.282917            
6.473135            
3.270107            
4.055988            
4.758756            
4.608585            
4.182652            
4.237878            
5.605627            
3.228793            
5.924252            
7.993585            
3.699802            
5.165724            
5.080613            
4.500142            
5.475201            
4.765952            
5.787206            
5.214874            
5.420225            
3.657740            
4.796617            
6.229161            
6.291216            
3.667234            
4.471879            
4.148072            
6.734990            
6.241476            
3.797797            
4.690660            
7.341549            
3.826726            
5.562562            
7.977022            
4.669790            
4.758756            
7.510854            
4.690660            
6.171440            
4.661081            
4.652641            
5.574352            
6.330236            
7.048140            
5.205555            
4.690660            
6.609628            
5.816943            
7.814985            
6.882244            
4.354083            
3.823595            
5.755846            
3.898919            
6.115959            
3.507317            
8.491006            
5.574176            
4.665203            
5.943825            
6.401032            
4.653461            
3.929603            
3.786536            
4.760971            
4.832148            
6.418959            
4.759460            
3.086559            
4.724428            
3.522595            
4.913442            
2.673618            
4.279761            
4.589911            
5.478974            
4.698479            
4.854929            
5.763445            
5.626324            
7.234426            
4.886512            
2.942014            
4.015258            
4.344519            
4.962582            
6.808330            
6.862129            
6.473029            
4.607103            
6.970738            
5.935586            
2.729013            
6.667738            
6.219129            
3.605297            
4.108688            
5.338427            
7.377139            
13.931852           
4.447123            
4.677207            
4.866446            
5.339272            
2.717163            
2.745760            
3.956636            
3.986917            
3.961501            
5.639428            
6.006561            
5.735035            
7.039742            
4.873523            
3.596764            
2.907300            
6.120958            
5.100714            
4.447308            
7.051991            
4.164664            
4.434287            
9.165272            
7.412733            
4.987422            
6.371617            
5.864842            
4.907065            
4.083450            
5.355412            
4.496970            
3.714664            
4.209264            
3.780212            
5.733309            
4.329957            
3.959151            
4.903891            
5.062911            
4.317667            
5.183582            
5.568122            
7.291429            
5.719167            
5.337418            
5.865345            
5.222802            
5.177725            
4.963641            
6.018693            
5.719809            
4.222612            
5.309703            
6.163596            
5.858399            
3.111466            
3.442222            
3.826769            
3.634565            
3.148891            
5.476342            
5.973703            
4.280587            
6.665633            
4.324761            
3.270916            
7.404659            
5.212617            
4.844467            
5.706898            
4.910184            
5.815743            
6.431761            
4.723918            
5.172929            
4.616320            
6.933188            
3.958254            
4.928472            
4.654839            
6.085511            
4.655361            
4.665359            
5.084951            
4.275050            
4.726142            
6.421199            
4.114591            
4.677092            
5.256128            
5.371781            
6.445565            
4.633719            
3.322786            
6.416479            
3.804655            
9.227198            
3.638794            
7.288289            
4.783323            
8.929605            
5.475391            
3.788436            
5.286999            
4.329671            
6.915227            
4.359813            
3.712746            
4.567474            
3.352980            
5.561362            
4.328929            
5.857036            
4.385009            
5.094144            
5.079944            
3.324383            
4.819516            
4.626946            
5.540127            
5.295917            
7.499021            
4.050486            
2.712320            
4.248926            
4.940705            
5.699999            
9.363695            
4.319902            
3.958858            
4.222612            
6.008858            
4.896046            
3.292312            
5.346592            
5.151582            
5.714544            
3.085335            
3.887998            
6.834699            
5.289698            
6.223680            
3.638794            
5.288135            
6.000036            
3.701383            
4.372376            
5.617255            
5.049743            
4.252781            
7.027825            
3.952107            
4.923846            
7.622621            
7.373174            
3.605648            
5.798312            
6.292031            
5.540481            
4.330819            
5.891075            
5.853305            
3.977848            
5.699999            
6.215644            
4.000710            
5.823374            
2.692097            
5.317567            
3.465788            
3.628904            
5.309216            
2.950130            
6.521502            
4.399033            
5.778206            
7.069620            
3.008576            
3.089726            
5.698868            
4.684150            
5.127148            
5.476035            
4.714564            
3.684555            
4.627046            
3.481940            
4.301359            
3.343110            
5.866466            
5.079700            
4.887877            
5.096539            
4.736289            
3.608531            
5.301934            
3.603761            
3.955431            
5.428478            
4.617770            
3.890046            
7.290882            
5.638918            
5.624494            
3.655686            
8.901103            
6.379445            
7.009836            
5.399969            
3.909814            
7.215570            
7.273651            
4.520863            
4.959166            
5.367997            
5.294500            
7.905687            
3.481940            
3.481023            
6.608469            
5.242591            
3.127534            
4.951292            
4.405558            
4.369871            
3.793720            
7.669318            
4.997758            
4.523834            
3.628276            
2.615614            
5.924252            
4.629740            
5.545564            
5.250836            
5.722121            
3.579439            
4.872690            
4.356430            
7.756996            
5.309126            
6.326703            
7.023796            
3.986917            
6.241241            
6.552477            
7.023796            
4.016117            
3.316784            
4.839915            
8.674279            
4.801357            
4.330513            
4.949804            
3.215150            
7.896362            
8.566481            
3.851037            
6.064445            
4.366554            
6.141363            
4.201181            
7.135668            
3.480364            
5.177449            
4.377682            
4.944773            
4.593242            
4.722929            
5.109312            
5.802401            
8.578255            
4.702712            
5.672707            
5.604009            
6.254298            
4.529387            
4.874409            
3.175393            
4.980386            
4.886512            
4.410524            
2.897951            
5.999910            
9.314521            
6.329109            
5.595041            
5.603786            
4.879807            
2.639259            
4.353584            
2.955223            
3.540442            
3.872186            
5.332121            
4.122565            
4.815634            
5.028011            
5.214218            
4.532950            
4.429771            
8.014281            
4.763774            
6.552545            
4.145937            
5.573427            
6.759382            
6.008804            
3.467253            
5.177449            
3.745894            
3.177153            
5.081000            
4.387120            
4.844467            
5.161326            
4.517200            
5.319766            
6.260060            
4.372292            
5.355412            
3.375706            
4.786398            
4.971265            
5.062911            
2.623614            
5.098410            
3.151025            
3.917027            
4.795636            
5.227904            
3.507819            
3.999092            
4.605817            
2.513214            
4.287640            
2.944824            
5.452264            
7.181332            
3.667935            
6.347957            
4.301359            
6.418959            
4.842216            
5.364727            
4.203855            
7.714318            
4.785040            
5.269012            
4.856150            
4.588833            
2.727746            
5.399642            
3.565288            
4.934428            
3.826769            
4.281838            
4.306341            
4.131478            
6.021372            
3.397136            
4.663907            
6.503676            
6.214441            
4.210643            
3.696720            
6.718106            
3.760750            
2.497965            
3.857722            
4.277724            
7.654729            
3.607707            
6.957479            
4.713181            
5.751844            
5.189364            
3.554646            
5.970159            
4.836398            
4.401931            
7.454430            
4.091881            
5.620434            
5.617255            
4.196855            
6.321559            
4.490139            
7.787673            
5.260992            
6.293052            
4.621704            
5.249660            
4.680929            
3.915945            
5.378453            
5.521072            
5.330013            
5.706028            
5.661500            
4.407949            
6.430522            
3.638548            
5.721971            
6.403332            
5.223565            
5.689528            
3.880476            
6.128939            
3.797547            
6.866987            
5.364727            
3.212637            
5.347849            
3.295456            
5.605952            
5.042145            
5.982624            
4.441455            
5.256540            
4.272409            
6.697432            
5.952993            
4.019589            
6.913333            
4.933534            
3.769640            
5.803378            
4.578560            
6.667176            
3.280988            
6.209331            
4.477860            
5.776413            
4.490139            
4.329733            
6.828643            
6.425256            
6.855177            
6.022860            
4.825599            
5.313973            
5.917298            
4.855818            
6.358314            
5.422781            
4.068060            
4.870970            
4.677828            
5.978158            
4.675648            
5.077498            
4.398239            
4.471192            
6.326518            
5.184496            
5.283296            
4.143157            
6.081023            
5.918985            
4.199450            
5.903653            
5.327223            
5.340850            
7.358673            
4.003672            
4.668388            
4.316381            
8.181801            
4.370121            
5.086647            
5.418836            
10.394887           
3.358796            
4.186077            
6.003793            
5.178891            
3.158195            
7.744680            
6.816785            
4.123464            
4.288396            
3.388886            
8.693482            
2.925369            
3.033392            
4.554180            
8.041977            
5.456574            
5.966995            
5.131173            
3.931434            
5.876187            
6.373646            
6.197143            
4.885023            
6.860797            
3.174358            
3.467458            
4.578272            
7.870044            
6.338475            
3.770267            
6.515564            
7.023796            
3.843486            
3.802966            
3.780212            
4.743289            
3.699802            
4.777506            
3.585671            
6.013025            
4.470899            
5.983581            
2.742371            
5.530644            
5.158188            
4.162876            
11.891907           
5.739375            
5.512853            
3.250048            
4.025588            
4.352472            
5.598863            
5.755846            
4.350683            
7.020265            
5.806751            
6.103976            
4.085230            
8.967197            
7.522890            
4.232035            
5.978876            
3.833780            
5.583585            
3.814278            
3.142859            
6.373646            
3.494057            
9.385764            
2.846518            
4.545448            
4.136843            
3.704308            
6.158941            
4.512097            
5.134330            
4.081422            
6.233211            
4.259892            
3.952002            
5.827616            
4.834120            
4.019589            
5.187845            
5.229206            
3.317977            
6.300888            
7.798517            
6.088146            
4.500142            
3.847051            
4.747918            
5.708825            
7.888415            
4.596773            
4.370139            
4.645632            
3.162543            
6.258619            
3.358796            
5.501010            
4.471739            
6.222254            
5.493636            
5.373841            
3.306864            
3.982225            
5.920763            
5.478974            
5.974704            
4.301359            
2.709115            
5.853305            
5.164529            
6.123134            
4.906731            
4.980536            
2.209087            
4.037326            
5.652713            
5.418836            
4.054864            
5.225612            
2.993888            
4.604433            
4.848765            
3.307331            
4.106297            
3.835065            
5.264700            
5.865983            
4.627046            
7.127674            
4.219580            
4.808778            
3.355512            
4.655361            
7.186745            
6.646414            
6.795971            
4.772026            
3.745847            
5.858378            
6.561165            
3.699802            
3.539022            
7.043995            
3.990022            
5.020402            
6.538817            
5.433075            
4.329426            
4.155940            
3.162543            
3.834521            
6.136000            
5.327021            
9.300854            
3.733208            
5.438055            
5.089057            
5.002330            
5.176419            
5.185800            
5.860639            
5.784862            
5.396393            
6.043654            
4.854825            
3.588095            
5.219290            
5.924252            
6.173016            
6.548009            
4.865542            
6.230198            
4.247560            
5.039425            
5.045069            
5.062911            
10.877638           
4.404888            
5.335987            
3.177068            
6.146574            
6.425831            
5.876187            
3.424590            
5.446961            
5.876187            
4.635759            
4.329462            
4.513495            
3.152136            
4.921077            
3.129152            
6.831780            
4.389452            
4.372817            
5.920588            
4.394517            
3.035256            
5.801423            
3.117036            
4.398485            
5.645159            
5.729453            
3.735918            
3.608531            
6.587278            
4.819516            
4.274942            
10.240307           
5.343816            
4.495939            
6.675291            
6.089451            
4.326826            
5.816024            
4.545293            
6.348891            
7.529694            
3.870074            
6.199317            
2.582788            
7.209879            
8.259053            
4.679204            
6.126250            
5.497697            
6.457240            
6.622616            
7.511367            
3.322566            
2.894651            
4.552798            
4.019589            
3.753380            
4.576763            
4.884912            
6.761370            
5.739375            
3.329681            
3.534076            
7.574133            
4.453139            
3.576416            
5.332818            
3.655413            
6.123134            
6.462081            
4.873735            
4.490184            
5.256128            
3.112549            
6.942925            
3.189874            
3.751099            
5.346669            
10.309836           
4.625866            
3.106657            
7.188837            
5.271174            
3.380216            
4.200802            
3.896803            
3.958254            
5.484164            
5.497620            
6.241241            
5.078365            
7.075505            
3.296141            
6.347714            
4.550627            
6.260412            
5.546850            
7.213862            
5.731133            
2.969381            
5.967239            
5.101952            
6.651181            
4.725332            
3.571430            
3.417482            
5.854681            
5.337485            
4.149092            
4.067367            
3.043809            
6.554456            
3.431575            
4.457870            
4.690660            
5.796195            
5.527043            
5.971117            
4.096515            
5.471840            
6.791039            
6.586015            
8.919256            
4.946231            
4.328929            
5.856359            
3.699802            
3.793720            
5.140868            
5.920484            
5.755409            
4.702712            
4.854929            
3.623848            
4.019589            
7.460034            
5.689528            
5.606031            
5.998401            
8.299342            
4.618823            
4.841691            
4.594621            
5.215789            
4.783323            
3.365337            
5.125019            
6.752723            
3.952002            
4.110917            
4.278739            
3.769720            
6.303804            
5.911124            
4.715821            
5.354936            
7.631188            
6.041270            
7.173948            
5.685270            
2.987640            
11.670958           
5.766238            
4.927828            
3.564230            
6.215899            
3.096493            
5.697577            
5.085023            
7.249288            
5.561440            
5.068390            
5.958427            
5.092188            
4.589911            
4.932318            
5.459117            
2.994899            
8.147623            
2.759770            
4.201181            
4.717255            
7.328346            
5.627450            
6.069757            
2.923012            
3.441455            
4.891414            
4.987374            
3.846074            
2.960719            
5.517990            
4.513495            
5.954813            
5.689730            
6.300490            
4.906731            
