260                             1                   1e-17               26                  1.32                19.75               46.83               684072.00           1                   0.039               25.43               26.00               20433.00            22.779445           120.239457          T 
261                             1                   1e-17               26                  1.32                19.75               46.83               684072.00           3                   0.071               42.45               45.48               36726.00            22.748209           120.259399          T 
259                             1                   1e-17               26                  1.32                19.75               46.83               684072.00           0                   0.028               0                   0                   14301.00            22.822246           120.228051          T 
281                             1                   1e-17               26                  1.32                19.75               46.83               684072.00           2                   0.19                10.70               11.16               97102.00            22.805059           120.297891          T 
252                             1                   1e-17               26                  1.32                19.75               46.83               684072.00           1                   0.070               14.27               14.58               36415.00            22.752524           120.300653          T 
272                             1                   1e-17               26                  1.32                19.75               46.83               684072.00           8                   0.33                24.02               29.14               173053.00           22.721100           120.300758          T 
256                             1                   1e-17               26                  1.32                19.75               46.83               684072.00           0                   0.10                0                   0                   53791.00            22.857242           120.265987          T 
271                             1                   1e-17               26                  1.32                19.75               46.83               684072.00           9                   0.37                24.36               30.36               191991.00           22.683957           120.295159          T 
258                             1                   1e-17               26                  1.32                19.75               46.83               684072.00           1                   0.060               16.53               16.89               31433.00            22.882414           120.198052          T 
257                             1                   1e-17               26                  1.32                19.75               46.83               684072.00           1                   0.055               18.03               18.42               28827.00            22.893250           120.225937          T 
251                             2                   0.919               4                   0.80                4.99                5.39                416656.00           0                   0.082               0                   0                   42595.00            22.662493           120.372778          F 
249                             2                   0.919               4                   0.80                4.99                5.39                416656.00           1                   0.063               15.77               16.12               32941.00            22.701208           120.360526          F 
280                             2                   0.919               4                   0.80                4.99                5.39                416656.00           3                   0.66                4.57                4.83                341120.00           22.613793           120.355436          F 
158                             3                   0.919               2                   0.15                13.18               13.76               78836.00            1                   0.085               11.78               12.03               44096.00            23.033945           120.335796          F 
159                             3                   0.919               2                   0.15                13.18               13.76               78836.00            1                   0.067               14.96               15.28               34740.00            23.083195           120.292394          F 
146                             4                   0.999               2                   0.24                8.24                8.58                126173.00           2                   0.24                8.24                8.58                126173.00           22.955619           120.190374          F 
