8.427514            
5.853256            
3.383884            
3.834094            
8.638487            
1.902464            
2.061569            
4.190474            
4.452361            
2.543635            
3.494773            
3.923007            
2.282806            
7.723275            
5.251756            
2.132713            
3.962947            
4.030013            
3.077419            
7.372556            
1.609919            
2.476816            
2.711034            
3.925434            
6.277331            
3.958128            
5.066419            
3.394118            
4.570699            
5.588733            
6.277689            
5.732199            
5.307478            
2.493772            
5.138541            
3.148489            
5.219746            
3.864507            
3.761688            
5.173691            
2.392953            
7.064450            
2.661389            
2.941870            
5.386483            
6.253200            
2.107066            
3.848331            
6.936675            
10.250186           
2.522810            
5.220196            
5.115172            
7.724463            
3.995735            
2.955830            
2.782556            
3.570747            
6.049357            
4.141160            
5.374260            
5.444640            
5.493350            
1.942062            
4.847435            
6.449638            
3.995955            
3.559364            
1.380663            
3.028156            
1.599136            
1.684687            
2.081951            
4.153797            
2.945149            
3.949375            
5.065887            
4.960676            
2.458126            
3.489203            
5.548138            
3.416394            
7.278166            
3.000350            
7.130202            
5.262789            
5.782040            
2.783316            
4.158200            
9.884331            
4.109436            
4.634237            
5.202870            
2.080069            
4.222048            
3.986077            
5.116201            
4.666863            
5.413347            
5.025975            
2.308733            
4.406188            
3.313368            
4.058051            
4.977284            
2.792917            
6.123613            
2.449244            
7.457651            
1.874845            
4.234224            
1.631851            
3.269201            
3.500294            
3.981604            
5.089097            
6.885557            
4.302334            
6.819602            
5.562992            
1.770894            
3.623604            
1.712646            
2.034100            
4.931034            
7.357145            
3.511194            
3.997301            
2.888266            
3.605811            
4.614051            
2.081423            
3.132986            
5.732773            
6.402526            
6.922585            
5.865298            
6.741916            
7.808383            
4.327780            
4.599091            
3.406492            
4.143508            
3.976967            
2.396223            
2.850645            
3.886898            
3.416394            
2.213483            
4.851408            
11.733894           
3.233119            
4.216051            
1.862285            
7.283447            
2.490621            
6.450326            
6.089266            
2.179998            
4.334983            
5.765678            
5.868137            
3.132749            
4.490247            
4.558180            
7.410108            
3.060812            
4.699660            
3.572439            
2.723271            
3.059766            
7.105307            
4.714715            
2.447242            
7.703759            
2.698111            
5.050888            
2.396223            
5.114678            
1.990989            
3.943416            
4.533221            
5.323635            
2.092697            
5.238535            
4.294793            
2.452175            
3.771309            
2.844188            
3.514060            
2.485869            
1.039871            
6.276766            
4.987339            
2.132713            
7.450981            
4.702090            
5.730127            
1.382585            
3.236289            
2.570092            
6.123151            
4.220233            
2.702510            
2.827565            
4.426168            
1.997813            
4.280325            
6.908537            
4.765955            
3.751227            
2.113735            
4.071649            
6.199947            
8.158798            
5.092314            
3.688797            
3.776777            
3.182370            
2.504457            
2.788347            
5.607769            
2.210955            
4.630525            
2.707403            
4.272593            
5.179242            
4.931034            
4.246091            
3.318665            
6.624555            
4.135532            
4.423787            
3.285478            
2.505241            
4.012632            
5.211411            
10.771291           
5.642357            
5.360795            
5.050943            
3.044969            
1.505277            
7.132213            
4.775984            
4.670594            
5.768006            
5.030919            
4.132325            
5.950171            
5.126751            
2.244466            
3.862943            
6.115265            
1.665666            
5.733483            
2.733806            
4.161982            
5.580880            
4.845127            
3.923007            
3.873331            
3.730226            
4.252063            
3.852148            
7.201739            
4.180283            
4.942085            
3.838863            
4.809164            
1.832846            
3.428617            
3.797778            
6.211503            
3.675894            
6.592116            
3.925725            
2.860655            
3.535395            
4.959059            
0.995936            
7.036618            
3.988940            
3.951573            
2.867317            
4.471075            
4.916726            
3.005145            
1.669432            
3.562466            
2.519316            
3.181146            
3.406492            
7.149201            
4.971626            
9.619334            
3.819613            
6.956328            
3.959779            
3.338973            
1.706585            
2.644245            
4.846521            
5.360672            
4.813589            
4.051875            
3.573591            
5.492150            
2.602052            
2.921058            
4.563699            
3.169792            
2.437691            
3.734569            
2.663652            
2.618588            
5.223113            
4.019407            
3.103618            
3.306467            
4.112094            
3.444663            
4.879284            
4.499793            
2.415218            
6.613712            
3.795912            
6.238878            
5.526288            
3.648870            
6.403984            
5.150340            
6.285594            
3.306467            
3.036695            
2.626945            
3.787534            
5.521284            
3.626196            
9.523779            
3.841574            
4.614051            
2.957822            
3.399250            
3.666719            
3.499647            
5.364602            
5.651637            
4.941292            
5.259211            
5.556673            
4.809164            
5.984395            
4.309905            
3.032060            
4.530144            
4.321829            
6.923605            
1.706252            
5.005873            
8.720750            
6.208799            
4.596393            
3.415132            
5.911761            
3.798152            
7.364297            
5.571262            
1.456446            
3.768352            
4.158200            
5.787253            
2.475974            
4.118131            
5.205219            
10.113883           
5.601892            
1.972803            
2.590325            
4.787773            
2.031639            
7.462745            
3.619679            
3.594426            
4.684331            
5.640072            
5.858802            
4.235980            
3.459092            
1.850792            
2.584942            
6.587948            
4.300678            
4.958983            
4.196434            
3.308228            
2.822290            
2.002650            
4.844358            
3.464436            
4.478343            
3.749825            
4.294793            
4.627456            
4.081365            
5.521284            
3.367262            
6.548386            
2.857397            
4.274097            
4.727513            
5.591701            
1.902152            
4.423749            
1.424504            
5.438094            
5.555760            
9.019447            
3.775252            
6.007502            
8.708865            
2.919581            
5.477927            
4.644991            
3.901633            
1.725589            
2.310658            
2.949061            
7.939113            
5.576903            
4.156210            
1.391213            
2.470169            
4.002644            
4.154004            
4.129852            
2.274312            
3.132749            
2.468498            
1.429889            
4.847435            
2.781850            
4.971626            
4.610597            
4.300928            
3.144150            
3.091910            
6.046821            
1.982364            
6.827991            
2.452175            
2.640841            
5.425187            
9.698807            
7.403114            
5.960686            
2.416816            
7.776634            
2.474598            
2.739988            
4.417741            
2.588883            
4.261847            
4.703032            
2.521834            
5.511533            
3.988760            
3.406492            
3.836069            
4.803847            
2.960674            
5.595383            
2.506170            
5.211411            
2.860740            
2.485077            
4.415588            
4.984161            
2.073449            
2.438050            
3.583551            
5.305270            
1.871602            
4.916141            
5.077419            
5.599610            
1.206473            
4.493606            
3.703639            
4.947290            
2.453325            
4.380855            
4.699660            
4.126972            
3.523317            
8.285348            
3.735726            
3.594083            
4.761036            
3.563282            
2.290465            
7.799467            
4.181388            
3.608467            
6.220388            
3.698403            
6.952534            
3.132986            
5.017275            
4.461585            
3.311810            
14.639913           
5.999926            
3.096609            
4.211262            
2.985242            
5.848499            
2.605603            
5.504855            
1.648264            
4.107303            
3.477231            
2.651067            
4.161982            
3.005145            
5.202870            
5.086926            
1.338200            
0.936778            
4.804064            
1.907553            
4.211262            
2.571889            
4.246151            
3.122317            
6.191550            
4.989569            
5.555289            
3.515526            
4.990355            
3.399250            
4.109436            
7.283447            
2.003281            
3.506805            
3.059897            
4.752890            
6.148596            
3.659985            
5.202870            
3.090056            
2.155093            
4.616524            
4.753250            
5.288610            
5.329880            
2.219859            
1.876691            
5.120555            
6.575556            
4.504566            
6.007312            
3.790529            
3.730481            
4.971935            
1.617326            
5.700103            
3.158528            
2.603273            
1.753569            
3.948052            
2.781850            
5.365926            
4.106038            
3.605560            
1.491162            
4.329557            
6.322640            
2.107261            
3.433546            
4.803847            
4.418287            
4.560420            
1.218897            
3.970316            
2.289424            
3.984250            
4.699660            
4.416503            
2.647176            
6.401826            
5.220116            
2.254553            
2.807207            
3.995735            
5.926128            
5.211411            
3.794107            
3.514060            
3.605859            
4.822405            
6.707459            
3.708314            
4.278456            
4.466505            
5.393794            
3.182370            
3.122956            
4.326567            
3.539236            
6.699711            
1.467690            
7.491270            
5.426962            
2.310658            
6.946509            
5.366448            
4.883558            
4.512880            
3.199764            
9.317437            
5.937055            
4.466505            
3.582449            
2.077954            
6.570125            
3.091414            
5.157877            
4.804064            
4.128134            
9.006550            
4.735736            
5.076498            
4.211262            
3.761688            
4.355208            
5.235810            
5.229140            
1.055217            
2.946364            
6.444117            
7.687570            
2.179998            
2.104843            
2.453325            
5.374297            
1.052249            
5.977614            
2.355531            
6.720919            
3.948742            
3.648940            
3.053186            
4.533026            
5.444640            
2.805761            
4.451392            
1.907714            
5.995085            
4.699660            
4.604717            
3.588656            
3.648870            
5.123752            
4.007724            
4.725734            
4.679375            
4.213681            
2.229494            
7.047338            
3.637556            
3.802431            
2.678381            
0.911979            
3.630954            
1.706252            
5.727183            
8.271215            
1.015346            
7.527829            
2.193684            
2.840779            
5.689003            
3.147327            
3.097160            
3.772840            
4.075532            
5.114564            
2.329977            
2.783316            
2.600088            
2.521834            
5.423096            
4.624289            
5.490473            
3.611528            
3.816163            
2.564980            
3.323669            
1.406094            
4.501375            
2.819534            
6.131202            
3.540687            
7.068371            
4.596696            
3.836069            
4.710510            
3.540294            
3.006718            
2.818912            
2.250724            
6.360916            
3.809367            
5.931043            
5.826485            
4.987339            
3.837211            
7.600829            
5.903932            
6.101165            
3.115671            
2.626945            
3.775560            
3.457151            
6.128490            
2.535342            
4.780247            
1.468089            
7.647725            
6.865566            
5.996258            
3.588373            
9.611262            
4.188612            
3.850377            
2.336220            
3.629500            
5.221532            
6.908537            
4.461286            
4.438491            
1.428371            
6.859682            
4.750910            
2.245276            
4.765128            
1.909572            
6.361672            
3.799905            
5.587482            
2.247223            
6.217197            
2.333690            
3.486452            
4.156210            
2.003281            
7.726808            
4.534687            
6.075005            
4.174333            
4.804653            
6.075005            
4.072817            
4.171368            
3.555700            
3.313368            
4.597323            
4.145023            
4.402719            
7.070335            
7.821810            
2.146468            
4.079765            
3.973196            
5.202870            
1.850792            
3.391139            
5.219746            
6.101282            
9.091553            
3.567548            
3.916625            
2.713130            
4.228024            
3.257955            
5.379597            
1.988963            
5.242116            
1.640212            
3.608975            
6.376733            
2.092996            
2.875162            
2.491850            
2.303049            
4.712963            
2.416244            
3.398672            
4.070638            
4.330344            
5.555467            
2.196541            
4.038915            
5.088968            
7.443218            
4.534298            
4.006024            
2.875436            
4.879284            
3.487498            
2.749172            
3.231487            
3.613459            
3.386063            
3.013608            
2.936972            
6.680131            
4.573944            
6.687697            
3.633005            
1.885741            
5.441403            
4.274190            
5.768006            
2.424005            
5.114678            
5.777539            
1.964418            
2.210534            
4.869838            
2.985823            
3.118868            
3.634233            
2.684738            
4.523425            
3.283792            
7.265157            
4.211262            
2.152365            
3.055612            
3.394332            
9.332445            
5.365926            
4.125781            
3.289570            
2.333129            
6.634520            
3.515853            
4.208462            
4.515713            
4.585661            
3.391139            
2.101413            
3.816491            
9.635507            
2.766513            
2.659642            
1.941552            
4.365784            
4.158200            
4.116593            
2.529983            
3.308533            
7.765240            
2.448401            
4.027382            
4.505148            
3.565087            
6.571075            
2.441777            
3.666719            
3.435467            
1.653067            
5.138224            
5.076498            
3.339914            
6.135942            
4.471964            
4.439013            
1.836099            
4.836580            
2.205277            
5.089097            
2.210534            
3.416394            
5.084407            
6.245412            
5.626642            
3.831420            
8.772192            
1.789432            
2.724117            
5.425606            
2.783316            
5.949021            
5.853246            
5.988675            
9.003172            
2.173916            
3.515853            
3.164727            
3.828908            
3.293874            
5.292122            
8.315745            
4.971935            
4.558180            
2.779656            
4.603889            
4.365448            
3.773266            
1.980780            
2.626547            
2.453325            
3.804472            
4.710510            
6.286957            
2.570965            
3.867548            
3.406492            
8.007164            
2.819005            
3.389312            
3.657620            
6.555526            
1.386033            
3.309485            
1.919721            
4.560269            
6.300897            
1.639584            
3.047550            
3.886553            
3.405851            
2.424005            
7.142403            
5.960242            
3.543163            
3.879007            
2.490621            
4.710217            
2.961780            
3.110429            
1.891725            
2.490403            
2.417595            
1.980926            
7.346348            
5.674400            
4.819509            
2.176240            
6.314395            
3.735726            
3.643978            
1.441051            
2.286076            
4.977035            
1.523110            
1.246270            
3.515853            
2.168779            
3.443781            
6.231030            
3.946109            
3.771309            
7.290799            
2.832239            
2.974977            
3.334326            
7.090033            
4.012030            
2.107261            
4.124944            
5.236144            
6.632668            
4.194251            
3.976967            
1.182032            
4.583687            
8.034006            
2.935953            
4.458305            
3.188481            
2.769157            
3.269201            
5.972150            
5.165114            
3.237212            
2.072798            
2.221317            
2.833252            
7.185463            
3.615486            
3.049179            
7.904057            
2.193684            
4.159503            
8.254944            
