6.895044            
7.876207            
4.930433            
3.648267            
5.317953            
4.874218            
6.026201            
3.585623            
5.599189            
5.839655            
3.580289            
7.118104            
5.216869            
4.598719            
4.105765            
3.992610            
5.230392            
4.665281            
4.715110            
4.265327            
6.029414            
5.207708            
5.749291            
3.977794            
5.460465            
4.261576            
4.824284            
5.432114            
3.743533            
5.468015            
6.199898            
4.171752            
5.398935            
3.055163            
3.712176            
3.980490            
5.407951            
6.448884            
4.144989            
4.944067            
7.895271            
3.476392            
2.199186            
5.319643            
5.709127            
6.859868            
5.699166            
6.962562            
5.992068            
5.062932            
4.954546            
5.200878            
5.548376            
3.291128            
3.459115            
9.738325            
5.229914            
3.858781            
5.344589            
8.715929            
3.723704            
3.870841            
6.728015            
5.130240            
5.094049            
5.222719            
6.088416            
5.178384            
6.446807            
7.412007            
5.638386            
4.991194            
6.113707            
7.736060            
4.802099            
4.636031            
7.609393            
5.833159            
5.272915            
4.918806            
6.416321            
7.130059            
5.414966            
4.281341            
4.014775            
6.567668            
3.464825            
6.119485            
6.293863            
3.527336            
6.325963            
6.209872            
7.467008            
8.012386            
3.373343            
3.186029            
6.114380            
5.898384            
4.449933            
3.731806            
4.302764            
4.973528            
4.133995            
6.052148            
4.875411            
5.400827            
5.112161            
7.636109            
4.785147            
6.849709            
4.382419            
2.986072            
6.469401            
5.243769            
3.785919            
4.719110            
4.691282            
4.401292            
7.833793            
3.656209            
6.249406            
4.431669            
5.207708            
4.605620            
6.173663            
9.186501            
4.072612            
5.525747            
6.746436            
5.124211            
3.579680            
4.618865            
4.259445            
5.163058            
4.921388            
4.489856            
4.828769            
5.005137            
4.608896            
5.405513            
8.031935            
7.652540            
4.047432            
4.341900            
3.072530            
3.469518            
9.101375            
7.586619            
5.210134            
6.052974            
7.291085            
5.197444            
7.733695            
4.754055            
7.745938            
2.865296            
5.779727            
5.407550            
3.827439            
4.416164            
7.278202            
2.629722            
3.773977            
5.651189            
6.068063            
5.102419            
6.824878            
6.325929            
5.485535            
8.401080            
3.726465            
7.114928            
3.973419            
5.375162            
6.793524            
6.706271            
4.066860            
5.394409            
4.240564            
5.969305            
5.143820            
7.402397            
5.658549            
4.490888            
3.129783            
6.123349            
5.074934            
3.740443            
3.100401            
4.111923            
4.915719            
4.417540            
4.380403            
6.430063            
3.375352            
6.133866            
5.483905            
3.298393            
6.066182            
4.968856            
5.955303            
4.980173            
3.911463            
5.221896            
4.512206            
4.955856            
4.120150            
4.887615            
5.360645            
5.915457            
4.788471            
5.899385            
6.350143            
5.975201            
4.939123            
5.692004            
4.495262            
4.011770            
8.789820            
5.339566            
5.609386            
3.297555            
5.164911            
8.233581            
4.553111            
5.898384            
4.175941            
6.087216            
5.029602            
4.296610            
3.432456            
4.204589            
5.424375            
4.210342            
6.104270            
4.844574            
8.328313            
4.650429            
13.168378           
3.511073            
3.747117            
6.389137            
4.838818            
8.794226            
4.087218            
5.724760            
7.859763            
7.512282            
5.919100            
4.685037            
4.320047            
6.283726            
6.684790            
3.751522            
4.941029            
4.535334            
3.772612            
5.281376            
4.595916            
3.466252            
8.538797            
4.384383            
4.393971            
4.387889            
5.495409            
3.706422            
7.297447            
5.260933            
6.785680            
6.860250            
6.666572            
5.241665            
3.362921            
5.443744            
3.173078            
5.466088            
3.294897            
5.130513            
6.883696            
7.270245            
8.086406            
4.766727            
5.904531            
5.252988            
3.586788            
3.860218            
6.048251            
7.857245            
7.845941            
5.476500            
5.403919            
7.488681            
3.787877            
3.384468            
5.424167            
3.864350            
6.471829            
5.400682            
5.008506            
4.072612            
5.779661            
4.732913            
3.833448            
4.369996            
4.278282            
4.208026            
8.230048            
5.631742            
4.546817            
5.414918            
5.443744            
5.844535            
8.779319            
4.889025            
6.826596            
4.544563            
4.966059            
5.308410            
4.988669            
4.317436            
7.057334            
4.728844            
6.028419            
4.144453            
5.137888            
7.653764            
4.003461            
5.509595            
3.853448            
4.332118            
5.706218            
3.585623            
3.216385            
4.176466            
3.921278            
4.137687            
5.200850            
4.803637            
4.499961            
3.291128            
5.676550            
4.094643            
4.296610            
4.839798            
3.635505            
6.915226            
5.591449            
5.143670            
6.820173            
3.353189            
6.242269            
4.898167            
5.430606            
3.308307            
5.232313            
6.592758            
5.379807            
4.232257            
3.538249            
4.001753            
5.098402            
5.637049            
6.043455            
7.643046            
4.970057            
10.549957           
6.467760            
5.286631            
5.553365            
3.149017            
5.332165            
4.303786            
4.151803            
7.083011            
5.687277            
7.776117            
5.168530            
4.696160            
5.232244            
7.740947            
4.762468            
5.308583            
6.254458            
3.068750            
4.196834            
4.127102            
6.554070            
5.301015            
5.762258            
8.543631            
6.961863            
8.659440            
3.619199            
5.315032            
7.063616            
4.438671            
3.526175            
3.748889            
3.877087            
6.354241            
5.657848            
4.463592            
3.072530            
7.740947            
7.788870            
5.137813            
8.437794            
5.379231            
3.968595            
4.650114            
5.894528            
4.998165            
5.916956            
6.763310            
6.684790            
5.674652            
4.841234            
6.132062            
6.202899            
6.306903            
3.194703            
3.183759            
4.844585            
6.231954            
6.349350            
9.418155            
5.280278            
5.264895            
4.207174            
7.615762            
2.806438            
3.802257            
3.639054            
5.434431            
4.258528            
3.654499            
3.874184            
4.139542            
5.479348            
3.987448            
4.174658            
3.118000            
4.991194            
4.399120            
6.043561            
7.352434            
3.529680            
4.561726            
6.973132            
4.617884            
7.202061            
4.702662            
5.297842            
4.865197            
3.987251            
3.990381            
6.141301            
3.756521            
5.113027            
6.394041            
4.938760            
3.970138            
3.811832            
4.199556            
5.179589            
5.856801            
8.622893            
7.952813            
6.272395            
3.333549            
3.870272            
4.344552            
2.641486            
4.659112            
4.416164            
2.936742            
4.351023            
7.779872            
4.700814            
5.847415            
5.044471            
8.673185            
6.791069            
3.488436            
8.141778            
6.939542            
5.945310            
7.502375            
4.425017            
4.656265            
3.576562            
5.620233            
4.340635            
7.213572            
5.468932            
4.946822            
5.136178            
7.504303            
4.227069            
6.651618            
3.514319            
8.260100            
7.777590            
7.030671            
3.420644            
3.522106            
4.670813            
4.813445            
4.492589            
6.928500            
3.745348            
4.974193            
4.659112            
6.459214            
4.804595            
4.068128            
3.381650            
6.496577            
9.169816            
3.025604            
3.623176            
4.442146            
4.111304            
4.358646            
4.319293            
4.199998            
5.143820            
4.983150            
5.710442            
3.941705            
4.877253            
5.658549            
7.566284            
4.608461            
5.698275            
7.190522            
5.726033            
5.779728            
4.954546            
4.025746            
4.728540            
4.876800            
7.656450            
5.196186            
4.576760            
5.309364            
3.676984            
7.198387            
4.765160            
6.799075            
5.631149            
4.867549            
3.384295            
3.898499            
3.393711            
3.676984            
4.081183            
6.612298            
7.055374            
7.201603            
6.456690            
4.338036            
5.881327            
5.891592            
5.191982            
4.818979            
4.033120            
5.042738            
6.409291            
4.791892            
3.721328            
4.780343            
5.920837            
2.823176            
5.600306            
8.303205            
4.886622            
6.807319            
4.300354            
4.630140            
5.383835            
6.180183            
6.077254            
4.562383            
9.340337            
3.001687            
6.810622            
4.250816            
5.012755            
5.364246            
4.269714            
4.552552            
5.597625            
6.456489            
3.941721            
4.764156            
5.004125            
5.132950            
3.652059            
3.227099            
5.362762            
8.644970            
4.519736            
3.726750            
4.317508            
3.099727            
5.339566            
4.617032            
8.279899            
4.659112            
6.856143            
3.918668            
6.177233            
3.801465            
3.689600            
6.113444            
5.425526            
3.846713            
4.917824            
3.987251            
5.376188            
4.699842            
4.766727            
3.205690            
3.937731            
5.149780            
4.847056            
3.285629            
7.324962            
4.317588            
4.427298            
3.919820            
5.690401            
4.953479            
4.874070            
4.127236            
4.446665            
7.612714            
5.475646            
7.941230            
4.368054            
5.182798            
4.782058            
7.684217            
5.890289            
10.077396           
3.748268            
4.278282            
4.486239            
3.472870            
2.640785            
6.742959            
3.688695            
4.569817            
5.354449            
5.407951            
5.128068            
5.664886            
3.814709            
6.045260            
2.597601            
6.235541            
5.310241            
4.698087            
4.489738            
6.745765            
5.724571            
4.869239            
2.976886            
4.537069            
3.457704            
6.847924            
9.843369            
3.871391            
4.656265            
6.860469            
3.677404            
7.840502            
5.434431            
10.355186           
3.520482            
3.601027            
4.808557            
3.711803            
4.411138            
4.224911            
4.613856            
4.098951            
4.389390            
4.277501            
3.493350            
4.353980            
5.094589            
6.146556            
6.121864            
6.196736            
3.902245            
5.315111            
5.196930            
5.484909            
4.250816            
5.779727            
3.870272            
7.046651            
3.589121            
4.322636            
5.840378            
3.740060            
4.373019            
5.308410            
6.289322            
3.723993            
4.635193            
3.821099            
4.075117            
6.149954            
5.600053            
4.962572            
4.921611            
3.254093            
4.186038            
7.869934            
5.000299            
4.777118            
4.105765            
4.463077            
5.519471            
7.493154            
4.273462            
5.207708            
9.388091            
4.393323            
5.148774            
6.829198            
4.058089            
6.575674            
5.760872            
3.557703            
4.979920            
4.364576            
7.774018            
4.349776            
8.419870            
7.097543            
4.632925            
3.721328            
3.758568            
5.985807            
4.359407            
5.630270            
3.333115            
4.798911            
6.706271            
3.613231            
4.220296            
4.559472            
5.465128            
4.372509            
8.242741            
4.050491            
6.090930            
3.773170            
4.072612            
3.751376            
4.328470            
5.619628            
4.430477            
5.279949            
3.708377            
7.333944            
5.577213            
11.946704           
5.833159            
5.282298            
4.101571            
4.888028            
4.691115            
5.434054            
5.124211            
3.782115            
4.102560            
4.616041            
3.319262            
5.830404            
3.370136            
3.909791            
3.631912            
5.321406            
4.364855            
5.521743            
4.104886            
4.954125            
6.555007            
4.758503            
4.305600            
6.330909            
6.571912            
4.996366            
4.505615            
7.388697            
4.036545            
5.969305            
5.929035            
4.115026            
5.765419            
6.396336            
6.464800            
4.202664            
4.459315            
3.933267            
11.335899           
5.175737            
6.516318            
6.456690            
5.253071            
4.514560            
3.112305            
7.301514            
3.217231            
6.662439            
12.627373           
4.750937            
3.430302            
6.285731            
5.117839            
4.360605            
5.071759            
5.706229            
4.737153            
3.308574            
6.943068            
4.417540            
6.473297            
6.730604            
4.734483            
4.868837            
4.116709            
5.492876            
4.151531            
3.619199            
4.356104            
6.361608            
3.998486            
6.359672            
7.029266            
6.116949            
8.856539            
7.671671            
6.454023            
6.804750            
5.055752            
4.691282            
3.654039            
6.006325            
5.454743            
3.639044            
6.157706            
4.949587            
4.798911            
3.475438            
5.317900            
7.862636            
3.735454            
3.015421            
3.270821            
2.988397            
4.098015            
5.554156            
3.545973            
9.758701            
5.721660            
4.974090            
7.801015            
3.133865            
2.987295            
3.195754            
5.549139            
4.128869            
2.836309            
5.467236            
5.755958            
4.444914            
5.785679            
5.514861            
6.434922            
2.877999            
3.414281            
4.537081            
7.428939            
6.605767            
9.218624            
6.561340            
8.966207            
6.378468            
3.808904            
3.826428            
3.872664            
5.849642            
3.648267            
9.946094            
4.920598            
3.964319            
6.674297            
5.764700            
7.574496            
3.493263            
3.759005            
2.865620            
4.583893            
3.765674            
4.669185            
4.452201            
12.358192           
6.030905            
3.449430            
4.544762            
7.204911            
6.788175            
5.839655            
4.730729            
5.041419            
3.602504            
4.791892            
6.618022            
8.480767            
7.093371            
5.429289            
4.703050            
2.603307            
5.253264            
5.548376            
5.936357            
3.881445            
6.104270            
6.782800            
2.727880            
7.679602            
4.419898            
3.877693            
3.533769            
4.276691            
8.747549            
5.181121            
5.441670            
6.672099            
4.648009            
8.897322            
4.012883            
4.058089            
4.243591            
5.253071            
4.669268            
4.199556            
6.950183            
3.946356            
9.604955            
6.017215            
4.680756            
7.887072            
5.810460            
2.915634            
2.640785            
7.721309            
10.327294           
3.203386            
5.638168            
5.061979            
5.872075            
4.075117            
5.954005            
4.464463            
4.399120            
5.959313            
5.570454            
5.638993            
3.869020            
5.102419            
5.041108            
6.060422            
4.606126            
4.788917            
6.458668            
3.877794            
4.066860            
6.542441            
6.171940            
3.110250            
5.026709            
3.947601            
3.066310            
4.431263            
4.205385            
5.942441            
3.803073            
4.504838            
3.937731            
4.632925            
4.522686            
6.568820            
