219                             1                   1e-17               46                  10.65               4.32                21.28               4497794.00          0                   0.026               0                   0                   10808.00            22.479807           120.518056          T 
229                             1                   1e-17               46                  10.65               4.32                21.28               4497794.00          0                   0.043               0                   0                   18317.00            22.441421           120.512509          T 
221                             1                   1e-17               46                  10.65               4.32                21.28               4497794.00          1                   0.038               26.53               27.00               15916.00            22.515282           120.500660          T 
226                             1                   1e-17               46                  10.65               4.32                21.28               4497794.00          0                   0.11                0                   0                   48097.00            22.462656           120.475133          T 
216                             1                   1e-17               46                  10.65               4.32                21.28               4497794.00          0                   0.047               0                   0                   19689.00            22.429806           120.547612          T 
224                             1                   1e-17               46                  10.65               4.32                21.28               4497794.00          0                   0.024               0                   0                   9927.00             22.486763           120.584626          T 
232                             1                   1e-17               46                  10.65               4.32                21.28               4497794.00          0                   0.13                0                   0                   54703.00            22.536429           120.556806          T 
223                             1                   1e-17               46                  10.65               4.32                21.28               4497794.00          0                   0.084               0                   0                   35680.00            22.517190           120.450143          T 
227                             1                   1e-17               46                  10.65               4.32                21.28               4497794.00          0                   0.059               0                   0                   24826.00            22.403342           120.597584          T 
237                             1                   1e-17               46                  10.65               4.32                21.28               4497794.00          0                   0.041               0                   0                   17351.00            22.588556           120.526638          T 
284                             1                   1e-17               46                  10.65               4.32                21.28               4497794.00          2                   0.17                12.03               12.45               70201.00            22.508137           120.399052          T 
238                             1                   1e-17               46                  10.65               4.32                21.28               4497794.00          1                   0.12                8.24                8.37                51261.00            22.588495           120.476619          T 
239                             1                   1e-17               46                  10.65               4.32                21.28               4497794.00          0                   0.049               0                   0                   20609.00            22.582335           120.601817          T 
247                             1                   1e-17               46                  10.65               4.32                21.28               4497794.00          0                   0.27                0                   0                   112258.00           22.592836           120.411147          T 
217                             1                   1e-17               46                  10.65               4.32                21.28               4497794.00          0                   0.018               0                   0                   7494.00             22.501572           120.685723          T 
279                             1                   1e-17               46                  10.65               4.32                21.28               4497794.00          1                   0.37                2.69                2.72                157023.00           22.551402           120.359261          T 
246                             1                   1e-17               46                  10.65               4.32                21.28               4497794.00          0                   0.026               0                   0                   11125.00            22.648764           120.529969          T 
225                             1                   1e-17               46                  10.65               4.32                21.28               4497794.00          0                   0.011               0                   0                   4855.00             22.403998           120.697580          T 
218                             1                   1e-17               46                  10.65               4.32                21.28               4497794.00          0                   0.13                0                   0                   55181.00            22.651169           120.588822          T 
220                             1                   1e-17               46                  10.65               4.32                21.28               4497794.00          0                   0.48                0                   0                   201644.00           22.664738           120.479995          T 
235                             1                   1e-17               46                  10.65               4.32                21.28               4497794.00          0                   0.029               0                   0                   12423.00            22.340003           120.371047          T 
280                             1                   1e-17               46                  10.65               4.32                21.28               4497794.00          3                   0.85                3.54                3.69                357768.00           22.613793           120.355436          T 
230                             1                   1e-17               46                  10.65               4.32                21.28               4497794.00          0                   0.012               0                   0                   5262.00             22.604085           120.691793          T 
242                             1                   1e-17               46                  10.65               4.32                21.28               4497794.00          0                   0.071               0                   0                   30159.00            22.694550           120.555979          T 
251                             1                   1e-17               46                  10.65               4.32                21.28               4497794.00          2                   0.10                19.08               19.76               44265.00            22.662493           120.372778          T 
276                             1                   1e-17               46                  10.65               4.32                21.28               4497794.00          2                   0.41                4.88                5.03                172895.00           22.623594           120.320910          T 
277                             1                   1e-17               46                  10.65               4.32                21.28               4497794.00          2                   0.52                3.84                3.94                220160.00           22.585656           120.289154          T 
236                             1                   1e-17               46                  10.65               4.32                21.28               4497794.00          0                   0.019               0                   0                   7847.00             22.671078           120.679924          T 
228                             1                   1e-17               46                  10.65               4.32                21.28               4497794.00          0                   0.013               0                   0                   5535.00             22.270870           120.656767          T 
274                             1                   1e-17               46                  10.65               4.32                21.28               4497794.00          1                   0.12                8.21                8.34                51431.00            22.629929           120.306734          T 
248                             1                   1e-17               46                  10.65               4.32                21.28               4497794.00          4                   0.10                39.22               42.22               43067.00            22.711004           120.425407          T 
273                             1                   1e-17               46                  10.65               4.32                21.28               4497794.00          2                   0.82                2.45                2.50                344888.00           22.649899           120.317919          T 
275                             1                   1e-17               46                  10.65               4.32                21.28               4497794.00          1                   0.064               15.55               15.82               27151.00            22.626991           120.294422          T 
215                             1                   1e-17               46                  10.65               4.32                21.28               4497794.00          0                   0.052               0                   0                   22083.00            22.731668           120.484504          T 
269                             1                   1e-17               46                  10.65               4.32                21.28               4497794.00          0                   0.058               0                   0                   24659.00            22.624246           120.284233          T 
249                             1                   1e-17               46                  10.65               4.32                21.28               4497794.00          3                   0.082               36.60               38.65               34615.00            22.701208           120.360526          T 
245                             1                   1e-17               46                  10.65               4.32                21.28               4497794.00          0                   0.062               0                   0                   26199.00            22.742536           120.569394          T 
270                             1                   1e-17               46                  10.65               4.32                21.28               4497794.00          0                   0.33                0                   0                   138099.00           22.650195           120.274163          T 
271                             1                   1e-17               46                  10.65               4.32                21.28               4497794.00          3                   0.47                6.43                6.75                196936.00           22.683957           120.295159          T 
250                             1                   1e-17               46                  10.65               4.32                21.28               4497794.00          0                   0.20                0                   0                   84122.00            22.739835           120.370799          T 
234                             1                   1e-17               46                  10.65               4.32                21.28               4497794.00          0                   0.011               0                   0                   4827.00             22.260849           120.735645          T 
119                             1                   1e-17               46                  10.65               4.32                21.28               4497794.00          0                   0.0083              0                   0                   3524.00             22.384307           120.835524          T 
272                             1                   1e-17               46                  10.65               4.32                21.28               4497794.00          2                   0.43                4.64                4.78                181845.00           22.721100           120.300758          T 
241                             1                   1e-17               46                  10.65               4.32                21.28               4497794.00          0                   0.064               0                   0                   26995.00            22.798548           120.506128          T 
120                             1                   1e-17               46                  10.65               4.32                21.28               4497794.00          0                   0.0086              0                   0                   3612.00             22.581617           120.857038          T 
253                             1                   1e-17               46                  10.65               4.32                21.28               4497794.00          0                   0.071               0                   0                   29960.00            22.787696           120.370799          T 
252                             1                   1e-17               46                  10.65               4.32                21.28               4497794.00          2                   0.089               22.55               23.37               37448.00            22.752524           120.300653          T 
244                             1                   1e-17               46                  10.65               4.32                21.28               4497794.00          0                   0.059               0                   0                   24882.00            22.809920           120.601768          T 
214                             1                   1e-17               46                  10.65               4.32                21.28               4497794.00          0                   0.018               0                   0                   7662.00             22.797868           120.686522          T 
261                             1                   1e-17               46                  10.65               4.32                21.28               4497794.00          1                   0.086               11.65               11.85               36252.00            22.748209           120.259399          T 
110                             1                   1e-17               46                  10.65               4.32                21.28               4497794.00          0                   0.015               0                   0                   6238.00             22.383595           120.899170          T 
243                             1                   1e-17               46                  10.65               4.32                21.28               4497794.00          0                   0.0078              0                   0                   3285.00             22.759905           120.800810          T 
281                             1                   1e-17               46                  10.65               4.32                21.28               4497794.00          0                   0.23                0                   0                   97643.00            22.805059           120.297891          T 
282                             1                   1e-17               46                  10.65               4.32                21.28               4497794.00          0                   0.088               0                   0                   37342.00            22.864970           120.475455          T 
260                             1                   1e-17               46                  10.65               4.32                21.28               4497794.00          0                   0.046               0                   0                   19555.00            22.779445           120.239457          T 
254                             1                   1e-17               46                  10.65               4.32                21.28               4497794.00          0                   0.017               0                   0                   7340.00             22.863943           120.395984          T 
283                             1                   1e-17               46                  10.65               4.32                21.28               4497794.00          1                   0.096               10.45               10.63               40399.00            22.900055           120.563463          T 
233                             1                   1e-17               46                  10.65               4.32                21.28               4497794.00          0                   0.011               0                   0                   4853.00             22.155529           120.817361          T 
255                             1                   1e-17               46                  10.65               4.32                21.28               4497794.00          0                   0.069               0                   0                   29093.00            22.870229           120.321097          T 
259                             1                   1e-17               46                  10.65               4.32                21.28               4497794.00          0                   0.033               0                   0                   14039.00            22.822246           120.228051          T 
111                             1                   1e-17               46                  10.65               4.32                21.28               4497794.00          0                   0.027               0                   0                   11304.00            22.590981           120.979764          T 
256                             1                   1e-17               46                  10.65               4.32                21.28               4497794.00          2                   0.13                15.93               16.50               53007.00            22.857242           120.265987          T 
240                             1                   1e-17               46                  10.65               4.32                21.28               4497794.00          0                   0.021               0                   0                   8741.00             22.079156           120.743263          T 
265                             1                   1e-17               46                  10.65               4.32                21.28               4497794.00          0                   0.035               0                   0                   14743.00            22.956688           120.471927          T 
173                             1                   1e-17               46                  10.65               4.32                21.28               4497794.00          0                   0.0097              0                   0                   4107.00             22.954823           120.386937          T 
266                             1                   1e-17               46                  10.65               4.32                21.28               4497794.00          0                   0.0045              0                   0                   1896.00             22.919933           120.752384          T 
257                             1                   1e-17               46                  10.65               4.32                21.28               4497794.00          0                   0.071               0                   0                   29876.00            22.893250           120.225937          T 
258                             1                   1e-17               46                  10.65               4.32                21.28               4497794.00          0                   0.072               0                   0                   30412.00            22.882414           120.198052          T 
170                             1                   1e-17               46                  10.65               4.32                21.28               4497794.00          0                   0.082               0                   0                   34601.00            22.955779           120.334282          T 
165                             1                   1e-17               46                  10.65               4.32                21.28               4497794.00          0                   0.16                0                   0                   68170.00            22.946795           120.293063          T 
264                             1                   1e-17               46                  10.65               4.32                21.28               4497794.00          0                   0.029               0                   0                   12201.00            22.996947           120.562197          T 
231                             1                   1e-17               46                  10.65               4.32                21.28               4497794.00          0                   0.019               0                   0                   7847.00             22.049300           120.843568          T 
140                             1                   1e-17               46                  10.65               4.32                21.28               4497794.00          2                   0.18                11.32               11.70               74637.00            22.941309           120.241879          T 
108                             1                   1e-17               46                  10.65               4.32                21.28               4497794.00          0                   0.041               0                   0                   17443.00            22.764945           121.001552          T 
222                             1                   1e-17               46                  10.65               4.32                21.28               4497794.00          5                   0.073               68.59               75.35               30783.00            21.985316           120.763254          T 
262                             1                   1e-17               46                  10.65               4.32                21.28               4497794.00          0                   0.031               0                   0                   13217.00            23.011954           120.658563          T 
156                             1                   1e-17               46                  10.65               4.32                21.28               4497794.00          0                   0.012               0                   0                   4980.00             23.026046           120.412392          T 
146                             1                   1e-17               46                  10.65               4.32                21.28               4497794.00          1                   0.30                3.36                3.40                125768.00           22.955619           120.190374          T 
161                             1                   1e-17               46                  10.65               4.32                21.28               4497794.00          0                   0.44                0                   0                   187834.00           22.981782           120.228186          T 
158                             1                   1e-17               46                  10.65               4.32                21.28               4497794.00          0                   0.10                0                   0                   43727.00            23.033945           120.335796          T 
139                             1                   1e-17               46                  10.65               4.32                21.28               4497794.00          0                   0.18                0                   0                   76967.00            22.995945           120.192874          T 
166                             1                   1e-17               46                  10.65               4.32                21.28               4497794.00          2                   0.55                3.64                3.74                232210.00           23.027295           120.254279          T 
