4.685961            
6.631115            
6.365768            
5.746371            
5.737839            
5.708931            
6.670070            
7.500429            
4.906374            
5.223550            
4.679035            
5.130813            
4.665338            
6.783105            
4.726525            
4.093640            
5.739705            
5.714153            
5.249329            
4.107879            
4.212941            
6.129913            
4.242723            
4.148502            
5.713117            
6.432393            
5.166526            
5.591146            
8.459404            
5.216120            
5.408810            
5.123316            
7.696167            
5.406153            
5.597561            
3.462059            
4.929885            
5.831342            
5.449158            
6.887336            
5.545823            
4.024070            
5.312495            
4.722067            
6.530056            
3.466362            
9.905194            
4.199549            
4.894246            
2.946865            
5.585314            
4.622056            
9.906661            
5.823624            
5.925531            
4.746056            
4.714800            
5.036778            
5.591146            
4.527292            
5.305886            
7.670982            
5.346430            
5.252692            
4.637492            
5.294459            
4.677912            
7.737928            
3.615157            
6.767505            
5.227738            
7.715226            
4.518401            
7.046762            
5.201036            
4.585159            
7.188643            
6.623535            
4.017733            
4.353802            
4.142851            
7.014270            
3.520075            
6.435409            
4.255348            
4.880763            
6.986064            
4.869774            
9.315241            
4.758000            
8.534360            
4.066026            
6.516557            
5.494199            
7.452600            
4.886940            
5.358128            
4.349704            
5.382103            
4.988955            
6.145635            
6.410402            
3.795064            
6.251189            
4.794878            
5.788951            
6.196543            
6.109652            
5.240991            
5.263071            
5.691603            
4.648376            
4.364699            
5.376521            
2.815015            
5.466832            
6.869043            
4.463130            
4.567154            
4.652588            
6.831759            
5.168125            
6.555798            
5.266259            
11.658273           
9.573753            
3.901910            
3.891544            
4.625140            
4.509601            
5.347255            
12.321000           
8.972040            
3.270468            
3.633600            
6.354218            
3.966440            
5.413886            
4.441861            
4.644465            
6.460575            
5.098425            
5.843745            
3.845868            
4.882654            
5.291033            
6.913403            
4.277008            
4.282582            
5.682583            
4.917281            
4.374251            
5.508478            
3.955285            
3.428577            
4.512884            
5.531797            
4.529912            
5.937129            
3.811440            
4.516091            
5.522256            
5.384457            
6.741314            
5.223152            
3.492266            
5.650373            
4.567154            
8.190369            
5.725613            
6.806784            
4.060444            
7.117415            
7.679403            
5.506958            
3.373578            
4.511998            
4.233230            
7.320452            
3.995609            
4.809648            
7.728406            
5.914201            
5.412912            
7.177818            
5.192927            
4.620370            
5.837604            
4.877972            
3.840517            
6.435409            
3.926113            
5.064521            
4.447575            
4.138150            
7.303756            
3.255471            
5.807377            
5.494270            
8.759793            
8.521448            
5.505162            
6.165367            
5.293168            
3.994757            
4.659847            
4.374251            
7.482211            
9.190470            
5.523241            
6.837684            
5.146490            
6.836590            
7.107186            
4.280954            
4.170557            
5.611495            
5.224392            
3.627025            
4.160824            
5.362846            
4.341682            
4.894662            
6.145461            
5.137014            
6.666438            
5.093730            
4.509875            
3.722147            
6.175424            
4.142701            
7.169490            
5.222944            
4.073695            
5.605710            
4.779998            
4.986727            
4.902831            
4.490526            
4.633937            
4.029363            
4.770215            
5.859199            
3.314495            
5.658266            
6.387658            
5.369148            
6.044285            
9.553710            
4.615394            
5.200776            
6.462047            
6.831312            
6.418949            
5.849158            
9.041306            
6.121033            
4.794878            
4.136962            
4.804199            
3.532989            
7.414802            
4.633670            
4.625140            
5.192059            
3.272481            
6.134781            
6.176047            
8.310681            
5.070346            
5.283620            
4.551384            
4.893494            
7.209795            
4.912198            
6.486587            
4.351575            
7.464673            
6.274766            
3.304499            
4.955584            
4.193446            
6.996901            
3.999687            
5.146490            
4.063793            
3.910701            
6.820001            
6.011600            
5.343489            
4.306834            
4.985017            
8.678290            
6.322694            
5.873719            
4.930276            
6.447220            
7.935708            
3.857073            
7.146088            
4.670500            
5.316891            
6.881097            
6.458237            
8.232044            
6.157819            
4.512634            
7.970075            
4.156682            
5.017618            
8.022673            
4.576554            
5.843745            
4.468800            
2.994843            
10.263716           
4.691225            
4.909538            
7.528765            
4.890472            
8.984926            
6.293536            
6.947582            
4.236758            
5.329314            
6.925922            
4.765001            
4.738037            
5.087260            
5.926778            
10.099475           
5.494927            
5.164586            
6.142715            
4.353671            
4.621508            
7.521925            
5.019415            
4.274616            
5.275571            
4.450711            
3.826183            
4.272601            
5.587263            
3.762530            
6.595332            
4.196525            
3.568013            
5.433225            
4.933224            
6.336857            
4.174356            
5.202698            
6.447113            
4.844750            
4.130488            
5.992983            
5.190611            
4.455898            
5.420647            
4.737852            
5.453693            
4.233177            
3.153787            
3.194218            
6.705663            
6.071800            
5.376521            
5.831342            
3.841475            
4.679035            
3.889656            
6.529243            
5.220608            
6.223876            
6.479903            
6.090867            
5.576746            
4.899812            
8.061420            
7.864796            
4.354440            
4.864092            
5.070829            
5.338223            
6.443875            
3.592072            
6.280533            
5.131501            
5.824206            
6.073590            
4.648876            
4.226975            
5.389706            
6.910441            
6.622281            
5.238742            
7.228955            
6.466403            
4.831386            
4.829810            
5.182910            
4.143636            
6.898116            
8.907023            
6.486587            
4.639858            
5.303757            
6.791878            
6.719069            
4.853990            
7.857530            
4.305438            
4.460922            
5.070823            
3.974996            
6.622657            
4.490846            
8.771407            
7.547380            
4.933224            
4.926064            
5.948320            
6.015407            
5.318268            
7.686442            
5.705772            
5.151945            
6.129602            
4.561433            
7.222242            
5.816176            
5.130875            
3.806044            
4.796632            
4.311976            
5.601782            
4.543866            
9.077972            
11.183338           
3.962525            
5.721988            
6.508641            
4.226950            
4.139029            
7.247702            
7.911217            
4.261632            
5.616302            
5.686632            
3.688165            
5.089175            
3.658877            
5.502872            
5.030797            
6.139723            
4.721693            
6.487139            
5.515454            
3.400130            
5.582928            
7.595881            
6.086404            
5.803895            
5.467430            
5.706837            
4.403480            
5.737488            
8.856187            
4.467251            
3.451267            
4.465276            
6.653529            
6.627742            
6.590589            
7.002453            
5.406669            
5.997483            
4.643599            
5.520630            
5.731923            
5.773006            
3.451363            
4.174124            
7.156634            
5.593327            
5.401784            
6.925814            
5.602623            
7.442044            
6.650157            
5.739741            
4.186277            
8.304413            
8.211100            
4.947256            
5.478668            
4.923076            
7.187643            
2.881165            
4.232009            
7.002497            
3.942693            
4.123498            
9.984601            
3.816335            
6.105225            
5.403932            
8.846367            
5.409758            
6.036405            
3.649002            
6.121033            
3.340071            
2.927350            
4.201337            
4.572531            
4.763014            
5.432625            
3.197231            
4.642149            
3.845904            
4.993334            
5.973469            
3.530738            
3.893594            
4.608204            
5.174187            
5.020700            
6.579065            
3.579796            
5.360689            
9.861145            
3.912844            
5.337415            
4.554141            
5.708868            
4.876988            
4.700819            
6.978111            
4.271062            
6.759334            
5.134401            
4.606193            
4.414511            
5.255444            
6.373229            
4.778880            
5.916622            
3.940202            
6.079803            
5.266642            
4.769983            
5.261541            
5.658365            
5.192059            
6.658526            
5.649231            
7.216653            
4.923076            
6.708479            
4.659986            
7.404201            
3.551423            
4.468073            
5.164414            
5.346810            
6.246623            
9.066505            
5.266210            
7.543515            
5.963694            
5.764983            
5.864320            
5.955792            
3.759382            
5.131076            
3.463536            
3.794804            
6.922064            
8.606281            
4.432663            
4.031032            
3.736487            
7.338905            
5.855304            
7.584448            
5.053938            
6.922064            
4.418165            
8.424142            
5.294114            
6.772948            
5.022589            
7.843862            
8.619193            
5.285198            
4.973432            
5.921605            
4.600361            
6.596375            
6.306340            
4.272601            
5.745829            
5.062930            
6.769021            
6.898340            
8.316083            
6.328349            
3.592513            
6.252110            
5.734328            
6.061290            
4.734479            
4.901997            
5.915357            
3.703456            
8.950739            
6.557233            
3.478432            
4.690517            
5.753382            
4.523631            
3.779554            
5.230362            
6.830554            
6.182866            
3.920207            
4.960880            
5.478741            
6.865552            
3.974445            
5.336788            
3.372492            
5.448157            
5.867784            
7.408385            
2.974838            
3.673914            
7.833958            
5.520325            
4.348598            
5.134549            
5.489813            
4.511156            
4.354440            
6.153149            
6.488229            
5.064521            
6.716932            
4.726184            
4.183918            
4.614417            
5.498727            
4.200902            
4.024815            
4.849067            
4.314186            
9.468233            
5.340247            
5.201332            
10.511276           
4.811027            
4.272737            
4.516475            
4.474704            
5.718910            
5.918278            
5.753489            
5.000361            
5.110450            
7.406647            
5.887536            
4.917281            
3.106608            
6.482510            
10.047425           
5.357329            
7.400727            
7.690882            
4.839639            
3.977297            
5.021538            
4.803827            
4.743396            
6.200459            
6.037747            
4.851777            
4.508061            
4.313008            
4.349704            
5.478741            
6.293791            
3.856248            
5.942756            
7.750184            
5.616302            
5.684196            
8.218992            
4.193137            
7.572339            
5.789844            
7.342150            
5.042985            
4.287231            
4.635410            
5.611495            
5.362623            
4.943973            
3.267525            
4.912515            
4.338676            
5.878680            
5.326489            
4.498726            
3.178771            
4.443557            
6.501519            
6.568382            
3.645471            
5.073369            
5.611495            
5.586201            
4.618177            
6.004401            
3.837296            
5.082460            
4.477115            
3.972088            
5.834226            
6.685247            
4.083405            
4.722424            
6.820001            
5.121704            
6.313370            
4.859489            
4.108347            
4.854295            
4.508424            
4.531226            
5.406549            
4.198792            
5.261541            
6.052268            
3.641396            
3.711036            
6.064483            
3.956723            
6.862401            
4.562363            
6.900699            
6.303367            
5.117341            
6.860695            
6.790710            
4.158911            
6.948906            
4.146695            
3.085996            
4.255412            
5.730630            
6.209407            
4.743954            
3.702130            
3.766311            
4.200530            
9.167294            
4.770837            
4.739239            
5.054239            
8.578401            
5.429577            
6.419474            
4.540084            
4.426148            
6.727338            
6.050376            
7.752175            
4.220807            
3.956858            
8.316605            
4.269629            
5.879433            
4.541292            
3.540350            
3.800592            
6.644187            
5.684286            
6.440605            
6.620882            
6.905343            
7.068427            
3.727104            
9.224087            
4.692311            
5.714011            
4.318425            
7.416921            
5.960340            
3.894298            
4.992156            
4.965862            
6.320087            
6.355862            
4.200902            
4.408277            
8.034874            
7.691121            
5.404124            
9.852857            
5.382795            
4.016960            
6.356679            
4.596789            
4.868638            
5.021538            
5.759388            
4.491442            
4.084235            
4.667912            
7.174426            
3.940233            
5.076913            
4.228215            
4.523003            
3.538014            
2.957491            
5.659781            
5.262169            
4.089319            
6.176047            
4.848331            
5.938939            
4.141887            
5.816587            
4.447841            
5.348859            
4.298202            
4.705666            
4.430870            
3.954959            
7.042994            
5.713219            
5.826700            
6.097799            
5.522082            
10.498527           
4.009952            
6.200292            
4.052612            
3.684659            
3.528648            
5.196515            
6.712596            
4.652000            
6.002973            
3.194039            
4.554462            
4.421085            
6.874145            
6.432810            
6.398730            
4.321209            
4.892170            
4.666965            
6.560546            
5.483359            
4.476801            
6.245475            
6.970544            
7.884564            
5.533128            
5.213450            
5.557690            
4.484673            
6.947582            
4.834687            
4.938607            
5.773428            
4.466568            
4.723389            
7.209329            
4.037806            
4.242723            
4.947788            
5.546919            
6.480443            
5.345235            
5.626362            
5.633681            
3.581253            
6.753972            
6.386321            
3.082735            
4.257635            
5.064521            
3.682739            
5.744261            
5.769220            
6.020355            
4.710822            
5.196510            
4.660803            
4.120277            
4.810922            
5.432530            
3.746139            
4.813114            
4.731326            
3.744565            
6.950436            
6.161844            
6.489728            
4.965275            
6.150752            
6.182866            
5.024703            
5.117700            
4.130753            
4.285184            
7.653759            
4.790550            
3.466362            
4.923076            
8.678290            
5.451583            
3.390070            
4.938607            
7.403287            
5.873719            
5.561372            
5.108841            
6.673655            
5.451515            
6.924528            
3.949624            
4.985017            
9.079252            
5.339974            
5.001014            
4.852589            
7.197363            
5.069233            
8.018518            
4.365596            
6.428775            
5.592165            
4.410386            
5.018637            
7.838270            
4.870857            
3.444965            
3.874084            
5.519096            
3.832395            
4.674192            
4.467434            
5.825556            
5.435134            
6.123957            
5.962365            
6.369567            
6.153934            
5.326811            
5.852452            
2.932383            
7.917777            
4.897104            
5.478816            
4.933224            
5.003690            
5.849739            
5.281859            
6.359993            
6.462355            
4.826961            
4.895823            
8.027522            
6.819215            
4.641788            
5.081384            
6.969937            
5.635080            
4.857240            
6.712579            
8.070807            
6.123235            
4.572531            
5.227009            
5.874771            
5.532035            
10.014156           
4.526616            
6.911107            
5.028418            
6.872649            
4.921922            
6.907604            
