1                               0                   1.99                0                   0                   
10                              0                   0.73                0                   0                   
100                             0                   0.11                0                   0                   
101                             0                   0.17                0                   0                   
102                             0                   0.30                0                   0                   
103                             0                   2.70                0                   0                   
104                             0                   0.18                0                   0                   
105                             0                   0.31                0                   0                   
106                             0                   0.13                0                   0                   
107                             0                   1.19                0                   0                   
108                             0                   0.25                0                   0                   
109                             2                   1.47                1.36                1.36                
11                              0                   0.19                0                   0                   
110                             0                   0.092               0                   0                   
111                             0                   0.16                0                   0                   
112                             0                   0.048               0                   0                   
113                             0                   0.21                0                   0                   
114                             0                   0.13                0                   0                   
115                             0                   0.12                0                   0                   
116                             0                   0.060               0                   0                   
117                             0                   0.046               0                   0                   
118                             0                   0.064               0                   0                   
119                             0                   0.054               0                   0                   
12                              0                   1.03                0                   0                   
120                             0                   0.048               0                   0                   
121                             0                   0.11                0                   0                   
122                             0                   0.13                0                   0                   
123                             0                   0.11                0                   0                   
124                             0                   0.19                0                   0                   
125                             0                   0.085               0                   0                   
126                             0                   1.09                0                   0                   
127                             0                   0.25                0                   0                   
128                             0                   0.16                0                   0                   
129                             0                   0.27                0                   0                   
13                              1                   2.00                0.50                0.50                
130                             0                   0.36                0                   0                   
131                             0                   0.17                0                   0                   
132                             1                   0.20                4.88                4.89                
133                             0                   1.48                0                   0                   
134                             0                   0.092               0                   0                   
135                             0                   0.064               0                   0                   
136                             0                   0.16                0                   0                   
137                             0                   0.34                0                   0                   
138                             0                   0.35                0                   0                   
139                             2                   1.07                1.87                1.87                
14                              0                   1.31                0                   0                   
140                             14                  0.96                14.65               15.30               
141                             0                   0.80                0                   0                   
142                             2                   0.32                6.25                6.29                
143                             0                   1.80                0                   0                   
144                             0                   0.17                0                   0                   
145                             0                   0.12                0                   0                   
146                             28                  1.72                16.32               17.83               
147                             0                   0.60                0                   0                   
148                             0                   0.15                0                   0                   
149                             0                   0.38                0                   0                   
15                              0                   0.28                0                   0                   
150                             4                   2.45                1.63                1.64                
151                             0                   0.41                0                   0                   
152                             1                   0.87                1.16                1.16                
153                             0                   0.30                0                   0                   
154                             0                   0.29                0                   0                   
155                             0                   0.11                0                   0                   
156                             0                   0.073               0                   0                   
157                             0                   0.35                0                   0                   
158                             1                   0.60                1.67                1.67                
159                             1                   0.48                2.10                2.10                
16                              0                   0.43                0                   0                   
160                             0                   1.07                0                   0                   
161                             1                   2.64                0.38                0.38                
162                             0                   0.31                0                   0                   
163                             0                   0.31                0                   0                   
164                             0                   0.14                0                   0                   
165                             1                   0.90                1.11                1.11                
166                             3                   3.00                1.00                1.00                
167                             1                   0.21                4.83                4.84                
168                             1                   0.42                2.38                2.38                
169                             0                   0.34                0                   0                   
17                              1                   5.07                0.20                0.19                
170                             0                   0.48                0                   0                   
171                             0                   0.37                0                   0                   
172                             0                   0.62                0                   0                   
173                             0                   0.059               0                   0                   
174                             1                   1.69                0.59                0.59                
175                             0                   2.00                0                   0                   
176                             0                   0.64                0                   0                   
177                             0                   0.35                0                   0                   
178                             0                   0.062               0                   0                   
179                             0                   0.45                0                   0                   
18                              2                   2.41                0.83                0.83                
180                             0                   0.50                0                   0                   
181                             0                   0.40                0                   0                   
182                             0                   0.47                0                   0                   
183                             0                   0.60                0                   0                   
184                             0                   0.37                0                   0                   
185                             0                   0.29                0                   0                   
186                             0                   0.99                0                   0                   
187                             0                   0.70                0                   0                   
188                             0                   0.22                0                   0                   
189                             0                   0.16                0                   0                   
19                              0                   1.12                0                   0                   
190                             0                   0.52                0                   0                   
191                             1                   0.28                3.56                3.57                
192                             0                   0.084               0                   0                   
193                             0                   0.23                0                   0                   
194                             0                   0.40                0                   0                   
195                             0                   0.39                0                   0                   
196                             0                   0.58                0                   0                   
197                             0                   0.41                0                   0                   
198                             0                   0.46                0                   0                   
199                             1                   0.35                2.86                2.87                
2                               0                   2.65                0                   0                   
20                              0                   1.25                0                   0                   
200                             0                   0.36                0                   0                   
201                             0                   0.41                0                   0                   
202                             0                   0.28                0                   0                   
203                             0                   0.37                0                   0                   
204                             0                   1.46                0                   0                   
205                             1                   0.64                1.57                1.57                
206                             0                   0.22                0                   0                   
207                             0                   0.27                0                   0                   
208                             0                   0.39                0                   0                   
209                             0                   0.41                0                   0                   
21                              0                   2.84                0                   0                   
210                             0                   0.95                0                   0                   
211                             0                   0.19                0                   0                   
212                             0                   0.65                0                   0                   
213                             0                   0.53                0                   0                   
214                             0                   0.10                0                   0                   
215                             0                   0.31                0                   0                   
216                             1                   0.29                3.50                3.50                
217                             0                   0.10                0                   0                   
218                             0                   0.78                0                   0                   
219                             0                   0.16                0                   0                   
22                              0                   0.15                0                   0                   
220                             2                   2.85                0.70                0.70                
221                             0                   0.23                0                   0                   
222                             4                   0.42                9.53                9.64                
223                             1                   0.51                1.94                1.95                
224                             0                   0.14                0                   0                   
225                             0                   0.066               0                   0                   
226                             1                   0.67                1.48                1.48                
227                             3                   0.36                8.41                8.48                
228                             0                   0.081               0                   0                   
229                             1                   0.28                3.62                3.63                
23                              0                   0.66                0                   0                   
230                             0                   0.069               0                   0                   
231                             0                   0.11                0                   0                   
232                             1                   0.75                1.33                1.33                
233                             0                   0.067               0                   0                   
234                             2                   0.065               30.54               30.73               
235                             0                   0.17                0                   0                   
236                             1                   0.11                8.90                8.93                
237                             0                   0.25                0                   0                   
238                             0                   0.73                0                   0                   
239                             0                   0.29                0                   0                   
24                              0                   5.58                0                   0                   
240                             8                   0.13                62.50               64.12               
241                             2                   0.35                5.71                5.74                
242                             1                   0.42                2.40                2.40                
243                             0                   0.040               0                   0                   
244                             0                   0.36                0                   0                   
245                             1                   0.37                2.72                2.72                
246                             0                   0.16                0                   0                   
247                             2                   1.48                1.35                1.35                
248                             4                   0.59                6.74                6.82                
249                             2                   0.45                4.42                4.44                
25                              1                   2.07                0.48                0.48                
250                             1                   1.02                0.98                0.98                
251                             1                   0.59                1.70                1.70                
252                             2                   0.50                3.99                4.01                
253                             2                   0.42                4.75                4.78                
254                             0                   0.11                0                   0                   
255                             0                   0.41                0                   0                   
256                             3                   0.73                4.13                4.16                
257                             4                   0.39                10.21               10.33               
258                             37                  0.42                87.72               99.39               
259                             0                   0.19                0                   0                   
26                              0                   1.96                0                   0                   
260                             1                   0.28                3.64                3.64                
261                             17                  0.50                34.18               36.10               
262                             1                   0.20                5.10                5.11                
263                             2                   0.095               21.06               21.19               
264                             1                   0.17                6.06                6.07                
265                             0                   0.21                0                   0                   
266                             0                   0.025               0                   0                   
267                             0                   0.064               0                   0                   
268                             0                   0.044               0                   0                   
269                             0                   0.36                0                   0                   
27                              0                   0.84                0                   0                   
270                             4                   1.81                2.21                2.23                
271                             34                  2.63                12.92               14.38               
272                             33                  2.37                13.94               15.48               
273                             8                   4.79                1.67                1.69                
274                             0                   0.74                0                   0                   
275                             1                   0.39                2.58                2.59                
276                             4                   2.47                1.62                1.63                
277 et al                       3                   3.09                0.97                0.97                
279                             1                   2.11                0.47                0.47                
28                              1                   1.56                0.64                0.64                
280                             10                  4.70                2.13                2.17                
281                             5                   1.33                3.77                3.82                
282                             0                   0.54                0                   0                   
283                             1                   0.58                1.72                1.73                
284                             3                   0.96                3.13                3.15                
285                             0                   0.19                0                   0                   
286                             0                   0.17                0                   0                   
287                             1                   0.19                5.19                5.21                
288                             0                   1.20                0                   0                   
289                             0                   0.48                0                   0                   
29                              0                   1.88                0                   0                   
290                             0                   0.25                0                   0                   
291                             0                   0.98                0                   0                   
292                             0                   0.24                0                   0                   
293                             0                   0.68                0                   0                   
294                             0                   1.15                0                   0                   
295                             0                   0.14                0                   0                   
296                             0                   0.20                0                   0                   
297                             0                   0.23                0                   0                   
298                             0                   0.29                0                   0                   
299                             1                   2.01                0.50                0.50                
3                               0                   1.00                0                   0                   
30                              0                   0.098               0                   0                   
300                             1                   3.40                0.29                0.29                
301                             1                   1.56                0.64                0.64                
302                             2                   2.12                0.94                0.94                
303                             0                   0.74                0                   0                   
304                             0                   0.15                0                   0                   
305                             0                   0.44                0                   0                   
306                             0                   0.27                0                   0                   
307                             0                   1.06                0                   0                   
308                             1                   0.76                1.32                1.32                
309                             1                   2.73                0.37                0.36                
31                              0                   0.24                0                   0                   
310                             1                   1.23                0.81                0.81                
311                             1                   2.37                0.42                0.42                
312                             0                   0.35                0                   0                   
313                             0                   0.72                0                   0                   
314                             0                   1.01                0                   0                   
315                             0                   0.76                0                   0                   
316                             0                   1.13                0                   0                   
317                             0                   1.16                0                   0                   
318                             0                   1.38                0                   0                   
319                             0                   0.94                0                   0                   
32                              0                   0.47                0                   0                   
320                             0                   0.21                0                   0                   
321                             0                   0.87                0                   0                   
322                             2                   1.59                1.25                1.26                
323                             0                   2.85                0                   0                   
324                             1                   2.25                0.44                0.44                
325                             0                   0.87                0                   0                   
326                             0                   1.02                0                   0                   
327                             0                   0.73                0                   0                   
328                             0                   0.22                0                   0                   
329                             0                   0.49                0                   0                   
33                              0                   0.25                0                   0                   
330                             0                   0.45                0                   0                   
331                             0                   1.23                0                   0                   
332                             0                   1.70                0                   0                   
333                             0                   0.48                0                   0                   
334                             0                   0.46                0                   0                   
335                             1                   0.43                2.33                2.34                
336                             0                   0.25                0                   0                   
337                             0                   0.50                0                   0                   
338                             2                   3.22                0.62                0.62                
339                             0                   0.53                0                   0                   
34                              0                   0.15                0                   0                   
340                             1                   0.43                2.35                2.35                
341                             0                   0.76                0                   0                   
342                             0                   0.59                0                   0                   
343                             0                   0.39                0                   0                   
344                             0                   0.60                0                   0                   
345                             0                   0.66                0                   0                   
346                             0                   0.53                0                   0                   
347                             0                   0.22                0                   0                   
348                             0                   0.23                0                   0                   
349                             0                   0.34                0                   0                   
35                              0                   0.22                0                   0                   
350                             0                   0.63                0                   0                   
351                             0                   0.49                0                   0                   
352                             0                   1.16                0                   0                   
36                              0                   0.53                0                   0                   
37                              0                   0.081               0                   0                   
38                              0                   0.066               0                   0                   
39                              0                   1.08                0                   0                   
4                               0                   0.063               0                   0                   
40                              0                   0.66                0                   0                   
41                              0                   1.24                0                   0                   
42                              0                   0.11                0                   0                   
43                              0                   0.51                0                   0                   
44                              0                   0.19                0                   0                   
45                              0                   0.26                0                   0                   
46                              0                   1.34                0                   0                   
47                              0                   0.16                0                   0                   
48                              0                   3.05                0                   0                   
49                              0                   2.20                0                   0                   
5                               0                   0.14                0                   0                   
50                              0                   3.08                0                   0                   
51                              0                   3.75                0                   0                   
52                              0                   3.43                0                   0                   
53                              0                   1.58                0                   0                   
54                              0                   3.91                0                   0                   
55                              0                   1.72                0                   0                   
56                              0                   4.27                0                   0                   
57                              0                   3.62                0                   0                   
58                              0                   2.86                0                   0                   
59                              0                   2.60                0                   0                   
6                               0                   0.19                0                   0                   
60                              1                   0.74                1.34                1.34                
61                              0                   0.68                0                   0                   
62                              0                   0.74                0                   0                   
63                              0                   0.66                0                   0                   
64                              0                   0.69                0                   0                   
65                              0                   1.13                0                   0                   
66                              0                   0.52                0                   0                   
67                              0                   0.29                0                   0                   
68                              0                   0.53                0                   0                   
69                              0                   0.72                0                   0                   
7                               0                   0.12                0                   0                   
70                              0                   0.081               0                   0                   
71                              0                   0.44                0                   0                   
72                              0                   0.34                0                   0                   
73                              0                   0.081               0                   0                   
74                              0                   1.30                0                   0                   
75                              0                   0.49                0                   0                   
76                              0                   0.99                0                   0                   
77                              0                   0.58                0                   0                   
78                              0                   0.42                0                   0                   
79                              0                   1.44                0                   0                   
8                               0                   0.080               0                   0                   
80                              0                   0.32                0                   0                   
81                              0                   5.31                0                   0                   
82                              0                   5.64                0                   0                   
83                              1                   1.10                0.91                0.91                
84                              0                   0.48                0                   0                   
85                              0                   3.25                0                   0                   
86                              0                   0.089               0                   0                   
87                              0                   0.071               0                   0                   
88                              0                   4.03                0                   0                   
89                              1                   5.50                0.18                0.18                
9                               0                   0.48                0                   0                   
90                              1                   7.55                0.13                0.13                
91                              0                   1.18                0                   0                   
92                              0                   2.45                0                   0                   
93                              2                   3.16                0.63                0.63                
94                              0                   2.59                0                   0                   
95                              0                   1.05                0                   0                   
96                              0                   2.00                0                   0                   
97                              0                   0.32                0                   0                   
98                              0                   0.081               0                   0                   
99                              0                   0.57                0                   0                   
