218                             1                   0.00000105          15                  2.56                5.87                20.47               2971417.00          0                   0.046               0                   0                   53330.00            22.651169           120.588822          T 
242                             1                   0.00000105          15                  2.56                5.87                20.47               2971417.00          0                   0.025               0                   0                   29470.00            22.694550           120.555979          T 
246                             1                   0.00000105          15                  2.56                5.87                20.47               2971417.00          0                   0.0093              0                   0                   10770.00            22.648764           120.529969          T 
239                             1                   0.00000105          15                  2.56                5.87                20.47               2971417.00          0                   0.017               0                   0                   20189.00            22.582335           120.601817          T 
237                             1                   0.00000105          15                  2.56                5.87                20.47               2971417.00          1                   0.014               69.95               73.58               16615.00            22.588556           120.526638          T 
236                             1                   0.00000105          15                  2.56                5.87                20.47               2971417.00          0                   0.0064              0                   0                   7471.00             22.671078           120.679924          T 
245                             1                   0.00000105          15                  2.56                5.87                20.47               2971417.00          0                   0.022               0                   0                   24999.00            22.742536           120.569394          T 
220                             1                   0.00000105          15                  2.56                5.87                20.47               2971417.00          1                   0.17                5.88                6.14                197647.00           22.664738           120.479995          T 
230                             1                   0.00000105          15                  2.56                5.87                20.47               2971417.00          0                   0.0046              0                   0                   5351.00             22.604085           120.691793          T 
232                             1                   0.00000105          15                  2.56                5.87                20.47               2971417.00          0                   0.046               0                   0                   53842.00            22.536429           120.556806          T 
238                             1                   0.00000105          15                  2.56                5.87                20.47               2971417.00          0                   0.043               0                   0                   50126.00            22.588495           120.476619          T 
215                             1                   0.00000105          15                  2.56                5.87                20.47               2971417.00          0                   0.019               0                   0                   21962.00            22.731668           120.484504          T 
221                             1                   0.00000105          15                  2.56                5.87                20.47               2971417.00          0                   0.013               0                   0                   15378.00            22.515282           120.500660          T 
244                             1                   0.00000105          15                  2.56                5.87                20.47               2971417.00          0                   0.020               0                   0                   23775.00            22.809920           120.601768          T 
248                             1                   0.00000105          15                  2.56                5.87                20.47               2971417.00          0                   0.036               0                   0                   41764.00            22.711004           120.425407          T 
224                             1                   0.00000105          15                  2.56                5.87                20.47               2971417.00          0                   0.0082              0                   0                   9561.00             22.486763           120.584626          T 
241                             1                   0.00000105          15                  2.56                5.87                20.47               2971417.00          0                   0.022               0                   0                   25707.00            22.798548           120.506128          T 
214                             1                   0.00000105          15                  2.56                5.87                20.47               2971417.00          1                   0.0066              151.16              159.06              7689.00             22.797868           120.686522          T 
247                             1                   0.00000105          15                  2.56                5.87                20.47               2971417.00          0                   0.097               0                   0                   112265.00           22.592836           120.411147          T 
217                             1                   0.00000105          15                  2.56                5.87                20.47               2971417.00          0                   0.0064              0                   0                   7448.00             22.501572           120.685723          T 
219                             1                   0.00000105          15                  2.56                5.87                20.47               2971417.00          0                   0.0089              0                   0                   10364.00            22.479807           120.518056          T 
223                             1                   0.00000105          15                  2.56                5.87                20.47               2971417.00          0                   0.029               0                   0                   33939.00            22.517190           120.450143          T 
251                             1                   0.00000105          15                  2.56                5.87                20.47               2971417.00          0                   0.039               0                   0                   44938.00            22.662493           120.372778          T 
226                             1                   0.00000105          15                  2.56                5.87                20.47               2971417.00          0                   0.040               0                   0                   46731.00            22.462656           120.475133          T 
249                             1                   0.00000105          15                  2.56                5.87                20.47               2971417.00          1                   0.030               33.86               35.59               34324.00            22.701208           120.360526          T 
280                             1                   0.00000105          15                  2.56                5.87                20.47               2971417.00          2                   0.31                6.46                7.07                359576.00           22.613793           120.355436          T 
250                             1                   0.00000105          15                  2.56                5.87                20.47               2971417.00          1                   0.079               12.65               13.26               91893.00            22.739835           120.370799          T 
229                             1                   0.00000105          15                  2.56                5.87                20.47               2971417.00          0                   0.015               0                   0                   17275.00            22.441421           120.512509          T 
243                             1                   0.00000105          15                  2.56                5.87                20.47               2971417.00          0                   0.0028              0                   0                   3247.00             22.759905           120.800810          T 
216                             1                   0.00000105          15                  2.56                5.87                20.47               2971417.00          0                   0.016               0                   0                   18620.00            22.429806           120.547612          T 
284                             1                   0.00000105          15                  2.56                5.87                20.47               2971417.00          0                   0.060               0                   0                   69478.00            22.508137           120.399052          T 
279                             1                   0.00000105          15                  2.56                5.87                20.47               2971417.00          0                   0.14                0                   0                   157356.00           22.551402           120.359261          T 
282                             1                   0.00000105          15                  2.56                5.87                20.47               2971417.00          0                   0.031               0                   0                   35764.00            22.864970           120.475455          T 
253                             1                   0.00000105          15                  2.56                5.87                20.47               2971417.00          0                   0.025               0                   0                   29493.00            22.787696           120.370799          T 
227                             1                   0.00000105          15                  2.56                5.87                20.47               2971417.00          1                   0.020               49.08               51.61               23680.00            22.403342           120.597584          T 
276                             1                   0.00000105          15                  2.56                5.87                20.47               2971417.00          1                   0.14                6.95                7.26                167280.00           22.623594           120.320910          T 
283                             1                   0.00000105          15                  2.56                5.87                20.47               2971417.00          0                   0.033               0                   0                   38611.00            22.900055           120.563463          T 
273                             1                   0.00000105          15                  2.56                5.87                20.47               2971417.00          1                   0.29                3.45                3.58                336868.00           22.649899           120.317919          T 
120                             1                   0.00000105          15                  2.56                5.87                20.47               2971417.00          0                   0.0032              0                   0                   3699.00             22.581617           120.857038          T 
274                             1                   0.00000105          15                  2.56                5.87                20.47               2971417.00          0                   0.043               0                   0                   50490.00            22.629929           120.306734          T 
225                             1                   0.00000105          15                  2.56                5.87                20.47               2971417.00          0                   0.0043              0                   0                   4947.00             22.403998           120.697580          T 
275                             1                   0.00000105          15                  2.56                5.87                20.47               2971417.00          0                   0.023               0                   0                   26668.00            22.626991           120.294422          T 
271                             1                   0.00000105          15                  2.56                5.87                20.47               2971417.00          0                   0.17                0                   0                   197306.00           22.683957           120.295159          T 
272                             1                   0.00000105          15                  2.56                5.87                20.47               2971417.00          1                   0.16                6.14                6.41                189426.00           22.721100           120.300758          T 
254                             1                   0.00000105          15                  2.56                5.87                20.47               2971417.00          0                   0.0060              0                   0                   6919.00             22.863943           120.395984          T 
269                             1                   0.00000105          15                  2.56                5.87                20.47               2971417.00          0                   0.020               0                   0                   23553.00            22.624246           120.284233          T 
277                             1                   0.00000105          15                  2.56                5.87                20.47               2971417.00          4                   0.18                21.76               26.95               213613.00           22.585656           120.289154          T 
298                             2                   0.934               2                   0.18                11.14               12.27               208664.00           0                   0.016               0                   0                   18168.00            24.141686           120.680598          F 
322                             2                   0.934               2                   0.18                11.14               12.27               208664.00           1                   0.099               10.14               10.62               114583.00           24.143911           120.664758          F 
314                             2                   0.934               2                   0.18                11.14               12.27               208664.00           1                   0.065               15.31               16.06               75913.00            24.137332           120.697086          F 
290                             3                   0.986               2                   0.24                8.27                9.08                281094.00           0                   0.014               0                   0                   16282.00            24.031354           120.867605          F 
291                             3                   0.986               2                   0.24                8.27                9.08                281094.00           1                   0.060               16.64               17.46               69842.00            23.978926           120.962526          F 
311                             3                   0.986               2                   0.24                8.27                9.08                281094.00           1                   0.17                5.96                6.22                194970.00           24.114774           120.773422          F 
