7.139318            
4.861516            
5.324167            
4.256320            
3.601980            
6.787012            
4.051346            
4.653959            
6.245380            
3.634818            
7.806478            
7.763662            
3.928553            
4.237153            
4.105387            
5.954824            
6.680014            
6.305265            
3.292377            
2.995255            
5.661647            
3.533174            
4.327911            
5.083184            
5.816755            
3.565761            
7.551653            
6.594704            
5.513497            
4.631407            
3.258894            
4.563084            
3.634493            
5.731912            
3.401390            
6.462872            
4.793330            
5.833855            
3.631279            
6.122472            
3.668816            
6.314756            
3.416789            
5.061438            
5.727082            
4.096415            
6.404009            
3.713075            
5.142585            
4.787611            
4.574446            
3.669791            
4.651569            
8.588989            
4.529913            
5.751901            
4.377148            
3.423463            
6.595762            
4.995596            
4.315964            
4.102339            
4.173883            
7.496482            
8.495028            
5.687164            
4.173883            
4.144069            
4.743090            
5.905521            
4.406331            
5.254121            
3.596944            
5.406185            
4.294412            
3.864916            
5.859910            
3.479324            
4.352155            
3.490181            
8.897840            
4.646684            
4.294447            
3.516283            
3.586077            
3.194442            
3.169588            
3.197426            
4.597896            
4.663763            
6.851559            
3.205792            
5.954824            
5.366919            
6.098720            
3.324580            
6.201209            
4.422987            
7.026984            
8.000809            
5.541166            
5.579610            
4.018413            
5.875879            
4.777279            
5.833855            
6.493853            
5.303675            
3.020180            
3.314215            
6.696428            
4.453268            
5.555179            
6.509980            
4.212396            
3.298705            
5.730574            
5.485918            
4.115162            
7.957353            
2.086992            
2.843692            
3.813638            
5.824464            
5.294759            
4.860031            
3.154078            
3.522264            
5.808830            
5.823010            
4.020973            
2.875712            
5.284793            
4.748304            
3.881145            
3.537333            
6.279952            
3.885433            
3.162976            
4.883283            
5.376139            
4.442043            
3.723532            
3.454982            
4.317628            
3.013696            
4.007431            
4.255168            
6.916512            
5.127088            
4.113266            
4.758368            
2.667675            
3.375617            
3.845098            
4.957780            
3.414586            
6.664079            
3.940838            
7.883217            
5.000212            
7.681978            
3.142462            
4.204823            
3.883201            
8.249601            
5.094977            
5.320498            
2.909733            
5.635196            
4.757721            
4.387583            
5.949350            
5.370376            
5.045493            
5.321814            
3.972750            
6.027173            
5.317831            
5.359410            
3.755234            
3.271260            
3.644500            
4.457679            
2.925959            
5.202090            
6.145422            
4.680285            
8.948516            
4.612163            
2.934560            
4.066573            
4.105513            
5.171757            
3.524323            
3.774329            
3.611290            
4.123446            
4.945124            
4.537201            
4.021124            
5.708920            
3.811515            
4.942990            
6.484504            
6.377081            
4.750432            
4.662454            
4.903326            
4.983964            
3.240625            
4.570387            
2.753668            
5.376139            
4.892726            
3.123212            
4.162956            
4.385659            
3.522264            
3.769435            
3.347120            
4.878805            
6.783496            
3.623876            
5.815826            
6.282242            
4.683431            
4.536745            
7.990187            
4.514112            
4.555462            
5.347213            
4.723536            
6.683512            
4.847336            
4.681554            
5.058558            
3.326524            
4.597013            
5.177703            
3.867408            
9.290617            
5.527537            
4.569840            
3.013696            
4.861516            
3.156245            
5.015609            
7.093905            
3.479671            
3.182512            
6.474938            
5.229272            
4.546728            
3.379848            
8.961376            
6.305265            
4.983964            
7.211472            
3.236443            
6.457899            
6.378037            
4.484216            
6.705064            
5.294794            
5.833512            
3.931460            
5.498836            
2.302970            
2.618521            
4.739995            
4.293414            
4.535053            
3.298705            
3.531926            
8.637414            
6.829536            
4.797144            
4.950771            
11.826509           
5.201162            
3.889203            
4.852637            
5.475437            
7.273244            
3.869611            
6.150632            
3.326524            
4.816823            
5.043678            
4.032632            
6.669077            
4.317274            
2.921740            
4.979065            
7.288744            
4.102339            
4.806996            
3.546934            
3.446895            
5.243828            
8.517429            
4.422837            
4.788485            
6.150284            
5.221849            
4.925890            
5.416158            
2.178093            
3.574910            
5.831506            
7.588713            
4.334413            
6.625427            
4.334413            
3.958849            
6.336522            
9.157887            
5.513086            
3.706159            
5.780005            
5.917801            
7.283111            
4.681302            
5.469031            
4.180524            
4.485800            
6.496567            
4.279324            
6.205207            
5.135854            
5.832402            
4.561306            
3.879670            
4.204823            
5.129433            
4.352470            
5.948197            
3.335783            
6.471152            
3.695863            
3.759216            
3.280446            
5.405872            
4.762162            
6.123636            
4.892726            
6.595481            
4.417794            
8.680728            
2.792924            
4.812965            
2.928818            
3.589839            
3.189973            
6.846173            
5.980897            
3.267525            
3.819799            
3.946812            
5.485918            
5.046251            
3.326524            
5.729397            
6.630988            
3.974047            
3.056609            
8.288371            
5.005772            
3.725080            
4.877693            
5.416580            
3.491297            
4.448839            
4.306662            
8.342969            
5.190205            
2.333797            
5.366919            
5.476196            
4.420880            
5.127088            
8.455812            
5.696235            
5.579116            
3.921295            
3.902010            
3.377109            
4.363975            
6.009278            
5.564641            
7.119579            
4.243799            
4.678595            
5.038650            
2.860456            
5.078686            
3.946224            
4.730143            
4.288373            
4.079059            
5.951204            
2.352915            
4.726882            
3.009902            
9.642859            
6.493959            
8.229901            
3.579346            
4.610080            
5.208219            
4.944177            
6.469471            
3.966473            
4.064081            
4.637808            
4.806830            
5.000212            
7.187586            
6.482498            
4.352272            
3.110908            
6.750782            
3.410464            
4.009399            
4.801969            
3.600502            
2.799704            
6.220189            
4.185988            
5.303714            
4.833339            
4.403343            
4.019748            
4.751749            
4.990955            
4.418503            
5.516662            
6.705064            
5.445574            
8.192437            
5.773341            
3.538833            
8.625557            
3.608197            
4.574319            
3.372887            
7.219899            
3.100082            
3.739323            
3.331773            
5.700353            
3.883201            
4.028648            
4.059163            
2.793154            
4.188539            
3.545086            
4.757721            
8.080534            
4.445762            
5.546685            
2.920711            
5.967457            
4.290557            
5.264921            
5.223278            
3.011436            
3.223044            
6.610660            
4.156036            
5.921651            
3.883201            
2.024954            
4.337161            
8.434128            
8.951318            
5.242437            
3.162043            
4.723536            
5.449791            
4.222188            
4.881387            
3.498043            
3.235136            
7.004123            
6.064340            
6.338573            
5.555179            
4.799985            
6.048209            
4.645751            
4.608702            
6.178561            
4.818240            
3.824222            
4.695919            
8.025757            
3.531193            
6.464299            
4.889238            
2.983311            
2.116812            
5.344533            
6.922929            
6.280085            
4.627814            
9.518907            
3.036674            
4.126835            
4.212396            
11.345336           
4.859960            
4.552746            
2.070298            
5.486063            
5.167741            
5.167741            
4.173883            
3.885433            
3.668816            
5.796260            
5.195144            
5.483019            
8.094072            
6.264071            
5.985390            
3.686497            
3.401229            
3.827010            
4.982505            
4.791514            
5.669722            
3.802601            
3.860472            
4.044899            
5.428220            
3.258894            
5.320719            
3.879659            
4.825608            
4.942915            
3.151468            
4.218086            
3.645709            
3.513791            
4.880532            
4.175089            
5.527537            
4.352110            
3.692735            
2.985937            
4.390760            
4.111838            
3.023618            
4.287063            
4.688429            
5.271206            
7.058909            
3.437490            
7.883658            
4.868058            
5.718913            
5.346277            
3.101833            
4.688002            
4.605892            
3.821359            
3.889203            
3.379202            
4.212396            
5.817095            
3.537596            
5.397615            
4.338918            
4.433284            
2.796743            
3.093802            
5.285249            
4.477101            
4.053980            
4.268753            
6.617302            
5.685321            
6.390204            
4.451872            
6.219458            
2.480546            
6.018150            
6.397867            
6.009278            
7.359759            
8.211468            
6.941483            
3.243910            
3.095606            
4.589486            
7.370017            
3.608961            
2.871787            
3.684252            
5.142585            
7.129745            
4.821786            
5.127529            
6.090306            
5.169623            
2.597863            
4.880027            
4.389860            
2.864742            
3.024229            
2.516264            
7.911473            
4.669435            
2.930590            
6.307433            
3.684221            
4.596309            
6.405305            
6.980834            
3.888302            
6.163672            
5.645902            
7.233437            
3.919291            
4.995094            
2.610111            
4.863344            
3.533326            
5.235957            
2.346336            
3.527164            
3.328450            
3.740317            
6.549841            
4.445015            
5.426042            
6.077194            
4.417794            
4.215584            
5.356189            
3.777727            
4.099319            
5.024523            
3.464319            
3.940293            
6.015145            
4.503736            
3.645940            
5.905058            
4.261817            
4.333177            
3.156870            
3.471923            
4.350696            
4.115007            
3.748504            
3.695863            
4.939358            
6.174381            
4.376518            
6.517197            
4.861516            
7.314221            
5.158420            
2.527442            
3.750515            
5.057471            
9.098069            
4.323253            
2.919906            
7.862098            
4.936793            
5.397645            
4.679815            
3.976246            
4.500617            
7.341007            
4.144069            
8.923037            
2.739529            
4.512565            
3.529222            
5.946819            
5.492260            
4.230155            
3.668816            
4.577407            
4.983713            
5.122540            
3.920092            
3.135136            
3.560480            
3.614438            
3.547136            
4.716445            
4.028648            
4.327939            
4.816953            
6.885071            
11.324314           
5.382754            
3.055613            
7.411561            
5.295174            
2.920711            
4.721356            
5.347751            
4.325337            
3.221225            
3.649333            
5.705665            
2.424716            
5.418511            
4.255598            
3.712925            
3.118694            
3.913340            
7.511184            
6.334160            
6.273782            
3.012078            
7.323120            
5.144695            
5.876332            
5.534551            
5.896656            
8.205750            
4.774217            
5.532583            
5.644443            
5.524981            
4.709271            
5.265756            
5.462237            
3.464070            
7.476386            
4.074582            
3.472458            
7.277627            
2.481030            
5.694807            
6.770527            
4.648972            
3.168612            
4.055510            
5.142585            
4.154765            
5.847740            
5.828110            
5.530122            
5.467534            
4.012873            
3.496712            
5.093235            
4.129260            
5.070235            
6.014422            
6.962911            
6.508052            
5.775064            
4.161398            
5.130196            
6.492075            
6.174348            
4.943311            
3.461410            
3.189973            
4.005789            
4.859915            
3.326524            
3.384255            
4.155526            
6.982491            
5.177909            
6.497491            
3.066387            
3.496712            
3.417533            
8.097460            
3.829706            
5.419064            
9.038962            
4.649500            
4.157688            
4.069023            
6.373855            
3.418431            
3.860673            
5.853636            
3.151468            
6.217855            
4.649552            
4.594718            
8.690811            
4.482468            
3.082177            
8.663666            
3.264134            
6.512451            
4.774553            
5.688746            
8.582406            
6.445814            
5.171242            
6.041954            
5.190442            
3.370360            
9.703840            
5.232496            
7.325571            
4.434638            
3.926753            
5.040141            
4.843136            
3.326524            
6.228718            
4.296622            
4.929142            
5.431009            
4.535053            
3.611290            
2.719290            
4.135314            
4.634175            
6.370419            
7.423420            
3.481370            
7.651376            
6.941903            
5.022323            
4.716445            
6.211907            
4.383221            
9.589776            
3.678704            
4.859915            
2.649236            
5.220681            
4.286488            
4.936793            
3.027457            
3.324580            
3.082177            
5.448417            
4.057729            
3.211478            
7.357846            
4.608270            
5.281308            
6.051634            
9.552862            
4.324369            
6.157488            
4.636097            
4.837063            
9.485948            
4.986279            
5.564035            
7.656199            
4.680285            
5.902858            
4.637252            
7.205643            
4.422987            
3.699498            
7.178243            
4.578885            
5.825351            
5.300800            
4.387434            
3.548432            
3.547520            
4.747667            
6.700539            
3.879659            
4.028046            
5.035739            
4.628988            
3.618388            
2.895244            
4.911614            
4.515438            
4.670412            
6.229761            
4.911614            
3.492259            
5.097664            
5.017744            
5.383757            
3.191650            
3.221991            
4.556864            
3.529630            
6.921779            
4.833546            
4.665202            
3.267830            
3.960281            
4.757721            
7.463190            
6.320093            
5.320498            
4.881728            
4.529913            
5.838810            
4.418503            
4.869210            
6.472724            
4.102339            
5.043668            
4.092273            
6.450302            
3.922818            
7.164589            
6.571604            
4.408769            
4.552746            
6.479880            
2.561833            
5.853636            
4.774102            
8.262389            
5.077279            
4.719253            
5.683126            
3.186786            
5.668493            
4.154039            
4.975459            
6.325685            
5.611664            
3.065562            
5.395500            
7.255874            
8.102412            
5.967457            
3.561063            
3.976447            
4.118945            
4.556864            
3.860002            
3.584139            
5.413633            
6.404009            
4.141311            
3.709183            
5.477767            
3.521916            
5.805501            
5.238239            
3.490899            
5.057719            
6.432186            
5.110206            
4.076153            
3.038163            
3.571549            
3.817625            
4.105387            
4.435347            
4.128029            
4.952609            
6.842199            
5.285408            
4.130009            
4.038146            
10.289964           
7.912310            
3.678498            
8.062650            
2.981930            
5.848269            
7.348764            
3.399196            
3.523960            
8.227183            
5.208631            
5.428212            
4.246275            
3.705394            
3.700425            
3.205792            
8.486984            
6.105111            
5.396605            
2.928818            
3.898068            
4.822492            
4.890702            
3.744641            
3.020994            
5.927129            
6.822160            
3.596093            
2.963762            
5.777192            
6.804713            
