1                               0                   3.45                0                   0                   
10                              0                   1.30                0                   0                   
100                             0                   0.18                0                   0                   
101                             0                   0.28                0                   0                   
102                             0                   0.50                0                   0                   
103                             0                   4.58                0                   0                   
104                             0                   0.28                0                   0                   
105                             0                   0.50                0                   0                   
106                             0                   0.20                0                   0                   
107                             0                   1.97                0                   0                   
108                             0                   0.39                0                   0                   
109                             2                   2.40                0.83                0.83                
11                              0                   0.29                0                   0                   
110                             0                   0.14                0                   0                   
111                             0                   0.25                0                   0                   
112                             0                   0.083               0                   0                   
113                             0                   0.32                0                   0                   
114                             0                   0.19                0                   0                   
115                             0                   0.19                0                   0                   
116                             0                   0.095               0                   0                   
117                             0                   0.093               0                   0                   
118                             0                   0.12                0                   0                   
119                             0                   0.082               0                   0                   
12                              0                   1.77                0                   0                   
120                             0                   0.085               0                   0                   
121                             0                   0.16                0                   0                   
122                             0                   0.20                0                   0                   
123                             0                   0.18                0                   0                   
124                             0                   0.29                0                   0                   
125                             0                   0.14                0                   0                   
126                             0                   1.89                0                   0                   
127                             1                   0.41                2.45                2.45                
128                             0                   0.23                0                   0                   
129                             0                   0.46                0                   0                   
13                              1                   4.27                0.23                0.23                
130                             0                   0.55                0                   0                   
131                             0                   0.27                0                   0                   
132                             1                   0.36                2.76                2.76                
133                             0                   2.36                0                   0                   
134                             0                   0.15                0                   0                   
135                             0                   0.11                0                   0                   
136                             0                   0.25                0                   0                   
137                             1                   0.52                1.93                1.93                
138                             2                   0.54                3.67                3.68                
139                             3                   1.78                1.69                1.69                
14                              0                   2.19                0                   0                   
140                             16                  1.73                9.26                9.52                
141                             0                   1.35                0                   0                   
142                             2                   0.50                3.97                3.98                
143                             0                   3.01                0                   0                   
144                             0                   0.25                0                   0                   
145                             0                   0.20                0                   0                   
146                             35                  2.84                12.31               13.11               
147                             0                   1.11                0                   0                   
148                             0                   0.22                0                   0                   
149                             0                   0.58                0                   0                   
15                              0                   0.46                0                   0                   
150                             4                   4.40                0.91                0.91                
151                             0                   0.69                0                   0                   
152                             1                   1.52                0.66                0.66                
153                             0                   0.49                0                   0                   
154                             0                   0.45                0                   0                   
155                             1                   0.17                6.00                6.01                
156                             0                   0.11                0                   0                   
157                             0                   0.53                0                   0                   
158                             1                   0.99                1.01                1.01                
159                             1                   0.84                1.19                1.19                
16                              1                   0.65                1.54                1.54                
160                             0                   1.77                0                   0                   
161                             2                   4.24                0.47                0.47                
162                             0                   0.47                0                   0                   
163                             0                   0.48                0                   0                   
164                             0                   0.22                0                   0                   
165                             1                   1.56                0.64                0.64                
166                             7                   5.35                1.31                1.31                
167                             2                   0.32                6.28                6.30                
168                             2                   0.64                3.13                3.13                
169                             1                   0.56                1.78                1.78                
17                              2                   9.38                0.21                0.21                
170                             0                   0.78                0                   0                   
171                             0                   0.58                0                   0                   
172                             0                   1.01                0                   0                   
173                             0                   0.091               0                   0                   
174                             4                   2.76                1.45                1.45                
175                             2                   3.36                0.60                0.59                
176                             0                   0.44                0                   0                   
177                             0                   1.63                0                   0                   
178                             0                   0.33                0                   0                   
179                             0                   0.52                0                   0                   
18                              2                   4.60                0.43                0.43                
180                             0                   0.70                0                   0                   
181                             1                   1.02                0.99                0.99                
182                             0                   0.61                0                   0                   
183                             0                   0.10                0                   0                   
184                             0                   0.96                0                   0                   
185                             0                   0.26                0                   0                   
186                             0                   0.87                0                   0                   
187                             1                   0.13                7.85                7.86                
188                             0                   1.12                0                   0                   
189                             0                   0.72                0                   0                   
19                              0                   2.07                0                   0                   
190                             0                   0.35                0                   0                   
191                             2                   0.81                2.47                2.47                
192                             0                   0.42                0                   0                   
193                             0                   0.56                0                   0                   
194                             0                   0.61                0                   0                   
195                             0                   0.58                0                   0                   
196                             0                   0.91                0                   0                   
197                             1                   0.62                1.61                1.61                
198                             0                   0.71                0                   0                   
199                             1                   0.54                1.85                1.85                
2                               0                   4.91                0                   0                   
20                              0                   2.16                0                   0                   
200                             0                   0.53                0                   0                   
201                             0                   0.66                0                   0                   
202                             0                   0.43                0                   0                   
203                             0                   0.55                0                   0                   
204                             0                   2.47                0                   0                   
205                             1                   1.01                0.99                0.99                
206                             0                   0.34                0                   0                   
207                             0                   0.41                0                   0                   
208                             0                   0.58                0                   0                   
209                             1                   0.65                1.53                1.53                
21                              0                   5.16                0                   0                   
210                             0                   1.61                0                   0                   
211                             0                   0.29                0                   0                   
212                             0                   1.05                0                   0                   
213                             0                   1.05                0                   0                   
214                             1                   0.18                5.71                5.71                
215                             1                   0.50                1.99                1.99                
216                             1                   0.44                2.30                2.30                
217                             0                   0.17                0                   0                   
218                             0                   1.23                0                   0                   
219                             0                   0.24                0                   0                   
22                              0                   0.27                0                   0                   
220                             4                   4.54                0.88                0.88                
221                             1                   0.35                2.83                2.83                
222                             13                  0.70                18.53               18.97               
223                             1                   0.79                1.26                1.26                
224                             0                   0.23                0                   0                   
225                             0                   0.11                0                   0                   
226                             2                   1.08                1.84                1.85                
227                             3                   0.55                5.42                5.44                
228                             1                   0.13                7.99                8.00                
229                             2                   0.41                4.94                4.95                
23                              0                   1.12                0                   0                   
230                             1                   0.12                8.15                8.16                
231                             0                   0.18                0                   0                   
232                             3                   1.23                2.44                2.45                
233                             0                   0.11                0                   0                   
234                             2                   0.11                17.73               17.79               
235                             0                   0.28                0                   0                   
236                             1                   0.18                5.51                5.52                
237                             0                   0.39                0                   0                   
238                             1                   1.15                0.87                0.87                
239                             0                   0.47                0                   0                   
24                              0                   10.18               0                   0                   
240                             11                  0.20                56.32               57.50               
241                             2                   0.59                3.37                3.38                
242                             2                   0.68                2.96                2.97                
243                             0                   0.076               0                   0                   
244                             0                   0.56                0                   0                   
245                             1                   0.59                1.71                1.71                
246                             0                   0.25                0                   0                   
247                             4                   2.56                1.56                1.57                
248                             9                   0.97                9.32                9.47                
249                             7                   0.79                8.88                8.99                
25                              2                   3.88                0.52                0.51                
250                             1                   2.00                0.50                0.50                
251                             5                   1.01                4.94                4.98                
252                             7                   0.86                8.17                8.26                
253                             4                   0.68                5.89                5.93                
254                             1                   0.16                6.13                6.14                
255                             2                   0.65                3.06                3.07                
256                             7                   1.20                5.85                5.92                
257                             4                   0.68                5.90                5.93                
258                             42                  0.69                61.30               66.49               
259                             1                   0.32                3.16                3.16                
26                              0                   3.74                0                   0                   
260                             3                   0.44                6.84                6.88                
261                             19                  0.82                23.22               24.04               
262                             1                   0.29                3.39                3.40                
263                             3                   0.14                21.86               21.98               
264                             1                   0.27                3.72                3.73                
265                             0                   0.33                0                   0                   
266                             0                   0.045               0                   0                   
267                             0                   0.098               0                   0                   
268                             0                   0.072               0                   0                   
269                             1                   0.55                1.83                1.83                
27                              0                   1.53                0                   0                   
270                             8                   3.19                2.51                2.53                
271                             53                  4.48                11.82               13.03               
272                             54                  4.23                12.77               14.11               
273                             17                  7.76                2.19                2.23                
274                             1                   1.16                0.86                0.86                
275                             2                   0.61                3.27                3.28                
276                             7                   3.86                1.81                1.82                
277 et al                       18                  4.94                3.65                3.74                
279                             3                   3.59                0.84                0.83                
28                              1                   2.80                0.36                0.36                
280                             21                  8.19                2.57                2.63                
281                             6                   2.21                2.71                2.73                
282                             0                   0.83                0                   0                   
283                             2                   0.90                2.22                2.22                
284                             9                   1.59                5.66                5.74                
285                             0                   0.30                0                   0                   
286                             0                   0.30                0                   0                   
287                             1                   0.31                3.21                3.21                
288                             0                   1.99                0                   0                   
289                             0                   0.78                0                   0                   
29                              0                   3.64                0                   0                   
290                             0                   0.38                0                   0                   
291                             0                   1.62                0                   0                   
292                             0                   0.36                0                   0                   
293                             0                   1.10                0                   0                   
294                             3                   1.97                1.52                1.53                
295                             0                   0.22                0                   0                   
296                             0                   0.33                0                   0                   
297                             0                   0.37                0                   0                   
298                             0                   0.42                0                   0                   
299                             1                   3.36                0.30                0.30                
3                               0                   1.78                0                   0                   
30                              0                   0.15                0                   0                   
300                             1                   6.36                0.16                0.16                
301                             1                   2.87                0.35                0.35                
302                             2                   3.88                0.51                0.51                
303                             0                   1.25                0                   0                   
304                             1                   0.25                3.99                3.99                
305                             0                   0.73                0                   0                   
306                             0                   0.44                0                   0                   
307                             0                   1.77                0                   0                   
308                             2                   1.31                1.53                1.53                
309                             2                   4.83                0.41                0.41                
31                              0                   0.37                0                   0                   
310                             1                   2.18                0.46                0.46                
311                             1                   4.37                0.23                0.23                
312                             0                   0.56                0                   0                   
313                             1                   1.14                0.87                0.87                
314                             0                   1.73                0                   0                   
315                             0                   1.33                0                   0                   
316                             1                   2.14                0.47                0.47                
317                             0                   1.98                0                   0                   
318                             0                   2.48                0                   0                   
319                             2                   1.72                1.17                1.17                
32                              0                   0.76                0                   0                   
320                             0                   0.34                0                   0                   
321                             0                   1.50                0                   0                   
322                             2                   2.63                0.76                0.76                
323                             2                   5.21                0.38                0.38                
324                             1                   3.80                0.26                0.26                
325                             0                   1.49                0                   0                   
326                             1                   1.78                0.56                0.56                
327                             0                   1.15                0                   0                   
328                             0                   0.35                0                   0                   
329                             0                   0.85                0                   0                   
33                              0                   0.38                0                   0                   
330                             0                   0.76                0                   0                   
331                             0                   2.07                0                   0                   
332                             1                   2.84                0.35                0.35                
333                             0                   0.79                0                   0                   
334                             0                   0.74                0                   0                   
335                             1                   0.69                1.44                1.44                
336                             0                   0.38                0                   0                   
337                             0                   0.84                0                   0                   
338                             2                   5.30                0.38                0.38                
339                             0                   0.84                0                   0                   
34                              0                   0.23                0                   0                   
340                             1                   0.68                1.48                1.48                
341                             0                   1.26                0                   0                   
342                             0                   0.95                0                   0                   
343                             0                   0.62                0                   0                   
344                             1                   0.98                1.02                1.02                
345                             0                   1.07                0                   0                   
346                             0                   0.89                0                   0                   
347                             0                   0.34                0                   0                   
348                             0                   0.38                0                   0                   
349                             0                   0.54                0                   0                   
35                              0                   0.33                0                   0                   
350                             0                   1.04                0                   0                   
351                             0                   0.76                0                   0                   
352                             0                   1.98                0                   0                   
36                              0                   0.83                0                   0                   
37                              0                   0.14                0                   0                   
38                              0                   0.099               0                   0                   
39                              0                   1.96                0                   0                   
4                               0                   0.11                0                   0                   
40                              0                   1.03                0                   0                   
41                              0                   2.01                0                   0                   
42                              0                   0.16                0                   0                   
43                              0                   0.77                0                   0                   
44                              1                   0.29                3.46                3.46                
45                              0                   0.41                0                   0                   
46                              0                   2.35                0                   0                   
47                              0                   0.24                0                   0                   
48                              0                   5.22                0                   0                   
49                              1                   3.62                0.28                0.27                
5                               0                   0.21                0                   0                   
50                              0                   5.09                0                   0                   
51                              0                   6.54                0                   0                   
52                              0                   5.82                0                   0                   
53                              0                   2.77                0                   0                   
54                              0                   6.52                0                   0                   
55                              0                   2.91                0                   0                   
56                              0                   7.03                0                   0                   
57                              1                   6.23                0.16                0.16                
58                              0                   4.68                0                   0                   
59                              0                   4.32                0                   0                   
6                               0                   0.33                0                   0                   
60                              1                   1.22                0.82                0.82                
61                              1                   1.08                0.93                0.93                
62                              0                   1.18                0                   0                   
63                              0                   1.00                0                   0                   
64                              0                   1.20                0                   0                   
65                              0                   1.87                0                   0                   
66                              0                   0.88                0                   0                   
67                              0                   0.49                0                   0                   
68                              0                   0.90                0                   0                   
69                              0                   1.20                0                   0                   
7                               0                   0.22                0                   0                   
70                              0                   0.14                0                   0                   
71                              0                   0.74                0                   0                   
72                              0                   0.55                0                   0                   
73                              0                   0.14                0                   0                   
74                              0                   2.18                0                   0                   
75                              0                   0.81                0                   0                   
76                              0                   1.65                0                   0                   
77                              0                   0.90                0                   0                   
78                              0                   0.66                0                   0                   
79                              0                   2.64                0                   0                   
8                               0                   0.13                0                   0                   
80                              0                   0.52                0                   0                   
81                              1                   8.79                0.11                0.11                
82                              1                   9.39                0.11                0.10                
83                              1                   1.97                0.51                0.51                
84                              0                   0.89                0                   0                   
85                              0                   5.39                0                   0                   
86                              0                   0.15                0                   0                   
87                              0                   0.11                0                   0                   
88                              0                   6.88                0                   0                   
89                              1                   9.51                0.11                0.10                
9                               0                   0.75                0                   0                   
90                              1                   12.63               0.079               0.077               
91                              0                   2.51                0                   0                   
92                              0                   4.19                0                   0                   
93                              2                   5.03                0.40                0.39                
94                              0                   4.57                0                   0                   
95                              0                   1.79                0                   0                   
96                              0                   3.95                0                   0                   
97                              0                   0.54                0                   0                   
98                              0                   0.15                0                   0                   
99                              0                   0.91                0                   0                   
