5.469977            
9.347461            
6.643440            
4.273673            
4.207997            
7.186000            
12.503056           
4.324366            
6.201090            
3.995182            
5.800511            
5.313869            
9.906208            
5.916249            
4.758807            
5.651815            
4.535426            
5.618639            
3.418493            
5.979885            
6.506926            
5.341892            
3.820294            
4.270409            
5.508740            
5.511957            
5.329843            
7.425007            
4.553576            
4.985991            
4.201146            
6.759107            
6.560651            
6.542361            
3.767519            
5.498257            
8.092640            
6.255732            
4.944678            
7.989231            
6.224659            
4.397031            
5.093293            
6.705252            
4.678616            
3.116334            
6.746833            
3.205547            
4.293743            
4.587074            
6.054637            
6.440951            
8.103547            
7.063282            
4.761663            
3.707862            
6.157518            
7.875856            
5.493550            
4.197729            
7.094143            
5.717541            
5.749943            
3.891401            
6.046221            
4.009160            
6.053235            
7.265433            
4.778834            
4.941100            
6.228074            
6.903425            
5.849385            
4.779854            
5.061208            
8.050612            
5.966641            
7.616134            
5.871538            
7.903246            
5.575550            
5.112355            
4.424038            
6.208715            
4.035832            
4.150264            
6.377831            
8.757345            
4.195163            
5.020819            
4.773075            
6.216463            
7.358762            
5.643738            
5.538369            
3.941395            
3.465217            
5.415518            
8.144336            
5.226813            
5.310668            
5.110199            
6.917701            
5.024551            
7.426425            
6.220107            
4.484232            
8.232980            
3.473912            
8.820136            
4.051523            
9.932732            
4.861830            
5.184243            
4.106977            
3.888891            
5.815458            
5.108802            
5.113744            
4.507750            
4.029781            
5.968487            
5.328048            
6.218456            
7.619304            
5.822377            
5.311450            
5.911148            
5.540366            
5.368807            
4.071014            
6.410740            
5.209564            
4.626965            
8.754732            
4.214262            
6.102958            
4.336589            
4.499120            
4.025963            
3.743615            
5.143193            
4.383246            
3.357117            
5.186452            
6.451326            
6.328314            
5.469536            
8.330361            
6.001533            
5.977970            
4.761875            
5.797339            
6.280834            
4.502054            
4.192989            
6.918814            
5.969005            
13.879353           
4.495270            
8.140698            
5.186529            
4.714675            
6.107000            
7.574433            
8.876940            
8.052376            
5.752853            
4.062604            
8.706603            
3.089193            
5.680014            
5.946522            
4.625640            
4.715085            
3.932149            
4.655993            
4.233971            
5.876890            
5.557033            
5.834203            
6.432979            
7.866770            
4.542784            
5.521189            
6.794042            
7.043915            
6.297044            
3.014954            
8.328557            
10.145791           
3.693961            
4.360937            
7.313967            
8.490122            
4.181590            
4.107647            
4.405289            
3.726406            
4.058131            
4.560099            
5.142226            
5.215846            
4.927728            
4.731108            
4.044807            
3.751639            
6.498371            
5.973415            
3.490820            
4.415412            
4.293921            
6.435693            
4.258700            
4.160880            
4.613399            
7.363483            
4.640268            
7.639310            
7.168722            
4.253352            
3.697910            
4.922072            
3.996135            
4.640242            
3.697043            
7.242593            
4.027627            
7.525167            
4.481894            
4.916774            
6.735006            
3.764300            
8.026302            
4.643593            
4.427118            
5.124043            
3.250877            
6.926228            
5.510022            
5.780612            
9.190169            
8.320453            
6.498123            
5.308031            
6.483453            
7.259856            
3.930764            
7.238637            
6.126060            
6.888745            
5.364571            
5.494821            
4.487584            
5.119002            
8.426384            
5.430902            
5.345584            
5.319697            
4.591612            
4.102522            
4.695907            
4.954033            
4.994672            
4.052970            
6.944716            
3.076478            
6.287043            
4.265355            
4.242558            
6.204180            
6.725850            
5.812190            
5.361925            
4.050262            
6.341183            
4.911501            
4.157941            
9.304821            
7.133966            
5.482630            
4.344874            
5.730017            
5.607085            
4.816316            
6.915598            
4.396623            
6.083356            
7.114904            
4.415412            
5.393014            
3.775980            
5.196127            
4.203955            
5.665105            
5.657560            
4.393307            
5.026044            
4.118716            
6.461048            
5.367106            
4.523994            
6.944032            
8.567040            
5.231826            
5.532641            
3.586619            
4.219709            
5.469442            
4.555309            
4.293952            
4.723179            
6.012225            
4.337137            
5.031127            
5.047177            
5.417629            
3.914392            
5.952215            
8.279896            
6.327802            
6.367431            
8.049750            
3.318343            
7.271123            
5.508938            
5.395155            
7.277470            
5.949700            
5.351130            
4.332573            
5.640251            
5.783530            
4.229696            
6.006746            
2.964311            
4.513021            
4.166306            
3.931544            
5.779195            
4.557619            
7.278223            
6.116500            
5.920515            
7.478791            
6.042587            
6.816965            
5.131626            
5.620764            
6.139781            
4.136089            
6.187736            
3.810686            
6.934882            
4.086001            
7.705495            
5.574292            
5.706948            
3.594974            
7.080343            
5.393433            
5.544145            
5.186529            
5.078814            
4.628529            
9.857868            
6.491264            
5.055985            
4.765156            
6.143631            
6.215401            
3.419798            
6.305721            
4.704999            
3.620331            
4.419485            
3.632619            
6.030728            
7.027479            
6.838513            
6.585365            
4.419485            
5.985999            
4.740650            
5.944489            
6.090651            
3.829550            
8.643168            
4.428911            
4.102998            
5.786634            
6.131045            
5.260595            
7.634407            
2.824416            
6.419311            
5.387248            
4.055035            
5.665105            
3.380375            
5.409523            
4.145971            
7.084003            
9.342625            
4.070034            
4.192989            
4.117147            
6.742736            
7.544483            
5.384195            
5.999226            
8.566241            
6.034826            
8.306739            
6.291569            
4.816460            
4.761663            
4.704999            
6.662652            
4.653280            
4.259546            
4.925953            
5.285258            
4.591612            
3.286609            
8.339452            
4.107647            
4.937591            
6.209334            
4.621829            
4.958835            
3.360465            
9.187255            
4.265355            
3.660882            
5.269321            
4.085799            
9.343239            
6.389908            
4.546471            
4.585749            
3.463049            
5.486643            
4.021189            
5.868828            
6.117307            
6.247490            
3.458989            
7.567445            
6.553778            
6.189150            
6.020255            
6.257572            
4.699341            
6.398912            
3.956992            
5.229948            
5.165330            
6.542098            
4.607782            
4.139636            
4.473688            
5.090130            
6.653005            
6.538977            
4.200703            
4.713315            
5.571624            
6.448660            
6.332033            
4.416420            
5.061189            
5.906740            
4.122437            
7.004129            
5.046007            
5.206238            
3.913659            
7.445488            
5.108791            
4.758299            
4.428911            
5.023015            
4.474234            
5.183571            
4.985105            
5.264437            
5.403150            
5.808938            
5.795226            
6.177846            
5.149184            
4.626979            
3.543242            
6.211415            
5.753712            
4.397109            
5.180044            
7.265941            
4.242853            
6.994246            
6.390671            
6.244341            
4.988284            
5.914138            
4.617123            
5.189484            
4.385637            
5.850669            
5.231013            
5.328947            
4.977875            
5.854384            
3.941984            
3.133082            
4.410398            
5.762005            
6.155019            
4.251013            
6.598325            
5.405784            
5.207215            
5.518691            
8.597162            
5.707364            
4.301401            
4.698718            
3.012965            
3.403244            
4.213329            
5.325153            
5.072790            
4.212446            
5.563677            
4.916851            
4.068199            
5.047843            
4.328110            
5.994520            
5.275443            
4.034221            
8.393562            
4.897441            
7.010898            
5.395155            
3.440875            
4.477843            
7.375249            
7.516345            
5.854983            
5.285818            
3.973073            
4.315857            
6.467188            
7.320436            
6.040164            
6.319794            
4.897638            
6.006294            
4.505245            
5.234045            
6.539853            
7.304654            
3.168530            
5.428210            
3.438755            
4.525046            
4.229696            
7.410286            
6.982094            
6.048456            
4.499249            
6.046244            
4.223883            
3.914331            
7.086411            
4.040960            
5.175903            
5.314279            
3.829182            
10.156346           
5.817853            
5.749311            
5.575736            
7.263546            
5.510912            
5.028753            
7.128451            
6.509460            
8.320453            
4.352593            
5.713660            
5.892576            
7.828181            
6.131045            
4.339796            
5.650463            
8.450899            
4.820085            
10.639696           
7.224434            
5.345638            
6.365584            
5.120374            
4.286688            
6.774470            
6.018845            
6.015990            
4.617123            
4.583302            
4.549199            
4.910050            
5.653594            
6.153688            
10.921655           
8.260077            
4.248216            
5.043263            
5.274326            
4.186168            
5.961873            
5.450474            
8.183515            
4.315857            
4.620055            
6.715816            
6.858611            
4.888486            
3.753431            
5.256158            
5.922746            
6.216576            
3.453545            
3.562483            
4.728808            
3.764300            
3.560823            
3.481054            
4.266041            
3.619432            
7.230025            
5.159624            
3.260754            
6.922356            
6.468768            
6.207879            
4.976974            
4.537143            
4.804346            
5.556243            
6.495215            
5.006858            
4.858522            
3.616934            
5.988165            
6.356143            
5.702213            
4.618434            
5.755134            
4.733402            
6.778282            
3.710438            
5.811624            
5.981301            
4.591612            
5.284814            
4.871373            
5.080661            
4.558210            
3.626099            
5.189001            
5.091104            
5.992452            
4.571269            
4.676745            
3.905190            
3.785913            
6.862844            
5.750750            
5.078359            
4.563439            
5.110825            
8.778403            
3.745603            
5.856223            
4.409319            
5.700278            
7.551044            
3.911732            
4.196524            
4.714285            
3.952067            
6.968218            
4.613792            
6.198361            
6.693110            
5.696666            
5.894193            
6.693113            
7.773427            
5.479555            
4.732935            
6.131045            
5.358627            
6.272652            
3.443455            
5.376845            
5.594266            
6.898662            
3.828673            
5.724481            
5.233235            
6.266752            
7.026731            
5.636922            
4.615534            
5.301905            
5.604513            
5.619129            
4.235710            
4.438759            
5.133378            
4.034221            
4.830704            
4.829699            
5.380537            
3.763237            
6.919190            
3.974478            
4.657757            
4.676345            
4.374917            
5.377189            
8.319522            
5.072538            
4.677414            
5.880845            
5.355958            
7.837882            
4.580382            
7.150762            
4.820214            
7.044221            
7.802587            
7.140439            
4.503606            
6.844672            
8.431297            
6.667036            
6.013979            
3.753101            
6.542098            
4.225004            
5.025684            
5.362766            
5.745553            
4.608006            
4.192989            
4.428911            
5.655145            
5.197401            
4.502054            
5.195700            
5.742829            
4.786554            
6.600570            
5.597463            
6.389342            
4.910084            
4.184992            
7.432595            
6.329554            
4.653109            
6.271000            
5.674642            
9.073820            
4.759432            
5.046316            
3.332279            
6.306318            
4.531516            
4.292844            
5.241706            
5.744136            
3.974553            
7.025470            
4.595966            
7.343927            
4.511093            
4.921122            
4.678616            
5.402169            
5.626768            
6.321209            
6.108741            
3.306464            
7.228809            
5.477371            
9.772040            
7.723129            
6.748158            
7.843941            
5.979076            
8.048344            
4.543676            
5.335904            
4.926458            
6.231336            
4.223883            
6.161672            
6.807553            
5.063122            
5.305513            
5.106066            
4.692179            
4.466371            
4.144347            
3.602859            
5.648209            
4.529370            
4.360761            
5.662480            
6.035524            
6.333612            
5.083903            
9.341356            
5.830335            
3.649153            
4.539731            
3.618891            
5.600918            
5.113744            
4.439926            
5.192108            
7.207071            
4.053109            
8.177848            
5.849564            
4.526979            
6.875550            
5.488567            
4.230488            
4.778834            
5.478334            
7.017482            
6.146582            
4.342487            
5.800511            
5.985157            
6.083876            
5.618639            
5.231227            
3.620787            
6.019483            
6.091177            
7.724347            
4.977875            
5.479549            
8.847841            
6.442308            
7.403269            
4.200703            
4.617123            
4.033663            
3.663815            
6.498157            
6.093200            
8.106723            
8.282135            
5.597889            
5.762005            
4.325218            
8.501995            
5.959474            
6.258445            
4.328226            
4.876006            
4.759300            
4.427118            
5.841041            
3.992966            
4.616931            
4.194626            
4.278512            
6.129837            
5.813958            
4.890219            
5.998914            
4.468787            
3.677078            
7.767181            
5.494545            
4.778403            
3.792213            
5.460780            
3.456645            
7.307760            
4.968757            
4.756248            
4.729621            
8.690963            
5.047360            
11.963626           
6.162780            
4.769267            
3.863288            
3.711909            
3.571535            
2.900531            
4.266534            
4.603167            
4.248505            
6.873105            
4.401778            
5.352634            
6.349638            
6.650112            
4.772003            
6.087933            
7.925255            
8.681126            
4.156729            
3.077335            
9.089378            
5.813958            
3.003734            
6.509199            
3.435492            
3.562483            
3.967940            
4.826421            
6.848667            
5.907252            
3.480783            
5.996625            
7.849943            
8.508065            
6.243790            
6.775483            
4.913927            
4.316194            
5.314279            
6.404074            
3.901829            
5.034686            
4.626736            
7.291259            
6.671789            
4.729621            
7.019993            
5.393014            
6.502573            
4.655912            
5.117022            
6.038089            
9.534381            
7.578283            
6.985736            
7.637036            
7.405045            
4.823676            
5.759879            
4.993163            
5.032028            
5.531760            
5.376351            
5.961873            
3.666314            
6.042814            
4.071903            
11.477976           
4.262025            
5.407198            
5.672271            
5.153640            
6.041375            
6.614715            
4.650132            
4.504296            
3.864979            
7.663088            
5.858822            
5.648125            
3.290574            
5.383207            
5.358340            
4.933420            
7.763878            
4.692862            
7.004439            
3.867869            
6.233872            
4.360761            
5.557432            
5.206175            
5.420626            
4.650132            
4.968383            
10.901980           
