1                               0                   3.91                0                   0                   
10                              0                   1.47                0                   0                   
100                             0                   0.19                0                   0                   
101                             0                   0.29                0                   0                   
102                             0                   0.56                0                   0                   
103                             0                   5.19                0                   0                   
104                             0                   0.30                0                   0                   
105                             0                   0.54                0                   0                   
106                             0                   0.22                0                   0                   
107                             0                   2.25                0                   0                   
108                             0                   0.43                0                   0                   
109                             2                   2.69                0.74                0.74                
11                              0                   0.32                0                   0                   
110                             0                   0.15                0                   0                   
111                             0                   0.28                0                   0                   
112                             0                   0.091               0                   0                   
113                             0                   0.35                0                   0                   
114                             0                   0.21                0                   0                   
115                             0                   0.21                0                   0                   
116                             0                   0.11                0                   0                   
117                             0                   0.10                0                   0                   
118                             0                   0.13                0                   0                   
119                             0                   0.089               0                   0                   
12                              0                   2.02                0                   0                   
120                             0                   0.095               0                   0                   
121                             0                   0.18                0                   0                   
122                             0                   0.22                0                   0                   
123                             0                   0.19                0                   0                   
124                             0                   0.32                0                   0                   
125                             0                   0.15                0                   0                   
126                             0                   2.14                0                   0                   
127                             1                   0.45                2.22                2.22                
128                             0                   0.26                0                   0                   
129                             0                   0.51                0                   0                   
13                              1                   5.15                0.19                0.19                
130                             0                   0.60                0                   0                   
131                             0                   0.29                0                   0                   
132                             1                   0.41                2.42                2.42                
133                             0                   2.63                0                   0                   
134                             0                   0.16                0                   0                   
135                             0                   0.11                0                   0                   
136                             0                   0.28                0                   0                   
137                             1                   0.57                1.76                1.76                
138                             2                   0.60                3.33                3.33                
139                             3                   2.01                1.49                1.49                
14                              0                   2.49                0                   0                   
140                             16                  1.96                8.17                8.37                
141                             0                   1.51                0                   0                   
142                             2                   0.56                3.60                3.61                
143                             0                   3.34                0                   0                   
144                             0                   0.27                0                   0                   
145                             0                   0.22                0                   0                   
146                             35                  3.17                11.03               11.65               
147                             0                   1.30                0                   0                   
148                             0                   0.24                0                   0                   
149                             0                   0.65                0                   0                   
15                              0                   0.51                0                   0                   
150                             4                   5.02                0.80                0.80                
151                             0                   0.78                0                   0                   
152                             1                   1.72                0.58                0.58                
153                             0                   0.54                0                   0                   
154                             0                   0.49                0                   0                   
155                             1                   0.18                5.47                5.48                
156                             0                   0.12                0                   0                   
157                             0                   0.58                0                   0                   
158                             1                   1.11                0.90                0.90                
159                             1                   0.97                1.04                1.04                
16                              1                   0.71                1.40                1.40                
160                             0                   1.96                0                   0                   
161                             2                   4.74                0.42                0.42                
162                             0                   0.52                0                   0                   
163                             0                   0.53                0                   0                   
164                             0                   0.24                0                   0                   
165                             1                   1.75                0.57                0.57                
166                             7                   6.04                1.16                1.16                
167                             2                   0.35                5.73                5.75                
168                             2                   0.70                2.86                2.87                
169                             1                   0.63                1.59                1.59                
17                              3                   10.83               0.28                0.27                
170                             0                   0.87                0                   0                   
171                             0                   0.64                0                   0                   
172                             0                   1.12                0                   0                   
173                             0                   0.097               0                   0                   
174                             4                   3.07                1.30                1.31                
175                             2                   3.75                0.53                0.53                
176                             0                   1.13                0                   0                   
177                             0                   0.57                0                   0                   
178                             0                   0.12                0                   0                   
179                             0                   0.78                0                   0                   
18                              2                   5.36                0.37                0.37                
180                             0                   0.99                0                   0                   
181                             1                   0.67                1.50                1.50                
182                             0                   0.80                0                   0                   
183                             0                   1.07                0                   0                   
184                             0                   0.61                0                   0                   
185                             0                   0.48                0                   0                   
186                             2                   1.83                1.09                1.09                
187                             1                   1.26                0.80                0.80                
188                             0                   0.36                0                   0                   
189                             0                   0.29                0                   0                   
19                              0                   2.41                0                   0                   
190                             0                   0.89                0                   0                   
191                             2                   0.45                4.43                4.44                
192                             0                   0.14                0                   0                   
193                             0                   0.38                0                   0                   
194                             0                   0.67                0                   0                   
195                             0                   0.63                0                   0                   
196                             0                   1.00                0                   0                   
197                             1                   0.68                1.48                1.48                
198                             0                   0.79                0                   0                   
199                             1                   0.59                1.69                1.70                
2                               0                   5.64                0                   0                   
20                              0                   2.45                0                   0                   
200                             0                   0.57                0                   0                   
201                             1                   0.73                1.38                1.38                
202                             0                   0.48                0                   0                   
203                             0                   0.61                0                   0                   
204                             0                   2.79                0                   0                   
205                             1                   1.13                0.88                0.88                
206                             0                   0.36                0                   0                   
207                             0                   0.45                0                   0                   
208                             0                   0.62                0                   0                   
209                             1                   0.73                1.38                1.38                
21                              0                   5.86                0                   0                   
210                             0                   1.82                0                   0                   
211                             0                   0.32                0                   0                   
212                             0                   1.17                0                   0                   
213                             0                   1.23                0                   0                   
214                             2                   0.20                10.14               10.18               
215                             1                   0.56                1.78                1.78                
216                             1                   0.48                2.09                2.10                
217                             0                   0.19                0                   0                   
218                             0                   1.37                0                   0                   
219                             0                   0.27                0                   0                   
22                              0                   0.32                0                   0                   
220                             5                   5.07                0.99                0.99                
221                             1                   0.39                2.54                2.54                
222                             15                  0.78                19.24               19.71               
223                             2                   0.87                2.30                2.30                
224                             0                   0.25                0                   0                   
225                             1                   0.13                7.88                7.90                
226                             2                   1.20                1.67                1.67                
227                             4                   0.61                6.59                6.63                
228                             1                   0.13                7.44                7.45                
229                             2                   0.44                4.52                4.53                
23                              0                   1.26                0                   0                   
230                             1                   0.14                7.29                7.30                
231                             0                   0.19                0                   0                   
232                             3                   1.38                2.17                2.18                
233                             0                   0.12                0                   0                   
234                             2                   0.12                16.12               16.17               
235                             0                   0.31                0                   0                   
236                             1                   0.19                5.22                5.23                
237                             1                   0.43                2.35                2.35                
238                             1                   1.29                0.78                0.78                
239                             0                   0.52                0                   0                   
24                              0                   11.72               0                   0                   
240                             13                  0.21                61.25               62.59               
241                             2                   0.66                3.03                3.04                
242                             2                   0.76                2.65                2.65                
243                             0                   0.083               0                   0                   
244                             0                   0.61                0                   0                   
245                             1                   0.64                1.56                1.56                
246                             0                   0.28                0                   0                   
247                             4                   2.88                1.39                1.39                
248                             10                  1.07                9.34                9.48                
249                             8                   0.88                9.09                9.20                
25                              3                   4.49                0.67                0.67                
250                             2                   2.36                0.85                0.85                
251                             6                   1.15                5.21                5.25                
252                             8                   1.00                8.01                8.11                
253                             4                   0.76                5.29                5.32                
254                             1                   0.18                5.64                5.64                
255                             2                   0.73                2.75                2.76                
256                             7                   1.33                5.28                5.33                
257                             4                   0.77                5.22                5.25                
258                             42                  0.77                54.68               58.74               
259                             1                   0.35                2.85                2.85                
26                              0                   4.28                0                   0                   
260                             3                   0.48                6.20                6.23                
261                             19                  0.91                20.86               21.52               
262                             1                   0.32                3.15                3.15                
263                             3                   0.15                19.91               20.00               
264                             1                   0.30                3.38                3.38                
265                             0                   0.36                0                   0                   
266                             0                   0.049               0                   0                   
267                             0                   0.11                0                   0                   
268                             0                   0.081               0                   0                   
269                             1                   0.60                1.66                1.66                
27                              0                   1.77                0                   0                   
270                             9                   3.63                2.48                2.50                
271                             53                  5.06                10.48               11.40               
272                             59                  4.86                12.15               13.37               
273                             18                  8.64                2.08                2.12                
274                             1                   1.29                0.77                0.77                
275                             2                   0.68                2.93                2.93                
276                             10                  4.29                2.33                2.35                
277 et al                       23                  5.48                4.20                4.33                
279                             3                   4.03                0.74                0.74                
28                              1                   3.19                0.31                0.31                
280                             27                  9.22                2.93                3.02                
281                             7                   2.48                2.82                2.84                
282                             0                   0.92                0                   0                   
283                             2                   0.99                2.02                2.02                
284                             11                  1.78                6.17                6.27                
285                             0                   0.33                0                   0                   
286                             0                   0.34                0                   0                   
287                             1                   0.35                2.88                2.88                
288                             1                   2.22                0.45                0.45                
289                             0                   0.86                0                   0                   
29                              0                   4.22                0                   0                   
290                             0                   0.42                0                   0                   
291                             1                   1.79                0.56                0.56                
292                             0                   0.39                0                   0                   
293                             0                   1.22                0                   0                   
294                             3                   2.21                1.36                1.36                
295                             1                   0.24                4.14                4.14                
296                             0                   0.36                0                   0                   
297                             0                   0.40                0                   0                   
298                             0                   0.47                0                   0                   
299                             1                   3.76                0.27                0.26                
3                               0                   2.02                0                   0                   
30                              0                   0.16                0                   0                   
300                             1                   7.37                0.14                0.13                
301                             2                   3.25                0.62                0.61                
302                             3                   4.51                0.66                0.66                
303                             0                   1.39                0                   0                   
304                             1                   0.28                3.61                3.61                
305                             0                   0.82                0                   0                   
306                             0                   0.48                0                   0                   
307                             0                   1.95                0                   0                   
308                             3                   1.46                2.06                2.07                
309                             2                   5.46                0.37                0.36                
31                              0                   0.40                0                   0                   
310                             1                   2.45                0.41                0.41                
311                             4                   5.00                0.80                0.80                
312                             0                   0.62                0                   0                   
313                             1                   1.26                0.79                0.79                
314                             1                   1.95                0.51                0.51                
315                             0                   1.52                0                   0                   
316                             1                   2.44                0.41                0.41                
317                             1                   2.26                0.44                0.44                
318                             0                   2.80                0                   0                   
319                             6                   1.96                3.06                3.08                
32                              0                   0.83                0                   0                   
320                             0                   0.38                0                   0                   
321                             0                   1.68                0                   0                   
322                             3                   2.94                1.02                1.02                
323                             2                   5.94                0.34                0.33                
324                             1                   4.26                0.23                0.23                
325                             0                   1.67                0                   0                   
326                             3                   2.00                1.50                1.50                
327                             0                   1.27                0                   0                   
328                             0                   0.38                0                   0                   
329                             0                   0.97                0                   0                   
33                              0                   0.42                0                   0                   
330                             0                   0.86                0                   0                   
331                             0                   2.31                0                   0                   
332                             1                   3.19                0.31                0.31                
333                             0                   0.88                0                   0                   
334                             0                   0.82                0                   0                   
335                             1                   0.77                1.30                1.30                
336                             0                   0.41                0                   0                   
337                             0                   0.99                0                   0                   
338                             3                   5.93                0.51                0.50                
339                             0                   0.93                0                   0                   
34                              0                   0.25                0                   0                   
340                             1                   0.75                1.34                1.34                
341                             0                   1.41                0                   0                   
342                             0                   1.04                0                   0                   
343                             0                   0.68                0                   0                   
344                             1                   1.09                0.92                0.92                
345                             0                   1.19                0                   0                   
346                             0                   1.00                0                   0                   
347                             0                   0.38                0                   0                   
348                             0                   0.43                0                   0                   
349                             0                   0.59                0                   0                   
35                              0                   0.36                0                   0                   
350                             0                   1.16                0                   0                   
351                             0                   0.84                0                   0                   
352                             0                   2.22                0                   0                   
36                              0                   0.90                0                   0                   
37                              0                   0.15                0                   0                   
38                              0                   0.11                0                   0                   
39                              0                   2.24                0                   0                   
4                               0                   0.12                0                   0                   
40                              0                   1.14                0                   0                   
41                              0                   2.25                0                   0                   
42                              0                   0.17                0                   0                   
43                              0                   0.85                0                   0                   
44                              1                   0.31                3.20                3.21                
45                              0                   0.44                0                   0                   
46                              0                   2.68                0                   0                   
47                              0                   0.26                0                   0                   
48                              0                   5.74                0                   0                   
49                              1                   3.98                0.25                0.25                
5                               0                   0.23                0                   0                   
50                              0                   5.52                0                   0                   
51                              1                   7.24                0.14                0.14                
52                              0                   6.41                0                   0                   
53                              0                   3.04                0                   0                   
54                              0                   7.14                0                   0                   
55                              0                   3.18                0                   0                   
56                              0                   7.76                0                   0                   
57                              1                   6.87                0.15                0.14                
58                              0                   5.14                0                   0                   
59                              0                   4.69                0                   0                   
6                               0                   0.37                0                   0                   
60                              1                   1.37                0.73                0.73                
61                              1                   1.19                0.84                0.84                
62                              0                   1.31                0                   0                   
63                              0                   1.10                0                   0                   
64                              0                   1.36                0                   0                   
65                              0                   2.10                0                   0                   
66                              0                   0.99                0                   0                   
67                              0                   0.54                0                   0                   
68                              0                   1.03                0                   0                   
69                              0                   1.36                0                   0                   
7                               0                   0.25                0                   0                   
70                              0                   0.15                0                   0                   
71                              0                   0.83                0                   0                   
72                              0                   0.62                0                   0                   
73                              0                   0.16                0                   0                   
74                              0                   2.45                0                   0                   
75                              0                   0.90                0                   0                   
76                              0                   1.83                0                   0                   
77                              0                   1.00                0                   0                   
78                              0                   0.74                0                   0                   
79                              0                   3.00                0                   0                   
8                               0                   0.14                0                   0                   
80                              0                   0.58                0                   0                   
81                              1                   9.88                0.10                0.100               
82                              1                   10.54               0.095               0.093               
83                              1                   2.29                0.44                0.43                
84                              0                   1.02                0                   0                   
85                              0                   6.11                0                   0                   
86                              0                   0.17                0                   0                   
87                              0                   0.11                0                   0                   
88                              0                   7.78                0                   0                   
89                              1                   10.84               0.092               0.091               
9                               0                   0.85                0                   0                   
90                              2                   14.28               0.14                0.14                
91                              0                   3.11                0                   0                   
92                              0                   4.70                0                   0                   
93                              2                   5.62                0.36                0.35                
94                              1                   5.28                0.19                0.19                
95                              0                   2.01                0                   0                   
96                              0                   4.70                0                   0                   
97                              0                   0.61                0                   0                   
98                              0                   0.16                0                   0                   
99                              0                   1.00                0                   0                   
