1                               0                   5.26                0                   0                   
10                              0                   2.03                0                   0                   
100                             0                   0.24                0                   0                   
101                             0                   0.36                0                   0                   
102                             0                   0.70                0                   0                   
103                             0                   6.78                0                   0                   
104                             0                   0.37                0                   0                   
105                             0                   0.69                0                   0                   
106                             0                   0.26                0                   0                   
107                             0                   3.05                0                   0                   
108                             0                   0.56                0                   0                   
109                             2                   3.52                0.57                0.57                
11                              0                   0.41                0                   0                   
110                             0                   0.19                0                   0                   
111                             0                   0.36                0                   0                   
112                             0                   0.12                0                   0                   
113                             0                   0.44                0                   0                   
114                             0                   0.27                0                   0                   
115                             0                   0.26                0                   0                   
116                             0                   0.15                0                   0                   
117                             0                   0.15                0                   0                   
118                             0                   0.18                0                   0                   
119                             0                   0.12                0                   0                   
12                              0                   2.86                0                   0                   
120                             0                   0.13                0                   0                   
121                             0                   0.22                0                   0                   
122                             0                   0.27                0                   0                   
123                             0                   0.24                0                   0                   
124                             0                   0.39                0                   0                   
125                             0                   0.20                0                   0                   
126                             0                   2.84                0                   0                   
127                             1                   0.57                1.75                1.75                
128                             0                   0.33                0                   0                   
129                             0                   0.69                0                   0                   
13                              1                   7.50                0.13                0.13                
130                             1                   0.74                1.35                1.35                
131                             0                   0.36                0                   0                   
132                             1                   0.58                1.71                1.71                
133                             0                   3.36                0                   0                   
134                             0                   0.21                0                   0                   
135                             0                   0.14                0                   0                   
136                             0                   0.35                0                   0                   
137                             1                   0.71                1.41                1.41                
138                             2                   0.75                2.65                2.66                
139                             3                   2.63                1.14                1.14                
14                              0                   3.34                0                   0                   
140                             18                  2.65                6.79                6.93                
141                             0                   2.00                0                   0                   
142                             2                   0.72                2.77                2.78                
143                             2                   4.30                0.47                0.46                
144                             0                   0.33                0                   0                   
145                             0                   0.27                0                   0                   
146                             39                  4.11                9.49                9.93                
147                             0                   1.82                0                   0                   
148                             0                   0.29                0                   0                   
149                             0                   0.84                0                   0                   
15                              0                   0.70                0                   0                   
150                             5                   6.96                0.72                0.72                
151                             0                   1.02                0                   0                   
152                             5                   2.40                2.08                2.09                
153                             0                   0.71                0                   0                   
154                             0                   0.62                0                   0                   
155                             2                   0.24                8.46                8.48                
156                             0                   0.14                0                   0                   
157                             0                   0.73                0                   0                   
158                             1                   1.44                0.69                0.69                
159                             1                   1.30                0.77                0.77                
16                              1                   0.90                1.11                1.11                
160                             0                   2.55                0                   0                   
161                             3                   6.22                0.48                0.48                
162                             0                   0.64                0                   0                   
163                             0                   0.68                0                   0                   
164                             0                   0.29                0                   0                   
165                             2                   2.39                0.84                0.84                
166                             11                  8.05                1.37                1.37                
167                             2                   0.44                4.56                4.57                
168                             2                   0.87                2.31                2.31                
169                             2                   0.85                2.34                2.34                
17                              3                   14.86               0.20                0.20                
170                             0                   1.13                0                   0                   
171                             0                   0.82                0                   0                   
172                             0                   1.47                0                   0                   
173                             0                   0.11                0                   0                   
174                             4                   4.01                1.00                1.00                
175                             2                   4.95                0.40                0.40                
176                             0                   1.44                0                   0                   
177                             0                   0.70                0                   0                   
178                             0                   0.15                0                   0                   
179                             1                   1.01                0.99                0.99                
18                              2                   7.33                0.27                0.27                
180                             0                   1.34                0                   0                   
181                             1                   0.82                1.21                1.21                
182                             0                   1.01                0                   0                   
183                             0                   1.38                0                   0                   
184                             0                   0.76                0                   0                   
185                             0                   0.60                0                   0                   
186                             3                   2.39                1.26                1.26                
187                             2                   1.62                1.24                1.24                
188                             0                   0.44                0                   0                   
189                             0                   0.37                0                   0                   
19                              0                   3.01                0                   0                   
190                             0                   1.12                0                   0                   
191                             2                   0.55                3.62                3.63                
192                             0                   0.18                0                   0                   
193                             0                   0.47                0                   0                   
194                             0                   0.84                0                   0                   
195                             0                   0.79                0                   0                   
196                             0                   1.28                0                   0                   
197                             1                   0.84                1.19                1.19                
198                             0                   1.01                0                   0                   
199                             1                   0.73                1.37                1.37                
2                               0                   7.65                0                   0                   
20                              0                   3.23                0                   0                   
200                             0                   0.71                0                   0                   
201                             1                   0.93                1.07                1.07                
202                             0                   0.61                0                   0                   
203                             0                   0.77                0                   0                   
204                             0                   3.73                0                   0                   
205                             1                   1.49                0.67                0.67                
206                             0                   0.45                0                   0                   
207                             0                   0.57                0                   0                   
208                             0                   0.77                0                   0                   
209                             1                   0.94                1.07                1.07                
21                              0                   7.84                0                   0                   
210                             0                   2.42                0                   0                   
211                             0                   0.40                0                   0                   
212                             0                   1.51                0                   0                   
213                             0                   1.71                0                   0                   
214                             2                   0.26                7.62                7.64                
215                             1                   0.74                1.36                1.36                
216                             1                   0.60                1.66                1.66                
217                             0                   0.25                0                   0                   
218                             0                   1.80                0                   0                   
219                             0                   0.34                0                   0                   
22                              0                   0.45                0                   0                   
220                             6                   6.58                0.91                0.91                
221                             1                   0.51                1.96                1.96                
222                             25                  1.00                24.91               25.69               
223                             2                   1.10                1.82                1.82                
224                             1                   0.31                3.19                3.19                
225                             1                   0.17                6.02                6.03                
226                             2                   1.57                1.27                1.28                
227                             5                   0.77                6.48                6.51                
228                             1                   0.17                5.89                5.90                
229                             2                   0.55                3.64                3.65                
23                              0                   1.69                0                   0                   
230                             1                   0.18                5.53                5.53                
231                             0                   0.24                0                   0                   
232                             3                   1.82                1.65                1.65                
233                             0                   0.16                0                   0                   
234                             2                   0.17                11.93               11.96               
235                             0                   0.42                0                   0                   
236                             2                   0.24                8.29                8.31                
237                             1                   0.53                1.88                1.88                
238                             1                   1.67                0.60                0.60                
239                             1                   0.65                1.54                1.54                
24                              0                   16.26               0                   0                   
240                             15                  0.27                55.99               57.05               
241                             2                   0.87                2.31                2.31                
242                             2                   1.00                2.00                2.01                
243                             0                   0.11                0                   0                   
244                             0                   0.76                0                   0                   
245                             1                   0.80                1.24                1.24                
246                             0                   0.36                0                   0                   
247                             4                   3.83                1.04                1.04                
248                             15                  1.37                10.93               11.12               
249                             11                  1.15                9.54                9.66                
25                              3                   6.20                0.48                0.48                
250                             7                   3.38                2.07                2.08                
251                             10                  1.51                6.62                6.69                
252                             9                   1.46                6.17                6.23                
253                             7                   0.98                7.17                7.23                
254                             1                   0.22                4.65                4.65                
255                             2                   0.93                2.16                2.16                
256                             8                   1.70                4.71                4.75                
257                             7                   1.00                6.97                7.02                
258                             44                  0.99                44.47               47.04               
259                             4                   0.47                8.47                8.51                
26                              0                   5.81                0                   0                   
260                             9                   0.62                14.58               14.74               
261                             36                  1.19                30.29               31.69               
262                             1                   0.39                2.54                2.54                
263                             3                   0.18                16.23               16.28               
264                             2                   0.37                5.46                5.48                
265                             0                   0.44                0                   0                   
266                             0                   0.064               0                   0                   
267                             0                   0.14                0                   0                   
268                             0                   0.11                0                   0                   
269                             1                   0.76                1.31                1.31                
27                              0                   2.59                0                   0                   
270                             14                  4.83                2.90                2.93                
271                             61                  6.76                9.03                9.70                
272                             84                  6.64                12.65               14.03               
273                             18                  11.28               1.60                1.61                
274                             1                   1.69                0.59                0.59                
275                             2                   0.93                2.15                2.16                
276                             13                  5.58                2.33                2.35                
277 et al                       31                  6.97                4.45                4.59                
279                             6                   5.27                1.14                1.14                
28                              1                   4.35                0.23                0.23                
280                             32                  12.13               2.64                2.71                
281                             10                  3.25                3.08                3.10                
282                             0                   1.16                0                   0                   
283                             2                   1.25                1.60                1.60                
284                             14                  2.32                6.03                6.13                
285                             0                   0.44                0                   0                   
286                             0                   0.46                0                   0                   
287                             1                   0.46                2.15                2.15                
288                             2                   3.00                0.67                0.67                
289                             0                   1.15                0                   0                   
29                              1                   6.28                0.16                0.16                
290                             0                   0.54                0                   0                   
291                             1                   2.40                0.42                0.42                
292                             1                   0.50                2.00                2.00                
293                             0                   1.62                0                   0                   
294                             4                   3.02                1.32                1.33                
295                             1                   0.32                3.12                3.12                
296                             0                   0.47                0                   0                   
297                             0                   0.53                0                   0                   
298                             0                   0.61                0                   0                   
299                             1                   4.90                0.20                0.20                
3                               1                   2.71                0.37                0.37                
30                              0                   0.20                0                   0                   
300                             2                   10.62               0.19                0.19                
301                             4                   4.35                0.92                0.92                
302                             6                   6.33                0.95                0.95                
303                             0                   1.82                0                   0                   
304                             1                   0.36                2.75                2.75                
305                             0                   1.06                0                   0                   
306                             0                   0.61                0                   0                   
307                             0                   2.54                0                   0                   
308                             3                   1.90                1.58                1.58                
309                             7                   7.25                0.97                0.97                
31                              0                   0.50                0                   0                   
310                             2                   3.25                0.61                0.61                
311                             8                   6.83                1.17                1.17                
312                             0                   0.78                0                   0                   
313                             1                   1.61                0.62                0.62                
314                             1                   2.65                0.38                0.38                
315                             0                   2.14                0                   0                   
316                             1                   3.42                0.29                0.29                
317                             1                   3.09                0.32                0.32                
318                             0                   3.74                0                   0                   
319                             6                   2.78                2.16                2.17                
32                              0                   1.05                0                   0                   
320                             0                   0.47                0                   0                   
321                             1                   2.19                0.46                0.46                
322                             4                   3.89                1.03                1.03                
323                             2                   8.09                0.25                0.25                
324                             1                   5.57                0.18                0.18                
325                             2                   2.16                0.92                0.92                
326                             3                   2.70                1.11                1.11                
327                             0                   1.63                0                   0                   
328                             0                   0.47                0                   0                   
329                             0                   1.30                0                   0                   
33                              0                   0.51                0                   0                   
330                             0                   1.13                0                   0                   
331                             0                   3.09                0                   0                   
332                             1                   4.20                0.24                0.24                
333                             1                   1.17                0.86                0.86                
334                             0                   1.06                0                   0                   
335                             1                   1.00                1.00                1.00                
336                             0                   0.52                0                   0                   
337                             0                   1.33                0                   0                   
338                             3                   7.85                0.38                0.38                
339                             0                   1.21                0                   0                   
34                              0                   0.30                0                   0                   
340                             1                   0.97                1.03                1.03                
341                             0                   1.86                0                   0                   
342                             0                   1.34                0                   0                   
343                             0                   0.89                0                   0                   
344                             1                   1.42                0.71                0.71                
345                             0                   1.56                0                   0                   
346                             0                   1.33                0                   0                   
347                             0                   0.49                0                   0                   
348                             0                   0.56                0                   0                   
349                             0                   0.76                0                   0                   
35                              0                   0.43                0                   0                   
350                             0                   1.53                0                   0                   
351                             0                   1.07                0                   0                   
352                             0                   2.95                0                   0                   
36                              0                   1.15                0                   0                   
37                              0                   0.19                0                   0                   
38                              0                   0.14                0                   0                   
39                              0                   3.10                0                   0                   
4                               0                   0.15                0                   0                   
40                              1                   1.48                0.67                0.67                
41                              0                   2.94                0                   0                   
42                              0                   0.21                0                   0                   
43                              0                   1.06                0                   0                   
44                              1                   0.40                2.53                2.53                
45                              0                   0.56                0                   0                   
46                              0                   3.67                0                   0                   
47                              0                   0.33                0                   0                   
48                              0                   7.35                0                   0                   
49                              1                   5.07                0.20                0.20                
5                               0                   0.29                0                   0                   
50                              0                   7.01                0                   0                   
51                              1                   9.35                0.11                0.11                
52                              0                   8.22                0                   0                   
53                              1                   3.85                0.26                0.26                
54                              0                   9.03                0                   0                   
55                              0                   4.07                0                   0                   
56                              0                   9.90                0                   0                   
57                              1                   8.83                0.11                0.11                
58                              0                   6.55                0                   0                   
59                              1                   5.87                0.17                0.17                
6                               0                   0.50                0                   0                   
60                              1                   1.79                0.56                0.56                
61                              1                   1.57                0.64                0.64                
62                              0                   1.74                0                   0                   
63                              0                   1.38                0                   0                   
64                              0                   1.82                0                   0                   
65                              0                   2.74                0                   0                   
66                              1                   1.31                0.76                0.76                
67                              0                   0.72                0                   0                   
68                              0                   1.42                0                   0                   
69                              1                   1.81                0.55                0.55                
7                               0                   0.33                0                   0                   
70                              0                   0.21                0                   0                   
71                              0                   1.09                0                   0                   
72                              1                   0.84                1.20                1.20                
73                              0                   0.20                0                   0                   
74                              0                   3.24                0                   0                   
75                              0                   1.21                0                   0                   
76                              0                   2.38                0                   0                   
77                              0                   1.26                0                   0                   
78                              0                   0.96                0                   0                   
79                              1                   3.94                0.25                0.25                
8                               0                   0.17                0                   0                   
80                              0                   0.75                0                   0                   
81                              1                   13.10               0.076               0.075               
82                              1                   13.87               0.072               0.071               
83                              1                   3.21                0.31                0.31                
84                              0                   1.46                0                   0                   
85                              0                   8.24                0                   0                   
86                              0                   0.22                0                   0                   
87                              0                   0.14                0                   0                   
88                              1                   10.47               0.095               0.094               
89                              1                   14.47               0.069               0.068               
9                               0                   1.14                0                   0                   
90                              3                   18.91               0.16                0.16                
91                              0                   4.65                0                   0                   
92                              0                   6.11                0                   0                   
93                              2                   7.30                0.27                0.27                
94                              1                   7.20                0.14                0.14                
95                              0                   2.65                0                   0                   
96                              0                   6.86                0                   0                   
97                              0                   0.81                0                   0                   
98                              0                   0.22                0                   0                   
99                              0                   1.24                0                   0                   
