4.760683            
5.425603            
5.082286            
7.583577            
5.542856            
6.818462            
9.775383            
4.457491            
5.504763            
3.376685            
4.637171            
4.094459            
5.572563            
8.172188            
4.062997            
4.571156            
7.499025            
7.538636            
7.684892            
7.307378            
7.437965            
5.042421            
4.691642            
4.303769            
4.162371            
5.109562            
5.115008            
6.493539            
5.755633            
4.603777            
8.666750            
5.757087            
5.507307            
10.376842           
6.900498            
7.015524            
5.367134            
4.333825            
5.737210            
9.603490            
6.676961            
4.871003            
6.959524            
5.068926            
5.483944            
3.500456            
8.232646            
6.059342            
5.700358            
3.289782            
4.158223            
8.076510            
5.828546            
3.960880            
4.339022            
4.247475            
8.767015            
3.950630            
5.523182            
4.695508            
4.645870            
6.621829            
5.899919            
6.651977            
4.720377            
4.563321            
5.840362            
6.806484            
6.582111            
6.590240            
6.964659            
3.980054            
5.343667            
6.699224            
4.540673            
8.461697            
6.121455            
6.008273            
4.053223            
4.333321            
4.719384            
3.878183            
5.166107            
5.918669            
7.881980            
5.352695            
8.350728            
5.180929            
3.847588            
5.350954            
5.057052            
4.609678            
4.930483            
5.360442            
4.701072            
5.332353            
6.629121            
4.942630            
6.277906            
5.824149            
8.140138            
4.265706            
5.264312            
4.199120            
6.252367            
4.473614            
5.306077            
5.641379            
5.110214            
7.564278            
5.549786            
8.151431            
5.585363            
4.889116            
5.894467            
4.537786            
7.312962            
4.475849            
5.957769            
7.042859            
5.220112            
7.542596            
6.297282            
4.874875            
6.052314            
5.348606            
3.825088            
6.728172            
7.587012            
4.662814            
4.274590            
8.185173            
5.400216            
4.521721            
7.460965            
5.696818            
4.229188            
4.418501            
5.824373            
3.886668            
6.954660            
5.379381            
4.037899            
4.314549            
7.196574            
5.031287            
7.425031            
3.938493            
7.279430            
5.996859            
6.094652            
4.652335            
5.467820            
7.212129            
3.611682            
5.392340            
5.473829            
4.399509            
4.045055            
5.709133            
5.123990            
5.024078            
5.209834            
5.828023            
6.847441            
8.830456            
5.945483            
5.911059            
5.966827            
5.472099            
3.689824            
3.698262            
5.819119            
4.999821            
4.064062            
4.915156            
4.155052            
7.115651            
4.678113            
4.643602            
6.132047            
10.632324           
4.884826            
6.371193            
4.850180            
4.761287            
4.397079            
6.427919            
5.340792            
5.162188            
7.933859            
4.690385            
3.463086            
4.769140            
5.793396            
5.817699            
5.764682            
5.322260            
4.399509            
7.895666            
5.994748            
7.059179            
6.138831            
6.492273            
6.348899            
3.860879            
6.745240            
9.592867            
5.597471            
3.695671            
4.849868            
4.975980            
5.087045            
4.838105            
4.524833            
4.367802            
4.373279            
4.513073            
4.631159            
4.243918            
7.077550            
3.460305            
5.141538            
3.849389            
4.579858            
4.835645            
6.027787            
4.380297            
7.889739            
5.895291            
4.969749            
4.761663            
7.130550            
6.045030            
5.136849            
7.568851            
5.315432            
7.785432            
6.881043            
5.331742            
5.941523            
4.814640            
6.868062            
2.865931            
5.033405            
3.471122            
5.792320            
4.522084            
6.655259            
4.375876            
6.610552            
4.806994            
3.087147            
7.057810            
8.186483            
3.493244            
5.318461            
5.863971            
3.293058            
4.114095            
3.936045            
4.395267            
4.375516            
4.469182            
3.693351            
7.252693            
6.502413            
6.835488            
5.417354            
5.318461            
5.996859            
7.350369            
4.667651            
7.772645            
3.307864            
5.992816            
8.262220            
4.428342            
6.160974            
5.706847            
3.124615            
4.871109            
5.799458            
17.248237           
5.090731            
5.265077            
4.253584            
6.021085            
4.334103            
4.099096            
8.200058            
3.933084            
9.428980            
4.972665            
5.345966            
5.299984            
3.081895            
8.988371            
4.887586            
4.011235            
5.087240            
3.538352            
6.762020            
9.160280            
4.134994            
7.325881            
5.107724            
5.143007            
6.560484            
3.923107            
4.768222            
5.539208            
6.260762            
3.878183            
6.041241            
7.398682            
5.620833            
4.054377            
3.475402            
7.138282            
4.987077            
6.805393            
9.605099            
5.512310            
3.698958            
3.608287            
9.524825            
5.074695            
6.247556            
4.036284            
6.755108            
7.174502            
5.016495            
6.412595            
5.547977            
4.881875            
3.249265            
4.690362            
5.629654            
8.507569            
4.956058            
6.993498            
5.575435            
5.031287            
4.745437            
3.693542            
3.819501            
5.066882            
5.505551            
6.776795            
6.568741            
5.577214            
5.199641            
6.197244            
6.748555            
4.478473            
6.438356            
5.707597            
6.250179            
6.193085            
6.689251            
4.577885            
3.775316            
4.713686            
5.391012            
6.743493            
6.298392            
5.810839            
5.537572            
5.230010            
6.804620            
4.372310            
3.923055            
3.433766            
7.271368            
6.196695            
5.710066            
3.746005            
4.136137            
5.902775            
4.945642            
4.532367            
7.138956            
5.501641            
6.190559            
4.036284            
4.217656            
5.598077            
3.153516            
4.679084            
4.272530            
6.200851            
2.901060            
5.668613            
5.145122            
7.115301            
6.014705            
6.784216            
5.811011            
3.562676            
5.450381            
5.008962            
5.097967            
7.254914            
8.138265            
4.066714            
6.029447            
7.854756            
5.435615            
5.439404            
9.315866            
7.427430            
4.214983            
5.779203            
6.470169            
6.012738            
5.473647            
9.235056            
7.634703            
4.344695            
4.192042            
4.890952            
5.342007            
4.151318            
5.318461            
4.928550            
4.849544            
6.147040            
4.353522            
4.836881            
3.996425            
5.307697            
4.662814            
3.844551            
4.862652            
4.145808            
5.338805            
5.050333            
4.629632            
4.414963            
5.261475            
4.743619            
4.188111            
6.243523            
8.049284            
5.507080            
4.142422            
4.863616            
4.769193            
4.641139            
4.991019            
6.051206            
3.783944            
4.209305            
7.181867            
6.074634            
4.727528            
4.873126            
5.620833            
5.733641            
5.060699            
6.216963            
6.090917            
6.163128            
6.131991            
6.263061            
7.470051            
5.016969            
4.192475            
6.708188            
7.321669            
3.910283            
7.083505            
5.255485            
5.110290            
3.892099            
3.978408            
4.121489            
4.617537            
4.864545            
4.597775            
5.411665            
4.536807            
3.945489            
6.747383            
5.042860            
4.308118            
4.109378            
5.966054            
7.233680            
4.628884            
5.323784            
5.805638            
4.455645            
6.799541            
5.430107            
3.289967            
5.951273            
5.303213            
5.255636            
7.213830            
5.352695            
6.315544            
6.274795            
7.198433            
5.194283            
6.546871            
8.302966            
6.571065            
4.841894            
3.399914            
3.805395            
4.645292            
5.198866            
4.369829            
4.364452            
4.265641            
4.476786            
4.666608            
8.155426            
5.406198            
4.535054            
5.662977            
6.517734            
7.934289            
5.177578            
6.666030            
6.327960            
6.595602            
3.908705            
6.169561            
10.115821           
6.405198            
3.370019            
5.047818            
5.820064            
6.380520            
5.956884            
4.177304            
5.734661            
4.192843            
5.454555            
6.755657            
3.751543            
5.497466            
6.838477            
5.283057            
6.295812            
5.864400            
4.917665            
9.222719            
6.502302            
4.774099            
4.096422            
4.628266            
3.954059            
4.678348            
5.577147            
4.426746            
5.149336            
4.969749            
7.035032            
5.271057            
4.902997            
5.554391            
5.669825            
4.674546            
4.129784            
7.132358            
4.277058            
4.524265            
3.994387            
6.405520            
4.352107            
3.441086            
5.260863            
5.402689            
5.497978            
7.167518            
6.025831            
9.481257            
6.558707            
4.197707            
3.929041            
8.335417            
3.780224            
4.833898            
4.937728            
8.891097            
6.901852            
3.663002            
7.347038            
6.497039            
5.416575            
11.247064           
5.436827            
6.355531            
4.494296            
5.092902            
4.277427            
4.171707            
5.532250            
5.145742            
5.564372            
4.437629            
6.820160            
5.296988            
4.560591            
5.115943            
4.853469            
9.694448            
4.070041            
5.471804            
6.005493            
6.827546            
5.139228            
3.195068            
9.584918            
4.874407            
4.444661            
4.174399            
6.049146            
6.077400            
5.080813            
4.762234            
6.794255            
6.234762            
3.852155            
4.016457            
5.341875            
5.269577            
5.230010            
6.143423            
5.642837            
5.486327            
5.012554            
4.757320            
6.687334            
4.097771            
4.972789            
5.551437            
4.397140            
5.264359            
6.013479            
4.148620            
5.485890            
5.124946            
8.137338            
6.340393            
5.966054            
5.924882            
6.669252            
4.503516            
4.015214            
6.670018            
7.952527            
9.338100            
5.767508            
7.054388            
5.238684            
4.209825            
4.510094            
7.657948            
4.392135            
4.761805            
3.965387            
5.408595            
4.399644            
5.884590            
4.742994            
5.042681            
9.485726            
5.417205            
3.715172            
7.161806            
6.897051            
5.323246            
3.088318            
4.364151            
6.678098            
8.250334            
5.460145            
6.370977            
4.182275            
7.767630            
4.926277            
8.593840            
4.739164            
5.038667            
5.113494            
6.211847            
6.029911            
7.185146            
5.181424            
6.796735            
5.474729            
4.499545            
4.881513            
5.341909            
5.951157            
4.514375            
5.721652            
6.929895            
3.886212            
3.499799            
6.438666            
4.476786            
4.928550            
4.174725            
3.961982            
4.548570            
6.971354            
7.630601            
6.091223            
5.938013            
5.278378            
4.387241            
5.012554            
5.063041            
6.508821            
5.657624            
4.046013            
5.580698            
5.123990            
5.720111            
6.597669            
5.913829            
6.202199            
3.994440            
10.898579           
5.841866            
5.295022            
3.805142            
11.067503           
7.666298            
4.576742            
8.294499            
5.339532            
7.794449            
4.650523            
5.479542            
4.394973            
6.204103            
6.664659            
3.613254            
3.807032            
3.488208            
3.805214            
3.385817            
4.197082            
7.044948            
7.765397            
5.498386            
6.210726            
5.803028            
7.314199            
5.349128            
4.695226            
4.010291            
4.630634            
5.619510            
4.408398            
5.128447            
4.452960            
6.075013            
8.151035            
4.036284            
3.941811            
3.792938            
6.050906            
3.989361            
9.375493            
4.260686            
5.574338            
3.580516            
4.771718            
8.876771            
6.650035            
4.757451            
6.065974            
3.697032            
5.734661            
4.860653            
5.222770            
5.504600            
11.062203           
4.080499            
3.813687            
8.012696            
5.478593            
4.599322            
6.492567            
4.158643            
6.903117            
5.227827            
5.557930            
9.792180            
5.316150            
4.082989            
7.739765            
4.602119            
5.343667            
3.871656            
5.345966            
4.594868            
5.255534            
6.021085            
7.080987            
7.252826            
7.191172            
3.665320            
4.700068            
6.571122            
4.075992            
5.485890            
5.098555            
3.816710            
6.461675            
3.883560            
5.965118            
5.641379            
7.993992            
6.230648            
5.877297            
4.712999            
6.787668            
5.557166            
5.131120            
5.694189            
3.586129            
7.009493            
4.664622            
4.891529            
8.694828            
5.414188            
4.389031            
3.493035            
3.801210            
8.268678            
5.046008            
3.614967            
4.863787            
5.106364            
4.571237            
4.183988            
4.862789            
3.994333            
5.743429            
4.675927            
6.242846            
4.082226            
10.034691           
4.563721            
6.597433            
4.564117            
8.148619            
6.471772            
5.974969            
8.402767            
5.483019            
4.575786            
6.276335            
5.661629            
5.454877            
7.704593            
5.786733            
4.578039            
10.717314           
5.211685            
6.653779            
5.452095            
5.216421            
7.015854            
7.742381            
7.988741            
5.528990            
4.111843            
5.316150            
4.855632            
4.475849            
7.087938            
6.744815            
7.112738            
3.920435            
4.078513            
3.805334            
7.427588            
7.166881            
5.715085            
3.583532            
3.941811            
3.866332            
5.736131            
6.540011            
5.188618            
5.338175            
5.078667            
5.952685            
6.013140            
5.577415            
4.621273            
3.951564            
4.235685            
6.943720            
3.756055            
6.254499            
5.796136            
3.715482            
3.929041            
3.687541            
2.867021            
4.499729            
5.352230            
6.716955            
3.893236            
4.011235            
5.273281            
5.083841            
5.814049            
6.280040            
6.090420            
5.996859            
6.710102            
5.049602            
3.582334            
4.028787            
7.674967            
5.588309            
7.515539            
4.687465            
4.792212            
5.524359            
9.984805            
3.779604            
8.316710            
7.119819            
6.247735            
4.937198            
5.849612            
4.729841            
4.717689            
6.548671            
7.528113            
5.548518            
7.641885            
5.049080            
8.914927            
7.409910            
3.800780            
4.647133            
5.096105            
5.175237            
5.707238            
4.414827            
6.417712            
5.302307            
6.711928            
5.391495            
3.642263            
4.862165            
4.375516            
7.997923            
4.302921            
5.373104            
4.012567            
3.783575            
5.167808            
4.507379            
5.580493            
7.113589            
5.864305            
9.541516            
3.591183            
5.719916            
5.592929            
4.936270            
4.464887            
4.777074            
4.579684            
5.723467            
6.497035            
9.402099            
6.307324            
5.451156            
6.059878            
4.767014            
8.854598            
6.088611            
5.124796            
6.299133            
6.419130            
7.242245            
5.287183            
6.705147            
4.548815            
3.552388            
5.966357            
6.106310            
5.132722            
