235                             1                   0.000000000000393   25                  4.28                5.84                46.17               3519627.00          0                   0.015               0                   0                   12145.00            22.340003           120.371047          F 
226                             1                   0.000000000000393   25                  4.28                5.84                46.17               3519627.00          0                   0.060               0                   0                   49185.00            22.462656           120.475133          F 
229                             1                   0.000000000000393   25                  4.28                5.84                46.17               3519627.00          0                   0.024               0                   0                   19909.00            22.441421           120.512509          F 
284                             1                   0.000000000000393   25                  4.28                5.84                46.17               3519627.00          0                   0.086               0                   0                   70383.00            22.508137           120.399052          F 
216                             1                   0.000000000000393   25                  4.28                5.84                46.17               3519627.00          0                   0.025               0                   0                   20799.00            22.429806           120.547612          F 
223                             1                   0.000000000000393   25                  4.28                5.84                46.17               3519627.00          0                   0.046               0                   0                   37429.00            22.517190           120.450143          F 
219                             1                   0.000000000000393   25                  4.28                5.84                46.17               3519627.00          0                   0.013               0                   0                   11026.00            22.479807           120.518056          F 
279                             1                   0.000000000000393   25                  4.28                5.84                46.17               3519627.00          0                   0.19                0                   0                   155779.00           22.551402           120.359261          F 
221                             1                   0.000000000000393   25                  4.28                5.84                46.17               3519627.00          0                   0.020               0                   0                   16680.00            22.515282           120.500660          F 
227                             1                   0.000000000000393   25                  4.28                5.84                46.17               3519627.00          0                   0.032               0                   0                   25971.00            22.403342           120.597584          F 
224                             1                   0.000000000000393   25                  4.28                5.84                46.17               3519627.00          0                   0.013               0                   0                   10373.00            22.486763           120.584626          F 
247                             1                   0.000000000000393   25                  4.28                5.84                46.17               3519627.00          1                   0.13                7.49                7.73                109780.00           22.592836           120.411147          F 
277                             1                   0.000000000000393   25                  4.28                5.84                46.17               3519627.00          3                   0.27                10.93               12.12               225714.00           22.585656           120.289154          F 
232                             1                   0.000000000000393   25                  4.28                5.84                46.17               3519627.00          1                   0.067               14.89               15.41               55205.00            22.536429           120.556806          F 
238                             1                   0.000000000000393   25                  4.28                5.84                46.17               3519627.00          0                   0.065               0                   0                   53125.00            22.588495           120.476619          F 
228                             1                   0.000000000000393   25                  4.28                5.84                46.17               3519627.00          0                   0.0071              0                   0                   5855.00             22.270870           120.656767          F 
280                             1                   0.000000000000393   25                  4.28                5.84                46.17               3519627.00          1                   0.43                2.35                2.40                349816.00           22.613793           120.355436          F 
237                             1                   0.000000000000393   25                  4.28                5.84                46.17               3519627.00          0                   0.022               0                   0                   18041.00            22.588556           120.526638          F 
276                             1                   0.000000000000393   25                  4.28                5.84                46.17               3519627.00          1                   0.22                4.58                4.71                179512.00           22.623594           120.320910          F 
269                             1                   0.000000000000393   25                  4.28                5.84                46.17               3519627.00          0                   0.032               0                   0                   26222.00            22.624246           120.284233          F 
275                             1                   0.000000000000393   25                  4.28                5.84                46.17               3519627.00          0                   0.034               0                   0                   28250.00            22.626991           120.294422          F 
274                             1                   0.000000000000393   25                  4.28                5.84                46.17               3519627.00          0                   0.065               0                   0                   53749.00            22.629929           120.306734          F 
225                             1                   0.000000000000393   25                  4.28                5.84                46.17               3519627.00          0                   0.0059              0                   0                   4831.00             22.403998           120.697580          F 
273                             1                   0.000000000000393   25                  4.28                5.84                46.17               3519627.00          1                   0.43                2.35                2.40                349710.00           22.649899           120.317919          F 
251                             1                   0.000000000000393   25                  4.28                5.84                46.17               3519627.00          0                   0.053               0                   0                   43696.00            22.662493           120.372778          F 
239                             1                   0.000000000000393   25                  4.28                5.84                46.17               3519627.00          0                   0.026               0                   0                   21391.00            22.582335           120.601817          F 
270                             1                   0.000000000000393   25                  4.28                5.84                46.17               3519627.00          1                   0.16                6.14                6.33                133964.00           22.650195           120.274163          F 
217                             1                   0.000000000000393   25                  4.28                5.84                46.17               3519627.00          0                   0.0093              0                   0                   7651.00             22.501572           120.685723          F 
220                             1                   0.000000000000393   25                  4.28                5.84                46.17               3519627.00          0                   0.25                0                   0                   207862.00           22.664738           120.479995          F 
246                             1                   0.000000000000393   25                  4.28                5.84                46.17               3519627.00          0                   0.014               0                   0                   11301.00            22.648764           120.529969          F 
234                             1                   0.000000000000393   25                  4.28                5.84                46.17               3519627.00          0                   0.0058              0                   0                   4789.00             22.260849           120.735645          F 
271                             1                   0.000000000000393   25                  4.28                5.84                46.17               3519627.00          5                   0.24                21.10               25.47               194815.00           22.683957           120.295159          F 
249                             1                   0.000000000000393   25                  4.28                5.84                46.17               3519627.00          0                   0.041               0                   0                   33766.00            22.701208           120.360526          F 
218                             1                   0.000000000000393   25                  4.28                5.84                46.17               3519627.00          0                   0.069               0                   0                   57070.00            22.651169           120.588822          F 
248                             1                   0.000000000000393   25                  4.28                5.84                46.17               3519627.00          0                   0.053               0                   0                   43429.00            22.711004           120.425407          F 
272                             1                   0.000000000000393   25                  4.28                5.84                46.17               3519627.00          2                   0.21                9.35                10.00               175798.00           22.721100           120.300758          F 
242                             1                   0.000000000000393   25                  4.28                5.84                46.17               3519627.00          0                   0.037               0                   0                   30600.00            22.694550           120.555979          F 
230                             1                   0.000000000000393   25                  4.28                5.84                46.17               3519627.00          0                   0.0062              0                   0                   5062.00             22.604085           120.691793          F 
250                             1                   0.000000000000393   25                  4.28                5.84                46.17               3519627.00          0                   0.094               0                   0                   77371.00            22.739835           120.370799          F 
215                             1                   0.000000000000393   25                  4.28                5.84                46.17               3519627.00          0                   0.027               0                   0                   22563.00            22.731668           120.484504          F 
252                             1                   0.000000000000393   25                  4.28                5.84                46.17               3519627.00          1                   0.045               22.24               23.03               36962.00            22.752524           120.300653          F 
261                             1                   0.000000000000393   25                  4.28                5.84                46.17               3519627.00          0                   0.044               0                   0                   36519.00            22.748209           120.259399          F 
119                             1                   0.000000000000393   25                  4.28                5.84                46.17               3519627.00          0                   0.0047              0                   0                   3832.00             22.384307           120.835524          F 
240                             1                   0.000000000000393   25                  4.28                5.84                46.17               3519627.00          2                   0.011               178.81              192.48              9196.00             22.079156           120.743263          F 
236                             1                   0.000000000000393   25                  4.28                5.84                46.17               3519627.00          0                   0.010               0                   0                   8243.00             22.671078           120.679924          F 
245                             1                   0.000000000000393   25                  4.28                5.84                46.17               3519627.00          0                   0.033               0                   0                   26802.00            22.742536           120.569394          F 
253                             1                   0.000000000000393   25                  4.28                5.84                46.17               3519627.00          0                   0.037               0                   0                   30758.00            22.787696           120.370799          F 
233                             1                   0.000000000000393   25                  4.28                5.84                46.17               3519627.00          0                   0.0059              0                   0                   4836.00             22.155529           120.817361          F 
260                             1                   0.000000000000393   25                  4.28                5.84                46.17               3519627.00          1                   0.024               40.86               42.33               20123.00            22.779445           120.239457          F 
281                             1                   0.000000000000393   25                  4.28                5.84                46.17               3519627.00          0                   0.12                0                   0                   97587.00            22.805059           120.297891          F 
241                             1                   0.000000000000393   25                  4.28                5.84                46.17               3519627.00          0                   0.032               0                   0                   26282.00            22.798548           120.506128          F 
110                             1                   0.000000000000393   25                  4.28                5.84                46.17               3519627.00          0                   0.0081              0                   0                   6632.00             22.383595           120.899170          F 
259                             1                   0.000000000000393   25                  4.28                5.84                46.17               3519627.00          0                   0.017               0                   0                   14129.00            22.822246           120.228051          F 
222                             1                   0.000000000000393   25                  4.28                5.84                46.17               3519627.00          1                   0.037               26.73               27.68               30758.00            21.985316           120.763254          F 
120                             1                   0.000000000000393   25                  4.28                5.84                46.17               3519627.00          0                   0.0043              0                   0                   3520.00             22.581617           120.857038          F 
244                             1                   0.000000000000393   25                  4.28                5.84                46.17               3519627.00          0                   0.032               0                   0                   25999.00            22.809920           120.601768          F 
254                             1                   0.000000000000393   25                  4.28                5.84                46.17               3519627.00          0                   0.0096              0                   0                   7852.00             22.863943           120.395984          F 
231                             1                   0.000000000000393   25                  4.28                5.84                46.17               3519627.00          0                   0.010               0                   0                   8243.00             22.049300           120.843568          F 
256                             1                   0.000000000000393   25                  4.28                5.84                46.17               3519627.00          1                   0.065               15.47               16.01               53145.00            22.857242           120.265987          F 
255                             1                   0.000000000000393   25                  4.28                5.84                46.17               3519627.00          0                   0.037               0                   0                   30033.00            22.870229           120.321097          F 
282                             1                   0.000000000000393   25                  4.28                5.84                46.17               3519627.00          0                   0.047               0                   0                   39038.00            22.864970           120.475455          F 
214                             1                   0.000000000000393   25                  4.28                5.84                46.17               3519627.00          0                   0.0091              0                   0                   7522.00             22.797868           120.686522          F 
258                             1                   0.000000000000393   25                  4.28                5.84                46.17               3519627.00          3                   0.038               79.57               88.99               30999.00            22.882414           120.198052          F 
261                             2                   0.000000000132      21                  3.13                6.71                23.84               2573307.00          0                   0.044               0                   0                   36519.00            22.748209           120.259399          T 
260                             2                   0.000000000132      21                  3.13                6.71                23.84               2573307.00          1                   0.024               40.86               42.33               20123.00            22.779445           120.239457          T 
252                             2                   0.000000000132      21                  3.13                6.71                23.84               2573307.00          1                   0.045               22.24               23.03               36962.00            22.752524           120.300653          T 
272                             2                   0.000000000132      21                  3.13                6.71                23.84               2573307.00          2                   0.21                9.35                10.00               175798.00           22.721100           120.300758          T 
281                             2                   0.000000000132      21                  3.13                6.71                23.84               2573307.00          0                   0.12                0                   0                   97587.00            22.805059           120.297891          T 
271                             2                   0.000000000132      21                  3.13                6.71                23.84               2573307.00          5                   0.24                21.10               25.47               194815.00           22.683957           120.295159          T 
259                             2                   0.000000000132      21                  3.13                6.71                23.84               2573307.00          0                   0.017               0                   0                   14129.00            22.822246           120.228051          T 
270                             2                   0.000000000132      21                  3.13                6.71                23.84               2573307.00          1                   0.16                6.14                6.33                133964.00           22.650195           120.274163          T 
250                             2                   0.000000000132      21                  3.13                6.71                23.84               2573307.00          0                   0.094               0                   0                   77371.00            22.739835           120.370799          T 
249                             2                   0.000000000132      21                  3.13                6.71                23.84               2573307.00          0                   0.041               0                   0                   33766.00            22.701208           120.360526          T 
256                             2                   0.000000000132      21                  3.13                6.71                23.84               2573307.00          1                   0.065               15.47               16.01               53145.00            22.857242           120.265987          T 
253                             2                   0.000000000132      21                  3.13                6.71                23.84               2573307.00          0                   0.037               0                   0                   30758.00            22.787696           120.370799          T 
273                             2                   0.000000000132      21                  3.13                6.71                23.84               2573307.00          1                   0.43                2.35                2.40                349710.00           22.649899           120.317919          T 
275                             2                   0.000000000132      21                  3.13                6.71                23.84               2573307.00          0                   0.034               0                   0                   28250.00            22.626991           120.294422          T 
269                             2                   0.000000000132      21                  3.13                6.71                23.84               2573307.00          0                   0.032               0                   0                   26222.00            22.624246           120.284233          T 
274                             2                   0.000000000132      21                  3.13                6.71                23.84               2573307.00          0                   0.065               0                   0                   53749.00            22.629929           120.306734          T 
255                             2                   0.000000000132      21                  3.13                6.71                23.84               2573307.00          0                   0.037               0                   0                   30033.00            22.870229           120.321097          T 
251                             2                   0.000000000132      21                  3.13                6.71                23.84               2573307.00          0                   0.053               0                   0                   43696.00            22.662493           120.372778          T 
276                             2                   0.000000000132      21                  3.13                6.71                23.84               2573307.00          1                   0.22                4.58                4.71                179512.00           22.623594           120.320910          T 
258                             2                   0.000000000132      21                  3.13                6.71                23.84               2573307.00          3                   0.038               79.57               88.99               30999.00            22.882414           120.198052          T 
257                             2                   0.000000000132      21                  3.13                6.71                23.84               2573307.00          0                   0.035               0                   0                   29120.00            22.893250           120.225937          T 
248                             2                   0.000000000132      21                  3.13                6.71                23.84               2573307.00          0                   0.053               0                   0                   43429.00            22.711004           120.425407          T 
280                             2                   0.000000000132      21                  3.13                6.71                23.84               2573307.00          1                   0.43                2.35                2.40                349816.00           22.613793           120.355436          T 
277                             2                   0.000000000132      21                  3.13                6.71                23.84               2573307.00          3                   0.27                10.93               12.12               225714.00           22.585656           120.289154          T 
254                             2                   0.000000000132      21                  3.13                6.71                23.84               2573307.00          0                   0.0096              0                   0                   7852.00             22.863943           120.395984          T 
140                             2                   0.000000000132      21                  3.13                6.71                23.84               2573307.00          0                   0.087               0                   0                   71270.00            22.941309           120.241879          T 
165                             2                   0.000000000132      21                  3.13                6.71                23.84               2573307.00          0                   0.081               0                   0                   66655.00            22.946795           120.293063          T 
215                             2                   0.000000000132      21                  3.13                6.71                23.84               2573307.00          0                   0.027               0                   0                   22563.00            22.731668           120.484504          T 
247                             2                   0.000000000132      21                  3.13                6.71                23.84               2573307.00          1                   0.13                7.49                7.73                109780.00           22.592836           120.411147          T 
222                             3                   0.0140              3                   0.049               61.73               69.02               39954.00            1                   0.037               26.73               27.68               30758.00            21.985316           120.763254          T 
240                             3                   0.0140              3                   0.049               61.73               69.02               39954.00            2                   0.011               178.81              192.48              9196.00             22.079156           120.743263          T 
184                             4                   0.993               2                   0.25                8.11                8.65                202800.00           0                   0.032               0                   0                   26713.00            23.468661           120.173868          F 
183                             4                   0.993               2                   0.25                8.11                8.65                202800.00           0                   0.053               0                   0                   43855.00            23.446106           120.253898          F 
197                             4                   0.993               2                   0.25                8.11                8.65                202800.00           1                   0.036               27.73               28.72               29646.00            23.553654           120.141371          F 
181                             4                   0.993               2                   0.25                8.11                8.65                202800.00           0                   0.036               0                   0                   29244.00            23.374943           120.177750          F 
177                             4                   0.993               2                   0.25                8.11                8.65                202800.00           0                   0.031               0                   0                   25356.00            23.510210           120.271473          F 
208                             4                   0.993               2                   0.25                8.11                8.65                202800.00           0                   0.034               0                   0                   27828.00            23.561628           120.235273          F 
191                             4                   0.993               2                   0.25                8.11                8.65                202800.00           1                   0.025               40.79               42.26               20158.00            23.345759           120.223943          F 
