3.610674            
6.384979            
4.335671            
3.528042            
4.716007            
4.900918            
5.242315            
8.162561            
3.387293            
3.744606            
5.239146            
5.679715            
4.414754            
4.425429            
7.544853            
5.736821            
4.089343            
3.325958            
2.680666            
3.200774            
3.143351            
5.290743            
5.212139            
4.061024            
4.430731            
8.415624            
8.523870            
6.187885            
3.992219            
4.649955            
4.295284            
8.737891            
3.643019            
6.099828            
9.037809            
3.600573            
9.696508            
8.627462            
5.231967            
8.843411            
3.208072            
4.953459            
5.129367            
4.062415            
3.388481            
5.026197            
4.178452            
5.024670            
6.008157            
3.449512            
3.475080            
6.505410            
4.596860            
5.892329            
4.453965            
7.346330            
7.967139            
3.938401            
4.493300            
5.375285            
4.828961            
6.318247            
5.276454            
5.390186            
3.944165            
6.639825            
4.034225            
6.808267            
5.473480            
3.610674            
7.699402            
5.234223            
4.851949            
5.664028            
5.770454            
3.836335            
5.184057            
4.403048            
4.102775            
5.187849            
6.468757            
4.436301            
2.995186            
5.412761            
5.220275            
5.403439            
4.214440            
5.562125            
6.732500            
5.568244            
3.082899            
5.224440            
4.077858            
3.311124            
9.746925            
4.556417            
4.995967            
3.480786            
3.558735            
3.559676            
5.494560            
4.399887            
4.563622            
5.024670            
5.796781            
4.791216            
4.928703            
4.792105            
4.853094            
5.129367            
4.973625            
4.739663            
2.943152            
6.679195            
5.025502            
3.613001            
8.430852            
4.901826            
5.543969            
5.488415            
7.051248            
5.528528            
5.801763            
3.772656            
3.366187            
9.874290            
3.580347            
4.882643            
4.263548            
3.266891            
2.956776            
3.468657            
7.261836            
3.549965            
3.380399            
6.107265            
5.245738            
5.047369            
4.575437            
3.263993            
4.859324            
6.246356            
5.862779            
3.644933            
4.076279            
4.094172            
4.816412            
4.403855            
8.299225            
5.182799            
5.417921            
4.505403            
4.261723            
5.005132            
5.368184            
6.168749            
3.288530            
8.124892            
6.580445            
6.745243            
4.141587            
5.753099            
4.505442            
4.278090            
3.074947            
4.763909            
8.066123            
3.324951            
3.921099            
3.543266            
4.880606            
4.799316            
5.133830            
3.568010            
4.164072            
5.181778            
4.135493            
4.659478            
3.659708            
4.421726            
5.473373            
2.686456            
4.431013            
4.245571            
4.946326            
3.107740            
7.085755            
5.868408            
5.200714            
4.126036            
9.556612            
5.229651            
4.329694            
3.947535            
4.659478            
5.181778            
7.290957            
5.425907            
6.224036            
4.975513            
4.676133            
4.909336            
5.021414            
5.982648            
4.404748            
5.036454            
6.602567            
5.439142            
8.615478            
2.805919            
5.685717            
8.546871            
6.974621            
4.673022            
6.075800            
4.959957            
4.758682            
5.547286            
6.133061            
6.168470            
8.692330            
5.070176            
8.770678            
5.885740            
4.271406            
5.509488            
3.610623            
4.704057            
6.367551            
4.729645            
4.755609            
5.660467            
8.703870            
5.870176            
3.956974            
4.431013            
6.205092            
6.618996            
5.442051            
4.417766            
4.843327            
4.481006            
3.689545            
5.256697            
4.977729            
6.058043            
4.351640            
5.300302            
4.363205            
4.575088            
5.389138            
7.180833            
3.525270            
5.234129            
3.799491            
6.593190            
4.496545            
6.535949            
2.201020            
3.698434            
2.297540            
4.453965            
5.184057            
4.329694            
3.695378            
3.528819            
4.444365            
7.617975            
9.431723            
5.449866            
3.913184            
4.313422            
6.049899            
2.925058            
3.691243            
5.383117            
7.926217            
3.830432            
5.783246            
4.625351            
5.358605            
7.012098            
3.367197            
3.520478            
5.517697            
5.577437            
4.828872            
5.223393            
5.636810            
5.224891            
3.282346            
4.194598            
5.716975            
3.847611            
9.768594            
3.782375            
6.467545            
4.612936            
3.910223            
4.031797            
4.922537            
4.072694            
6.953230            
7.800607            
3.409696            
5.220275            
8.312877            
3.802792            
3.047258            
5.430854            
4.570122            
3.610674            
5.925004            
5.869995            
4.775966            
6.473567            
5.817952            
6.601555            
3.824121            
5.479750            
4.803929            
3.832309            
3.582189            
5.915451            
5.810105            
6.022062            
3.411354            
3.801371            
9.674359            
3.374375            
3.748710            
3.836123            
5.898416            
4.341114            
4.667774            
5.637044            
3.532916            
4.999004            
7.736136            
7.045870            
8.407260            
6.619158            
6.509583            
5.660247            
4.583748            
3.610674            
4.229564            
5.378230            
3.316544            
6.608874            
4.467023            
4.858115            
5.404893            
6.858335            
5.390231            
6.095423            
6.218330            
3.858254            
3.451050            
4.801949            
6.537994            
4.679070            
7.294908            
3.258690            
5.373699            
3.914164            
3.297315            
4.234416            
4.035392            
5.408405            
5.632604            
3.790267            
5.561847            
3.143333            
9.041003            
3.306291            
7.131734            
4.591036            
7.478943            
4.647704            
4.550263            
7.358661            
5.796413            
5.788318            
6.021217            
4.323763            
6.570902            
3.020006            
5.734006            
6.426166            
4.994363            
3.900365            
7.209617            
8.006121            
5.644546            
5.440973            
6.140317            
4.059266            
3.646100            
9.200678            
2.608251            
4.180065            
6.115196            
3.883428            
4.054381            
8.216546            
3.912348            
4.145188            
3.041290            
6.921201            
5.687543            
3.899800            
3.646517            
3.600729            
6.292218            
4.998120            
3.617692            
3.347038            
3.405279            
6.906191            
4.857284            
5.658815            
4.325611            
4.570122            
4.621973            
3.255669            
2.016855            
2.435049            
5.604919            
5.303272            
4.975472            
4.625351            
3.798313            
5.729139            
5.509488            
5.759701            
3.909015            
3.595349            
5.580022            
7.316268            
3.353215            
4.694416            
4.387470            
5.924156            
4.629086            
4.922772            
4.412652            
4.259765            
4.621950            
6.199646            
5.917690            
7.026669            
3.723121            
6.313389            
3.919169            
6.162650            
6.836215            
6.675079            
5.879092            
5.415676            
4.050643            
4.775927            
4.511175            
4.196220            
3.769788            
6.502996            
5.361003            
3.663090            
5.957870            
4.746415            
5.029469            
7.209955            
4.324534            
5.738457            
6.194790            
8.484442            
5.026197            
7.212635            
4.501832            
4.848099            
9.224426            
4.457153            
4.354143            
7.880003            
5.801763            
4.098774            
4.758370            
4.975513            
4.528651            
5.598402            
4.849093            
6.419164            
3.624980            
7.180720            
4.978830            
3.344643            
5.455160            
4.886580            
4.680243            
3.281399            
3.909015            
4.351640            
5.778060            
3.976372            
5.706886            
6.902355            
4.949567            
3.759536            
6.257481            
5.614502            
4.632460            
8.527786            
3.504525            
5.654277            
5.859872            
5.268347            
3.738092            
4.926330            
7.556473            
6.483011            
3.600729            
6.022022            
4.000126            
6.959503            
3.327990            
5.516513            
3.985888            
3.988655            
5.878077            
4.438664            
4.297476            
4.975131            
3.698434            
4.382509            
6.372925            
6.243728            
3.768940            
6.973476            
5.533749            
4.708471            
5.895549            
3.988172            
5.575543            
4.364850            
3.000427            
6.313389            
4.037231            
2.712646            
4.250190            
5.964314            
7.578510            
4.537777            
3.506071            
4.928703            
3.787626            
7.094009            
6.541148            
3.941666            
4.135809            
4.693818            
9.692241            
4.526045            
4.102090            
3.346234            
4.017467            
6.398733            
3.842950            
4.379173            
9.333524            
4.061024            
3.557093            
4.370713            
3.216319            
3.722906            
5.510023            
4.225612            
3.193682            
4.779818            
8.071254            
4.298551            
4.127811            
3.888273            
4.793104            
5.532770            
5.450286            
4.211312            
3.606827            
3.494928            
4.156069            
3.043189            
6.515989            
4.165152            
4.055525            
4.273653            
7.446160            
4.999289            
6.590113            
5.187849            
3.187936            
4.556417            
4.649466            
3.568677            
2.762351            
8.574351            
4.873895            
3.662655            
5.444766            
9.186884            
7.602002            
4.995034            
4.919664            
4.928703            
3.756392            
4.959794            
6.893169            
5.129367            
5.378230            
4.761183            
6.065807            
4.973405            
3.592271            
4.749783            
4.421726            
3.328791            
4.711941            
7.801435            
5.371146            
6.241944            
4.091425            
4.348831            
5.680761            
4.454754            
5.512472            
5.473373            
5.173322            
4.836980            
8.324938            
2.678645            
4.438596            
4.311143            
7.386185            
6.856286            
2.768447            
4.253799            
3.842122            
3.352151            
3.895722            
4.745928            
4.671392            
6.723965            
6.651656            
4.752593            
5.671504            
4.382435            
3.856335            
4.660681            
5.475627            
4.596330            
10.633952           
7.378293            
5.861441            
3.672497            
3.470373            
10.029522           
7.141131            
3.679921            
5.770206            
5.208677            
4.944076            
8.770678            
4.083504            
5.576944            
5.249489            
4.261723            
5.931650            
4.926580            
6.412902            
6.446546            
4.302401            
3.463153            
3.915950            
5.388793            
3.648927            
5.426247            
4.422970            
4.375877            
4.859274            
4.586934            
4.545382            
6.362348            
6.092056            
3.231898            
5.086459            
6.065945            
3.775627            
5.212276            
3.239948            
4.562472            
6.300651            
4.604091            
3.946433            
12.102379           
3.426290            
6.817166            
4.604199            
5.285165            
4.916412            
7.952576            
3.580347            
5.346942            
3.722906            
5.006208            
4.959794            
4.951169            
4.149636            
9.865580            
5.939446            
6.140312            
2.511138            
5.234031            
4.313849            
3.379586            
5.845525            
3.392923            
3.805096            
3.274798            
4.268550            
5.954706            
4.857284            
4.017600            
4.630322            
5.077429            
6.492991            
5.756454            
3.600729            
4.102122            
3.679605            
3.421532            
5.885740            
4.499069            
7.187316            
4.741125            
4.337156            
6.451885            
5.911046            
4.404178            
4.958662            
3.576175            
4.176270            
7.543516            
5.090193            
4.453965            
4.606381            
6.288029            
3.290863            
4.475032            
3.786420            
5.403324            
4.418052            
3.327990            
4.302401            
7.611523            
5.267426            
3.695986            
6.396277            
5.875196            
4.554319            
4.325619            
5.481415            
4.309052            
5.977891            
9.243065            
4.135798            
4.021361            
6.122681            
7.885672            
4.308965            
4.246298            
3.306748            
5.793740            
4.900918            
11.501262           
5.024594            
3.988172            
4.708471            
4.058629            
5.560065            
7.241084            
3.749707            
5.181778            
5.136818            
6.778243            
5.733397            
5.697851            
3.316689            
5.912715            
4.155753            
6.261246            
3.956974            
4.084922            
4.768489            
2.890154            
5.516513            
5.966013            
3.372187            
5.930399            
6.260813            
4.278090            
3.326656            
12.209488           
4.502253            
4.327490            
4.025900            
3.431867            
4.998259            
5.152758            
4.181504            
2.826553            
3.403278            
3.893793            
4.803336            
8.172001            
3.915950            
3.321099            
4.076681            
2.834504            
4.849093            
7.196883            
5.644546            
5.881752            
5.835143            
4.951169            
2.617191            
6.339160            
6.203066            
2.977649            
4.109913            
3.757204            
4.381725            
7.075167            
5.492353            
4.046804            
6.332131            
4.580280            
7.386185            
5.068051            
3.527614            
3.150086            
5.439429            
4.543784            
7.223012            
5.814451            
6.008157            
6.681996            
3.552099            
3.988655            
4.624071            
4.941738            
2.419831            
7.839662            
4.750173            
3.075732            
6.246356            
4.828872            
4.909555            
2.984926            
4.261723            
6.606962            
5.972752            
4.507697            
4.682214            
9.140459            
5.360392            
4.993399            
4.258503            
7.684468            
3.839260            
7.206548            
4.492666            
5.554925            
3.069313            
6.239054            
4.351640            
6.940484            
5.367369            
3.735123            
3.409791            
3.902294            
2.484187            
4.647717            
3.884040            
5.871211            
5.336781            
4.913184            
3.974662            
4.997390            
5.680905            
4.078172            
3.395991            
3.387481            
3.245198            
4.997549            
7.741316            
7.606644            
4.080920            
2.989940            
5.173322            
3.874347            
5.166773            
5.705344            
3.721071            
5.475627            
4.407235            
4.333071            
2.347359            
8.099091            
6.215399            
6.687980            
4.421726            
2.888647            
4.417766            
7.036580            
4.361536            
5.084932            
8.223168            
4.239196            
3.987979            
5.442282            
5.052615            
4.595077            
3.073266            
3.600729            
11.040191           
5.720716            
3.665789            
4.165139            
5.073332            
6.621799            
4.206086            
5.072662            
4.747053            
5.668632            
4.351640            
4.762283            
4.546499            
4.546698            
6.716067            
4.989449            
4.235933            
5.282048            
3.714916            
5.408427            
4.920323            
3.798313            
5.860763            
5.368080            
6.623170            
3.037615            
5.724776            
2.964285            
2.843792            
4.615489            
4.539747            
4.770989            
7.398284            
8.003675            
3.934126            
5.001737            
8.685323            
6.662895            
3.690653            
6.698472            
4.998120            
3.640010            
3.478409            
6.445968            
4.683419            
5.962101            
5.478197            
3.245775            
5.531990            
6.247559            
3.896577            
3.917368            
7.674779            
6.058674            
3.550315            
5.052380            
6.739958            
7.616428            
4.565956            
5.645864            
5.895666            
5.743008            
6.782595            
3.828602            
5.622841            
3.528042            
6.035316            
