3.823649            
4.167856            
3.532284            
3.509611            
3.825173            
5.589536            
7.118600            
5.074412            
9.788274            
2.420641            
2.979073            
3.605899            
6.505102            
4.964129            
3.612818            
3.437851            
3.137521            
4.191556            
5.137220            
5.787270            
8.275392            
5.755240            
5.589600            
6.933198            
5.173941            
6.393434            
7.313798            
4.168441            
3.346637            
5.794403            
3.382211            
4.634785            
4.342377            
5.222551            
5.048598            
4.539286            
5.138391            
4.590227            
5.680374            
5.682150            
3.769250            
5.131388            
3.841760            
4.385735            
3.682617            
6.450992            
4.923160            
3.697410            
5.920192            
4.114029            
4.564156            
4.762172            
4.218401            
4.945518            
6.021358            
5.839245            
5.292170            
3.819420            
3.622178            
4.979170            
4.364674            
4.367242            
7.410218            
3.721169            
4.255403            
5.390257            
5.035557            
4.456833            
4.663487            
4.042106            
3.631631            
6.464501            
5.173575            
6.575785            
6.940012            
5.810472            
4.021256            
4.570632            
3.771021            
8.572355            
7.907021            
4.910334            
5.931586            
7.423141            
4.451080            
4.554999            
4.671192            
5.600618            
5.460864            
5.674619            
6.981124            
5.702390            
3.622186            
8.753459            
5.735049            
3.889922            
6.480139            
7.283872            
3.710991            
5.741367            
3.865710            
6.021530            
5.344044            
5.259020            
5.498326            
3.430860            
6.840159            
5.119663            
5.799096            
4.428035            
3.964896            
3.771021            
4.724301            
8.426546            
7.173532            
3.050262            
5.028183            
3.034728            
3.387601            
4.326116            
3.753811            
4.385066            
5.464228            
5.048598            
3.698409            
6.009681            
3.937323            
7.199479            
6.354204            
3.933777            
5.033320            
4.382950            
5.213557            
5.047966            
4.472646            
6.323525            
5.392381            
7.248911            
5.313631            
3.842105            
7.203811            
4.572648            
6.111603            
3.756044            
4.797623            
5.790446            
7.682244            
5.213510            
4.428035            
6.447803            
5.316767            
2.745749            
4.441197            
5.243370            
3.320889            
3.276818            
4.698411            
4.830438            
4.448812            
5.191702            
3.448636            
3.594425            
4.327376            
4.058818            
6.817510            
5.670580            
7.458928            
4.139446            
4.385066            
9.099857            
7.322186            
2.634863            
8.076426            
5.697824            
4.940093            
5.526968            
5.312861            
5.215659            
3.708595            
4.539444            
4.311860            
5.923156            
3.478960            
4.368100            
5.218407            
4.775575            
6.317677            
5.028998            
6.376136            
7.094081            
6.728230            
4.322726            
3.903129            
4.491928            
5.040341            
4.345047            
4.454716            
4.403422            
5.987104            
5.460339            
6.125284            
7.219498            
3.964720            
2.465645            
3.107571            
5.790446            
4.494295            
5.316252            
6.239960            
4.492680            
5.596461            
4.313165            
6.031976            
5.777111            
5.620412            
4.734400            
4.162120            
6.331068            
5.749254            
6.434121            
6.118523            
4.610562            
4.342377            
6.876118            
3.898493            
5.316371            
5.406926            
6.401393            
5.027378            
6.541661            
4.693606            
3.985253            
4.684174            
4.630601            
5.093320            
4.664824            
5.231486            
5.592611            
6.110371            
4.230554            
3.777008            
5.058086            
4.104776            
6.440445            
4.615537            
5.232783            
4.637834            
8.822260            
7.814419            
6.011762            
4.261601            
6.178488            
6.910302            
4.208997            
6.572535            
5.259487            
3.855782            
5.535790            
4.286270            
5.822751            
5.799402            
5.058086            
4.964521            
5.136412            
4.673934            
5.830324            
6.319422            
4.417798            
7.445926            
5.952314            
3.786024            
5.079774            
4.888733            
5.690763            
5.783092            
4.059616            
3.935957            
3.854180            
4.299303            
4.221631            
7.538596            
5.986633            
4.997652            
6.129685            
3.731677            
2.971809            
5.037185            
5.604799            
7.706797            
5.085010            
5.009250            
4.082218            
4.461966            
3.976591            
10.683374           
3.952012            
4.985336            
3.968935            
4.092611            
4.425547            
3.976184            
4.204209            
3.816128            
5.125587            
4.129864            
6.797313            
5.158851            
3.868936            
5.846572            
5.617737            
5.976831            
6.168188            
5.293393            
5.598295            
2.749964            
4.035954            
7.692607            
3.554426            
5.309602            
5.521591            
6.405524            
4.275410            
5.761326            
7.038475            
3.629782            
3.123213            
2.741521            
9.465707            
5.311380            
5.449778            
6.258337            
11.420298           
3.340188            
3.434142            
5.973258            
4.143677            
5.859386            
5.054885            
4.945929            
6.059437            
4.704366            
4.746369            
4.917456            
5.158685            
4.187112            
5.312861            
3.953827            
3.593946            
7.257782            
6.204752            
5.573779            
3.383900            
7.203607            
9.313705            
7.003103            
5.369748            
6.329226            
5.982190            
8.635346            
4.496105            
4.695893            
5.378107            
6.113089            
8.045624            
3.604218            
3.755359            
6.578114            
6.931324            
5.215630            
3.617812            
6.378742            
4.350083            
3.906388            
7.376429            
6.410432            
4.298928            
3.348491            
3.401873            
6.076929            
6.749167            
5.513125            
6.674067            
4.604185            
4.342377            
4.218401            
5.491867            
7.064992            
5.276109            
4.413936            
7.007377            
4.323446            
6.222115            
5.097559            
7.007377            
5.052224            
5.284233            
3.468199            
5.136720            
4.763754            
5.502787            
4.099818            
2.727751            
4.705183            
11.544398           
4.769075            
3.702310            
5.138593            
4.936591            
5.340552            
5.843887            
4.535322            
5.174808            
4.692554            
5.855178            
4.969960            
4.895552            
5.667695            
7.117104            
6.714069            
4.686092            
5.053625            
4.268379            
3.972039            
4.163256            
4.395092            
3.285025            
6.730758            
5.513957            
4.979674            
4.367527            
3.826287            
5.618372            
6.337745            
3.704236            
4.649682            
3.945237            
4.110424            
4.260313            
5.557650            
3.448636            
7.824887            
3.620343            
3.851791            
4.756606            
3.899175            
4.513994            
6.604638            
3.494349            
8.381406            
4.335076            
3.351277            
5.599817            
5.221559            
5.596801            
6.740476            
5.228792            
5.174808            
4.360728            
3.260735            
5.521591            
4.298107            
4.185578            
5.046742            
6.036371            
5.803410            
6.258357            
4.001892            
5.795493            
4.825704            
4.659599            
4.931651            
6.904400            
3.886535            
5.020284            
6.074187            
3.952940            
4.735736            
4.174975            
6.897165            
5.677574            
6.841866            
2.464365            
4.219402            
5.838791            
3.293189            
7.613312            
6.563905            
6.291196            
4.275138            
6.367635            
5.301026            
7.473740            
4.402843            
7.702881            
4.765648            
5.231898            
3.578565            
4.546740            
2.345090            
3.931539            
3.569607            
4.819677            
4.559194            
3.783180            
5.501472            
3.789347            
4.242260            
3.354644            
7.456776            
6.443804            
5.996570            
6.371198            
2.752037            
6.713414            
4.322381            
3.501420            
3.844071            
5.681255            
6.690102            
2.879774            
5.749928            
4.572521            
5.568871            
5.926804            
8.351858            
6.753133            
4.821510            
5.669184            
7.379705            
4.058531            
4.865549            
5.570322            
4.680553            
6.743828            
4.475664            
9.244788            
5.266186            
4.198416            
4.573815            
5.010451            
9.208811            
4.990572            
5.237501            
4.533164            
5.210122            
6.633406            
4.549392            
4.021923            
7.571611            
6.207264            
7.793296            
6.353161            
5.027287            
7.828476            
4.387745            
6.106593            
3.347493            
6.859345            
8.474642            
8.103474            
4.036180            
4.218401            
7.572798            
4.522837            
5.927502            
3.320889            
4.500626            
6.127626            
6.680296            
5.910468            
4.006768            
6.400787            
4.075028            
5.500007            
6.171465            
3.242221            
5.194508            
4.890913            
6.160588            
3.698699            
5.761042            
5.032280            
4.954241            
7.836722            
6.364005            
5.025157            
6.982682            
4.018584            
3.763604            
5.718817            
5.680523            
6.343163            
6.996621            
7.788542            
4.787497            
5.482832            
6.411864            
4.615806            
4.101149            
4.006768            
4.825857            
6.249733            
4.010327            
5.121636            
4.563255            
5.938580            
7.473472            
4.167425            
5.622266            
5.510032            
5.264295            
4.946678            
4.465239            
4.501083            
4.258074            
5.255914            
4.966963            
4.900605            
5.408038            
7.851978            
3.604218            
4.268180            
5.950626            
5.610935            
5.782109            
7.617161            
6.220171            
4.099818            
5.053160            
4.746369            
6.499413            
4.935263            
2.997096            
3.665194            
5.019015            
4.114029            
4.675501            
5.108982            
4.217294            
5.882043            
4.479028            
3.430860            
5.703645            
8.837566            
3.157031            
6.105332            
4.065827            
5.101943            
8.031904            
4.830766            
6.162454            
7.007377            
4.699600            
4.402843            
3.713408            
5.826744            
3.485667            
8.304346            
6.191217            
5.400714            
4.152915            
4.981080            
5.378967            
4.294144            
6.755800            
5.388748            
8.370057            
5.600481            
3.780760            
2.573069            
6.055644            
5.469886            
5.532133            
5.741367            
5.137298            
6.966707            
5.380945            
5.943306            
8.498759            
8.922192            
4.010327            
4.348232            
4.787358            
3.220648            
6.935512            
3.707521            
6.264715            
4.218401            
8.286364            
8.035220            
3.767901            
5.725425            
4.023814            
3.913022            
6.125654            
4.492510            
5.015579            
6.016981            
6.380392            
3.486162            
4.963118            
6.168188            
5.878617            
4.787358            
3.900244            
5.058086            
3.654773            
4.865669            
7.722679            
6.025104            
4.021256            
3.826287            
4.681654            
4.036180            
7.684863            
5.201841            
5.297452            
5.093473            
5.726480            
4.010327            
3.032011            
4.470981            
4.437567            
6.200965            
4.661027            
5.355405            
3.779321            
3.800445            
5.843841            
5.464228            
8.146423            
4.275138            
2.620218            
5.846572            
3.748635            
5.934956            
4.852065            
3.715331            
6.112524            
4.572000            
6.166018            
6.553750            
3.065111            
5.793248            
2.873985            
4.068891            
5.384694            
5.080177            
4.037743            
6.162454            
3.729621            
4.691519            
4.131066            
5.180881            
5.352715            
5.369012            
3.255566            
4.562146            
7.215893            
6.610757            
4.673934            
6.142828            
3.654721            
5.845111            
6.491697            
4.940093            
3.172056            
7.643653            
3.840661            
4.901769            
4.691519            
8.787473            
4.195270            
4.803510            
4.684174            
3.598437            
3.241020            
3.966499            
6.335959            
3.659806            
3.886548            
4.230321            
5.937153            
5.135949            
3.111952            
6.354663            
5.703197            
5.607101            
4.333683            
4.015883            
3.527290            
3.554307            
6.897796            
4.512787            
8.716328            
4.190258            
4.223740            
5.053600            
3.451854            
3.689530            
5.513957            
10.826469           
4.123360            
5.743615            
3.715199            
5.787270            
5.260089            
5.882043            
4.545851            
5.439351            
5.882043            
3.433391            
4.298928            
4.448812            
2.113069            
3.973052            
3.314108            
6.708492            
3.385936            
6.690102            
6.278555            
4.344982            
4.683468            
5.761514            
3.932934            
4.913136            
4.656380            
5.097559            
4.175600            
2.854150            
4.786640            
4.745663            
6.704425            
8.685843            
7.630290            
4.356341            
5.592103            
6.096378            
5.948234            
4.029819            
4.516247            
6.281994            
7.488299            
3.230247            
6.237801            
3.560738            
7.181753            
3.358644            
7.122648            
5.295084            
3.762285            
7.821740            
5.919196            
4.228970            
3.820443            
2.873459            
6.069627            
3.555281            
3.741494            
4.727407            
4.765593            
6.751279            
5.600481            
3.273858            
3.470094            
5.207821            
4.430335            
4.472082            
7.242452            
3.467104            
5.934956            
6.432413            
5.971890            
4.110127            
5.231486            
4.101104            
6.829998            
5.439351            
5.194508            
2.967600            
8.440198            
4.891620            
4.084154            
6.296132            
5.825156            
3.466072            
5.682217            
7.852944            
3.898493            
4.880156            
5.459750            
6.222115            
4.936953            
7.027891            
4.208551            
3.916668            
4.401541            
6.695589            
3.608122            
7.160949            
5.470397            
2.573715            
5.027287            
3.704240            
6.647590            
4.061113            
3.758964            
3.898488            
4.385329            
5.273722            
6.182808            
6.192820            
5.230014            
6.502270            
3.655712            
6.834201            
6.394031            
5.740130            
6.963829            
7.830872            
5.653285            
5.048598            
4.554999            
6.632280            
9.180487            
4.035229            
5.572443            
3.659806            
5.568458            
5.513957            
4.448812            
3.607734            
5.053160            
4.686092            
5.474615            
3.747952            
3.470496            
4.612868            
3.730777            
5.620412            
3.852658            
3.652418            
6.321129            
3.742296            
5.518605            
5.197108            
4.637834            
3.013862            
4.719421            
4.010327            
3.889922            
4.586086            
4.185365            
5.328790            
3.807620            
5.897010            
6.155878            
5.620412            
7.598251            
6.380281            
6.935236            
4.230554            
3.186208            
11.473611           
3.476416            
3.973306            
6.878654            
4.615674            
5.956531            
5.512904            
7.022071            
7.077372            
6.178488            
3.496313            
5.985423            
5.034027            
4.682875            
6.289737            
5.412967            
4.262638            
8.098053            
4.768814            
4.185365            
4.647496            
7.252636            
4.863686            
3.412789            
3.734067            
5.499675            
3.777939            
3.663135            
3.424730            
7.453268            
4.812894            
4.448812            
4.245872            
5.672131            
9.836136            
4.852065            
