260                             1                   1e-17               31                  1.61                19.23               59.58               821849.00           0                   0.040               0                   0                   20217.00            22.779445           120.239457          T 
261                             1                   1e-17               31                  1.61                19.23               59.58               821849.00           5                   0.072               69.71               78.30               36559.00            22.748209           120.259399          T 
259                             1                   1e-17               31                  1.61                19.23               59.58               821849.00           0                   0.028               0                   0                   14106.00            22.822246           120.228051          T 
281                             1                   1e-17               31                  1.61                19.23               59.58               821849.00           1                   0.19                5.23                5.33                97417.00            22.805059           120.297891          T 
252                             1                   1e-17               31                  1.61                19.23               59.58               821849.00           0                   0.072               0                   0                   36809.00            22.752524           120.300653          T 
272                             1                   1e-17               31                  1.61                19.23               59.58               821849.00           16                  0.34                46.88               72.19               173969.00           22.721100           120.300758          T 
256                             1                   1e-17               31                  1.61                19.23               59.58               821849.00           0                   0.10                0                   0                   53443.00            22.857242           120.265987          T 
271                             1                   1e-17               31                  1.61                19.23               59.58               821849.00           5                   0.38                13.17               14.69               193482.00           22.683957           120.295159          T 
258                             1                   1e-17               31                  1.61                19.23               59.58               821849.00           2                   0.061               32.87               34.36               31008.00            22.882414           120.198052          T 
257                             1                   1e-17               31                  1.61                19.23               59.58               821849.00           0                   0.057               0                   0                   28806.00            22.893250           120.225937          T 
255                             1                   1e-17               31                  1.61                19.23               59.58               821849.00           0                   0.059               0                   0                   30225.00            22.870229           120.321097          T 
253                             1                   1e-17               31                  1.61                19.23               59.58               821849.00           1                   0.061               16.47               16.82               30941.00            22.787696           120.370799          T 
250                             1                   1e-17               31                  1.61                19.23               59.58               821849.00           1                   0.15                6.81                6.94                74867.00            22.739835           120.370799          T 
222                             2                   0.828               2                   0.11                17.49               18.26               58268.00            1                   0.061               16.51               16.87               30867.00            21.985316           120.763254          F 
240                             2                   0.828               2                   0.11                17.49               18.26               58268.00            0                   0.018               0                   0                   9410.00             22.079156           120.743263          F 
231                             2                   0.828               2                   0.11                17.49               18.26               58268.00            0                   0.016               0                   0                   8256.00             22.049300           120.843568          F 
233                             2                   0.828               2                   0.11                17.49               18.26               58268.00            0                   0.0097              0                   0                   4920.00             22.155529           120.817361          F 
234                             2                   0.828               2                   0.11                17.49               18.26               58268.00            1                   0.0094              105.86              108.24              4815.00             22.260849           120.735645          F 
