257                             1                   1e-17               48                  1.27                37.66               77.66               311629.00           2                   0.12                17.15               17.51               28510.00            22.893250           120.225937          F 
258                             1                   1e-17               48                  1.27                37.66               77.66               311629.00           22                  0.13                165.52              217.22              32500.00            22.882414           120.198052          F 
140                             1                   1e-17               48                  1.27                37.66               77.66               311629.00           7                   0.28                25.38               27.39               67433.00            22.941309           120.241879          F 
256                             1                   1e-17               48                  1.27                37.66               77.66               311629.00           0                   0.22                0                   0                   54588.00            22.857242           120.265987          F 
146                             1                   1e-17               48                  1.27                37.66               77.66               311629.00           17                  0.53                32.32               39.42               128598.00           22.955619           120.190374          F 
257                             2                   1e-17               31                  0.53                59.01               88.50               128443.00           2                   0.12                17.15               17.51               28510.00            22.893250           120.225937          T 
258                             2                   1e-17               31                  0.53                59.01               88.50               128443.00           22                  0.13                165.52              217.22              32500.00            22.882414           120.198052          T 
140                             2                   1e-17               31                  0.53                59.01               88.50               128443.00           7                   0.28                25.38               27.39               67433.00            22.941309           120.241879          T 
256                             2                   1e-17               31                  0.53                59.01               88.50               128443.00           n/a                 n/a                 n/a                 n/a                 n/a                 22.857242           120.265987          T 
146                             2                   1e-17               31                  0.53                59.01               88.50               128443.00           n/a                 n/a                 n/a                 n/a                 n/a                 22.955619           120.190374          T 
146                             3                   1.11022e-16         17                  0.53                32.32               39.42               128598.00           17                  0.53                32.32               39.42               128598.00           22.955619           120.190374          T 
228                             4                   0.00161             6                   0.35                16.97               18.09               86428.00            0                   0.026               0                   0                   6388.00             22.270870           120.656767          T 
234                             4                   0.00161             6                   0.35                16.97               18.09               86428.00            1                   0.021               48.56               49.09               5035.00             22.260849           120.735645          T 
225                             4                   0.00161             6                   0.35                16.97               18.09               86428.00            0                   0.021               0                   0                   5042.00             22.403998           120.697580          T 
227                             4                   0.00161             6                   0.35                16.97               18.09               86428.00            1                   0.11                8.70                8.78                28109.00            22.403342           120.597584          T 
233                             4                   0.00161             6                   0.35                16.97               18.09               86428.00            0                   0.021               0                   0                   5014.00             22.155529           120.817361          T 
216                             4                   0.00161             6                   0.35                16.97               18.09               86428.00            1                   0.092               10.91               11.02               22414.00            22.429806           120.547612          T 
119                             4                   0.00161             6                   0.35                16.97               18.09               86428.00            0                   0.016               0                   0                   3990.00             22.384307           120.835524          T 
240                             4                   0.00161             6                   0.35                16.97               18.09               86428.00            3                   0.043               70.29               72.62               10436.00            22.079156           120.743263          T 
261                             5                   0.252               3                   0.16                19.28               19.89               38052.00            3                   0.16                19.28               19.89               38052.00            22.748209           120.259399          F 
284                             6                   0.982               3                   0.46                6.55                6.74                111919.00           2                   0.29                6.85                6.98                71370.00            22.508137           120.399052          F 
223                             6                   0.982               3                   0.46                6.55                6.74                111919.00           1                   0.17                6.03                6.09                40549.00            22.517190           120.450143          F 
145                             7                   0.992               2                   0.18                10.83               11.05               45134.00            0                   0.037               0                   0                   9057.00             23.115111           120.544122          F 
164                             7                   0.992               2                   0.18                10.83               11.05               45134.00            0                   0.046               0                   0                   11242.00            23.178859           120.517030          F 
263                             7                   0.992               2                   0.18                10.83               11.05               45134.00            1                   0.035               28.51               28.82               8575.00             23.116550           120.623289          F 
167                             7                   0.992               2                   0.18                10.83               11.05               45134.00            1                   0.066               15.04               15.19               16260.00            23.114809           120.460962          F 
248                             8                   0.993               2                   0.19                10.81               11.03               45245.00            2                   0.19                10.81               11.03               45245.00            22.711004           120.425407          F 
