6.028774            
5.774880            
5.548067            
5.526994            
6.189946            
4.111197            
6.932390            
5.219325            
5.119413            
3.247779            
4.518060            
3.473690            
5.661817            
6.462825            
5.802340            
6.482589            
6.729440            
3.170899            
3.851131            
6.047244            
5.592070            
5.954634            
5.335303            
3.819511            
4.566145            
4.093420            
8.948646            
6.799421            
5.688258            
5.354647            
9.913145            
6.670249            
7.002485            
6.577895            
3.832707            
4.845429            
4.348200            
5.172467            
5.026735            
8.403519            
3.896974            
4.428529            
6.081375            
7.310671            
3.898598            
4.315042            
5.273720            
5.074665            
5.887847            
4.960751            
6.808067            
6.107971            
4.385738            
3.999868            
7.718746            
5.789053            
4.792903            
5.545048            
5.814159            
6.094267            
3.622742            
5.782166            
4.915965            
6.592601            
4.179052            
6.018949            
7.151495            
6.315131            
5.501425            
4.248081            
10.182053           
6.252700            
4.861315            
7.364841            
3.894712            
7.720083            
7.009847            
8.597567            
5.403370            
4.470325            
5.625632            
3.551944            
5.124854            
7.106154            
5.947830            
4.986059            
5.270498            
7.534800            
6.256282            
6.940461            
7.454963            
5.369909            
8.518115            
7.351534            
4.340535            
4.947750            
4.199253            
4.785716            
8.138988            
3.760694            
5.012270            
5.575543            
4.538274            
5.519891            
5.068556            
3.359497            
4.163316            
6.991487            
8.648227            
8.043349            
5.467622            
4.835666            
8.571941            
6.686354            
5.023544            
7.579527            
5.997732            
3.808817            
3.948406            
3.217520            
5.582622            
6.728826            
4.131638            
6.059797            
7.396622            
3.505341            
5.297373            
4.438795            
3.932752            
4.872737            
3.790362            
5.453456            
4.993092            
7.448419            
5.199267            
6.407594            
4.752243            
5.312788            
4.516750            
5.719259            
3.313686            
6.191799            
4.945139            
3.365521            
6.631503            
5.149133            
4.125552            
4.244599            
6.268679            
4.773876            
6.195998            
3.526527            
5.454991            
3.305528            
4.064906            
5.699877            
6.166269            
4.710796            
6.565934            
4.798900            
8.106721            
4.441744            
4.264761            
4.419691            
7.843540            
3.892477            
4.214770            
3.975593            
6.809741            
5.395661            
4.091803            
4.264253            
6.008758            
5.126244            
5.914906            
4.077257            
4.682545            
6.162752            
4.418027            
6.537668            
5.955946            
7.913731            
5.775090            
6.512369            
7.359063            
6.547087            
6.210330            
5.769576            
3.715545            
3.458319            
6.083047            
5.156853            
4.331087            
4.177594            
4.328471            
9.796183            
5.567028            
6.848242            
3.452418            
4.835504            
5.850576            
5.559488            
4.071469            
6.481235            
7.512597            
5.540089            
4.472220            
6.140191            
6.661520            
4.263559            
5.424938            
5.611377            
3.832707            
4.536826            
3.752542            
8.138092            
4.600491            
5.886146            
6.244254            
4.828214            
4.401191            
3.761120            
6.648465            
3.835701            
4.336606            
4.483180            
6.194313            
4.944406            
5.027317            
5.459915            
5.115269            
4.962470            
5.043257            
6.507927            
5.422172            
4.233988            
6.377225            
4.340303            
5.726412            
3.731972            
4.370675            
6.668879            
3.814682            
5.953060            
8.524245            
4.346534            
6.202052            
3.669764            
6.124125            
4.720255            
6.345111            
5.438331            
5.698418            
2.950848            
7.049647            
7.669744            
6.411218            
5.327892            
5.539356            
6.889845            
4.004070            
3.789296            
5.784108            
6.043413            
4.387954            
6.217474            
4.188049            
4.890201            
4.693255            
3.349128            
6.153043            
5.926065            
7.066671            
6.255961            
7.924986            
5.253030            
4.518622            
4.905856            
5.709847            
4.536826            
5.057925            
5.105076            
4.676872            
4.658704            
4.860295            
5.398441            
5.256132            
6.051227            
6.177745            
4.117325            
3.356048            
5.640891            
5.365652            
6.018624            
5.583994            
5.028207            
5.515853            
5.517638            
6.012689            
3.180793            
5.523122            
3.358027            
8.403187            
5.099519            
5.230988            
4.739584            
3.827545            
7.002798            
4.880879            
4.813372            
3.838797            
5.101224            
5.862514            
5.398441            
5.736777            
5.417335            
7.075475            
3.991409            
4.378284            
5.060203            
4.863635            
5.835208            
6.726768            
5.136180            
4.080814            
4.031206            
4.412482            
5.013064            
4.790009            
5.219788            
10.884143           
7.337650            
4.821907            
7.470753            
6.654993            
6.338750            
4.588770            
6.068301            
4.620711            
4.641127            
6.719758            
5.253565            
3.821795            
4.680537            
4.778112            
5.249249            
6.838465            
3.230809            
4.706503            
3.652623            
4.315111            
5.674441            
6.923491            
5.375845            
2.650292            
5.465544            
4.273598            
5.275760            
5.782666            
6.550538            
5.974018            
7.690465            
4.976789            
4.406070            
3.529891            
7.498399            
5.872277            
5.093434            
4.873256            
6.141153            
4.369225            
5.066756            
5.425905            
6.372751            
6.127861            
5.667429            
3.710814            
6.219899            
5.838600            
7.144937            
5.478231            
4.962431            
4.739738            
6.405472            
4.523635            
5.701941            
4.226449            
5.052277            
6.073862            
4.433805            
3.545837            
4.282318            
5.256391            
8.062655            
5.077455            
4.592945            
5.516877            
3.785382            
6.078830            
8.367746            
6.661681            
5.878204            
4.838548            
4.983044            
8.001609            
3.661297            
5.739670            
5.882126            
6.555603            
4.467051            
5.337622            
5.868111            
4.572474            
8.341635            
6.166269            
5.469768            
5.013064            
5.978774            
6.095843            
4.906177            
4.648410            
7.333254            
4.276999            
4.387554            
6.702448            
5.132533            
4.307696            
4.932899            
4.169647            
5.136650            
4.223579            
6.858003            
10.178169           
6.080708            
5.596265            
6.081767            
7.632367            
5.799637            
4.945423            
6.647451            
6.015553            
6.068949            
5.642098            
4.057077            
6.826444            
4.708596            
5.462250            
4.804986            
6.467648            
5.900174            
6.285731            
7.171798            
5.194885            
4.639197            
5.437177            
4.027509            
4.294359            
5.718358            
4.484652            
6.155721            
4.464132            
5.634959            
5.919098            
5.677956            
4.658704            
6.637990            
7.506343            
5.808266            
5.331422            
4.802024            
4.990884            
5.173108            
4.940456            
6.814288            
5.737632            
5.180679            
3.423418            
6.006569            
4.947998            
5.072515            
5.010328            
4.349135            
3.914466            
4.527786            
5.261851            
5.850569            
5.335890            
7.544713            
6.181738            
3.591962            
6.518884            
3.930658            
4.111197            
7.166274            
6.235387            
7.869826            
4.273598            
5.501184            
3.289409            
5.249249            
6.384629            
5.971422            
4.384460            
4.885835            
7.911060            
6.189376            
6.192681            
3.554769            
3.931340            
3.846446            
6.135368            
9.672622            
5.870637            
9.647085            
4.233466            
6.266147            
4.578522            
6.943971            
3.718356            
5.451425            
4.187375            
5.103277            
4.195742            
5.320261            
4.571992            
4.338787            
5.176055            
5.809437            
5.280963            
4.119230            
6.790634            
5.715875            
3.126933            
8.869954            
4.028875            
5.863542            
5.295551            
5.077707            
3.744741            
5.782430            
3.993742            
5.405015            
6.134714            
4.753272            
6.676549            
4.357179            
4.294359            
3.797174            
8.134174            
7.780195            
5.598982            
6.055699            
11.011437           
4.350824            
4.904300            
4.604260            
5.782666            
7.363566            
5.545048            
7.934826            
3.722681            
5.682529            
7.767827            
3.529389            
4.322720            
4.399984            
7.362738            
5.194722            
6.460445            
6.149852            
5.992607            
5.735524            
3.995434            
6.286060            
5.329370            
4.571659            
4.910867            
4.861315            
3.671342            
9.135977            
7.138721            
6.236348            
7.069508            
5.185189            
5.495749            
4.712531            
4.817973            
4.058867            
4.557953            
8.445955            
4.966861            
5.853970            
5.507982            
4.932032            
7.189356            
5.969199            
5.294161            
7.783909            
3.497695            
4.615550            
5.416962            
5.117529            
4.259737            
3.932611            
5.427622            
7.127490            
4.468948            
6.654332            
7.172245            
3.912901            
4.010009            
8.169459            
4.306940            
7.594026            
6.064710            
4.717684            
4.252201            
9.558607            
5.461299            
3.621915            
5.638155            
5.692687            
4.627666            
4.067664            
6.106358            
5.552562            
7.621531            
5.547798            
7.455928            
5.633915            
5.239412            
4.940652            
4.516634            
4.723469            
3.358473            
3.834473            
6.528869            
3.993742            
4.278778            
5.170013            
3.835257            
4.503371            
3.606591            
5.287649            
5.155845            
6.243636            
5.750815            
4.721282            
4.258308            
7.015610            
3.455387            
4.212162            
4.381808            
4.517203            
5.572370            
3.966736            
5.479372            
3.716196            
5.315608            
4.456987            
5.465494            
4.524634            
6.786795            
3.956640            
4.561980            
3.595495            
4.319568            
3.525480            
6.402913            
3.235040            
6.168695            
6.146340            
6.334409            
5.714475            
5.247533            
7.566243            
4.204055            
3.601793            
5.678385            
5.918900            
8.787797            
5.119864            
8.584679            
5.714743            
7.150729            
4.606647            
4.829645            
5.771752            
5.630692            
3.986490            
4.778020            
4.404351            
3.817459            
7.130065            
5.465544            
3.956640            
6.973907            
7.385945            
3.310701            
5.654734            
4.401191            
4.157857            
3.694528            
4.415368            
4.775043            
6.678781            
5.850576            
4.566145            
3.473309            
3.771272            
4.410723            
3.702375            
4.834259            
4.460874            
8.813572            
4.563117            
4.176432            
8.544424            
8.517845            
8.841561            
6.793339            
3.451134            
4.795243            
3.907234            
5.628719            
7.454146            
4.998513            
4.976789            
4.287461            
5.202980            
4.648431            
2.870329            
4.572014            
6.767324            
4.239977            
6.658671            
5.320203            
5.163206            
6.819771            
4.179052            
3.841058            
7.059566            
5.642806            
4.961361            
3.834508            
4.890201            
4.291488            
6.995044            
3.458319            
6.386405            
6.804896            
7.419619            
4.978419            
4.794978            
8.921865            
6.291962            
4.530259            
6.447154            
5.015685            
6.597885            
7.847490            
5.049802            
6.762170            
7.319130            
9.844806            
6.719770            
5.717731            
4.179552            
6.378605            
3.825404            
4.656125            
6.075604            
4.560240            
5.796272            
5.639493            
4.065232            
4.680183            
4.486531            
5.657348            
3.657138            
3.642544            
4.240208            
4.221377            
5.985270            
5.289401            
5.797869            
7.689911            
4.232705            
3.243671            
4.333236            
5.171480            
5.513110            
5.238699            
4.370360            
6.518946            
4.640868            
5.924784            
8.964854            
5.681530            
5.978774            
5.321396            
4.834259            
8.850265            
7.009652            
6.144223            
4.542999            
6.888247            
4.722474            
4.497232            
5.772691            
4.669404            
4.801771            
7.869434            
5.384024            
6.459817            
4.539280            
5.254296            
7.468983            
5.429028            
3.244695            
4.270823            
4.192272            
3.853096            
7.236139            
4.710801            
4.718010            
5.048910            
6.408659            
4.881612            
8.970260            
3.477660            
4.859416            
4.306940            
5.841703            
4.011835            
5.050119            
6.851389            
4.927971            
5.119624            
6.437510            
4.349197            
4.246597            
5.898461            
5.077599            
5.296127            
7.787511            
7.946190            
3.982994            
4.809376            
5.022978            
7.076401            
4.368623            
5.295339            
5.526846            
6.284213            
6.341301            
4.817192            
5.247512            
4.611809            
4.724217            
5.056807            
8.667561            
4.498755            
5.997879            
4.222710            
3.694088            
3.343607            
4.937457            
8.086312            
6.770510            
3.258450            
5.891870            
7.863482            
7.816816            
3.896329            
5.544613            
5.077599            
3.880631            
5.835208            
3.846446            
5.228267            
5.703953            
4.195647            
6.463863            
5.215197            
4.885558            
4.344153            
5.374602            
7.663496            
3.908624            
7.022948            
3.617307            
3.847916            
5.117529            
4.103036            
3.573223            
9.297499            
4.105728            
3.908624            
5.072706            
8.899321            
3.414033            
5.326836            
4.179560            
3.326107            
4.399984            
5.254296            
5.899620            
5.615884            
4.826762            
3.547099            
4.725720            
5.176497            
8.454822            
3.657085            
6.376373            
4.176659            
9.410705            
3.521138            
4.131638            
5.653399            
4.863311            
8.536660            
4.358453            
4.375043            
3.766664            
6.248494            
5.836962            
7.005279            
4.653119            
6.901103            
3.377727            
4.146964            
5.302437            
7.002798            
6.528993            
4.853124            
4.330729            
4.067369            
4.015274            
6.189497            
5.736837            
6.941097            
5.102866            
4.774378            
3.458366            
7.364571            
3.729592            
6.458713            
5.725869            
7.904621            
4.952186            
3.911763            
5.634591            
5.622686            
6.914580            
5.075910            
3.684235            
5.703483            
8.906338            
3.799323            
6.943971            
2.518126            
4.032557            
5.606743            
10.481997           
4.229775            
5.767977            
5.899800            
7.371219            
3.515371            
6.489289            
3.975593            
5.585274            
5.121778            
5.560739            
5.888491            
5.530626            
4.065232            
5.758436            
6.291704            
4.932080            
7.546214            
5.548731            
4.915528            
5.754685            
7.446237            
7.824009            
4.349547            
6.232576            
4.369978            
6.706890            
3.665443            
4.014159            
4.649892            
3.446617            
9.602746            
6.429061            
5.311879            
