117                             1                   0.0000264           17                  3.95                4.30                11.33               3626924.00          0                   0.0047              0                   0                   4285.00             22.660175           121.490195          T 
109                             1                   0.0000264           17                  3.95                4.30                11.33               3626924.00          0                   0.11                0                   0                   103252.00           22.751657           121.110365          T 
114                             1                   0.0000264           17                  3.95                4.30                11.33               3626924.00          0                   0.0088              0                   0                   8060.00             22.980069           121.251792          T 
123                             1                   0.0000264           17                  3.95                4.30                11.33               3626924.00          0                   0.0080              0                   0                   7314.00             22.951257           121.156038          T 
108                             1                   0.0000264           17                  3.95                4.30                11.33               3626924.00          0                   0.018               0                   0                   16846.00            22.764945           121.001552          T 
122                             1                   0.0000264           17                  3.95                4.30                11.33               3626924.00          0                   0.0089              0                   0                   8165.00             23.037807           121.176620          T 
111                             1                   0.0000264           17                  3.95                4.30                11.33               3626924.00          0                   0.012               0                   0                   10744.00            22.590981           120.979764          T 
113                             1                   0.0000264           17                  3.95                4.30                11.33               3626924.00          0                   0.014               0                   0                   13212.00            23.126637           121.353798          T 
115                             1                   0.0000264           17                  3.95                4.30                11.33               3626924.00          0                   0.0087              0                   0                   7995.00             23.092487           121.218450          T 
112                             1                   0.0000264           17                  3.95                4.30                11.33               3626924.00          0                   0.0040              0                   0                   3630.00             22.903432           120.983190          T 
128                             1                   0.0000264           17                  3.95                4.30                11.33               3626924.00          0                   0.011               0                   0                   9689.00             23.196721           121.298049          T 
120                             1                   0.0000264           17                  3.95                4.30                11.33               3626924.00          0                   0.0040              0                   0                   3713.00             22.581617           120.857038          T 
110                             1                   0.0000264           17                  3.95                4.30                11.33               3626924.00          0                   0.0061              0                   0                   5635.00             22.383595           120.899170          T 
118                             1                   0.0000264           17                  3.95                4.30                11.33               3626924.00          0                   0.0057              0                   0                   5263.00             22.046168           121.550833          T 
116                             1                   0.0000264           17                  3.95                4.30                11.33               3626924.00          0                   0.0046              0                   0                   4222.00             23.114785           121.017567          T 
243                             1                   0.0000264           17                  3.95                4.30                11.33               3626924.00          0                   0.0036              0                   0                   3324.00             22.759905           120.800810          T 
119                             1                   0.0000264           17                  3.95                4.30                11.33               3626924.00          0                   0.0038              0                   0                   3482.00             22.384307           120.835524          T 
121                             1                   0.0000264           17                  3.95                4.30                11.33               3626924.00          0                   0.0073              0                   0                   6733.00             23.334769           121.426173          T 
130                             1                   0.0000264           17                  3.95                4.30                11.33               3626924.00          0                   0.024               0                   0                   22408.00            23.371436           121.360448          T 
266                             1                   0.0000264           17                  3.95                4.30                11.33               3626924.00          0                   0.0021              0                   0                   1940.00             22.919933           120.752384          T 
230                             1                   0.0000264           17                  3.95                4.30                11.33               3626924.00          0                   0.0058              0                   0                   5338.00             22.604085           120.691793          T 
236                             1                   0.0000264           17                  3.95                4.30                11.33               3626924.00          1                   0.0081              123.20              128.29              7454.00             22.671078           120.679924          T 
214                             1                   0.0000264           17                  3.95                4.30                11.33               3626924.00          0                   0.0085              0                   0                   7793.00             22.797868           120.686522          T 
217                             1                   0.0000264           17                  3.95                4.30                11.33               3626924.00          0                   0.0081              0                   0                   7423.00             22.501572           120.685723          T 
225                             1                   0.0000264           17                  3.95                4.30                11.33               3626924.00          0                   0.0053              0                   0                   4889.00             22.403998           120.697580          T 
125                             1                   0.0000264           17                  3.95                4.30                11.33               3626924.00          0                   0.0066              0                   0                   6052.00             23.390629           121.180422          T 
233                             1                   0.0000264           17                  3.95                4.30                11.33               3626924.00          0                   0.0053              0                   0                   4866.00             22.155529           120.817361          T 
234                             1                   0.0000264           17                  3.95                4.30                11.33               3626924.00          0                   0.0053              0                   0                   4891.00             22.260849           120.735645          T 
267                             1                   0.0000264           17                  3.95                4.30                11.33               3626924.00          0                   0.0046              0                   0                   4258.00             23.224946           120.852338          T 
239                             1                   0.0000264           17                  3.95                4.30                11.33               3626924.00          0                   0.021               0                   0                   19478.00            22.582335           120.601817          T 
218                             1                   0.0000264           17                  3.95                4.30                11.33               3626924.00          0                   0.057               0                   0                   52258.00            22.651169           120.588822          T 
244                             1                   0.0000264           17                  3.95                4.30                11.33               3626924.00          0                   0.025               0                   0                   23182.00            22.809920           120.601768          T 
262                             1                   0.0000264           17                  3.95                4.30                11.33               3626924.00          0                   0.013               0                   0                   11920.00            23.011954           120.658563          T 
245                             1                   0.0000264           17                  3.95                4.30                11.33               3626924.00          0                   0.026               0                   0                   24266.00            22.742536           120.569394          T 
224                             1                   0.0000264           17                  3.95                4.30                11.33               3626924.00          0                   0.010               0                   0                   9623.00             22.486763           120.584626          T 
231                             1                   0.0000264           17                  3.95                4.30                11.33               3626924.00          0                   0.0081              0                   0                   7454.00             22.049300           120.843568          T 
131                             1                   0.0000264           17                  3.95                4.30                11.33               3626924.00          0                   0.012               0                   0                   10968.00            23.515612           121.407347          T 
242                             1                   0.0000264           17                  3.95                4.30                11.33               3626924.00          0                   0.032               0                   0                   29126.00            22.694550           120.555979          T 
228                             1                   0.0000264           17                  3.95                4.30                11.33               3626924.00          0                   0.0056              0                   0                   5128.00             22.270870           120.656767          T 
227                             1                   0.0000264           17                  3.95                4.30                11.33               3626924.00          0                   0.025               0                   0                   22969.00            22.403342           120.597584          T 
232                             1                   0.0000264           17                  3.95                4.30                11.33               3626924.00          0                   0.058               0                   0                   53124.00            22.536429           120.556806          T 
246                             1                   0.0000264           17                  3.95                4.30                11.33               3626924.00          0                   0.012               0                   0                   10592.00            22.648764           120.529969          T 
283                             1                   0.0000264           17                  3.95                4.30                11.33               3626924.00          0                   0.041               0                   0                   37317.00            22.900055           120.563463          T 
237                             1                   0.0000264           17                  3.95                4.30                11.33               3626924.00          0                   0.018               0                   0                   16073.00            22.588556           120.526638          T 
216                             1                   0.0000264           17                  3.95                4.30                11.33               3626924.00          0                   0.020               0                   0                   18095.00            22.429806           120.547612          T 
240                             1                   0.0000264           17                  3.95                4.30                11.33               3626924.00          0                   0.0089              0                   0                   8194.00             22.079156           120.743263          T 
219                             1                   0.0000264           17                  3.95                4.30                11.33               3626924.00          0                   0.011               0                   0                   9698.00             22.479807           120.518056          T 
241                             1                   0.0000264           17                  3.95                4.30                11.33               3626924.00          0                   0.028               0                   0                   25685.00            22.798548           120.506128          T 
264                             1                   0.0000264           17                  3.95                4.30                11.33               3626924.00          1                   0.012               82.78               86.18               11094.00            22.996947           120.562197          T 
263                             1                   0.0000264           17                  3.95                4.30                11.33               3626924.00          0                   0.0062              0                   0                   5661.00             23.116550           120.623289          T 
268                             1                   0.0000264           17                  3.95                4.30                11.33               3626924.00          0                   0.0035              0                   0                   3201.00             23.275008           120.741944          T 
135                             1                   0.0000264           17                  3.95                4.30                11.33               3626924.00          0                   0.0047              0                   0                   4315.00             23.585194           121.494233          T 
221                             1                   0.0000264           17                  3.95                4.30                11.33               3626924.00          0                   0.017               0                   0                   15168.00            22.515282           120.500660          T 
229                             1                   0.0000264           17                  3.95                4.30                11.33               3626924.00          0                   0.018               0                   0                   16762.00            22.441421           120.512509          T 
215                             1                   0.0000264           17                  3.95                4.30                11.33               3626924.00          0                   0.024               0                   0                   21645.00            22.731668           120.484504          T 
220                             1                   0.0000264           17                  3.95                4.30                11.33               3626924.00          0                   0.21                0                   0                   193941.00           22.664738           120.479995          T 
238                             1                   0.0000264           17                  3.95                4.30                11.33               3626924.00          0                   0.054               0                   0                   49457.00            22.588495           120.476619          T 
222                             1                   0.0000264           17                  3.95                4.30                11.33               3626924.00          2                   0.033               61.43               66.68               29899.00            21.985316           120.763254          T 
282                             1                   0.0000264           17                  3.95                4.30                11.33               3626924.00          0                   0.038               0                   0                   34622.00            22.864970           120.475455          T 
226                             1                   0.0000264           17                  3.95                4.30                11.33               3626924.00          0                   0.050               0                   0                   45908.00            22.462656           120.475133          T 
223                             1                   0.0000264           17                  3.95                4.30                11.33               3626924.00          0                   0.036               0                   0                   33091.00            22.517190           120.450143          T 
145                             1                   0.0000264           17                  3.95                4.30                11.33               3626924.00          0                   0.0088              0                   0                   8114.00             23.115111           120.544122          T 
248                             1                   0.0000264           17                  3.95                4.30                11.33               3626924.00          0                   0.044               0                   0                   40732.00            22.711004           120.425407          T 
265                             1                   0.0000264           17                  3.95                4.30                11.33               3626924.00          0                   0.015               0                   0                   13499.00            22.956688           120.471927          T 
124                             1                   0.0000264           17                  3.95                4.30                11.33               3626924.00          0                   0.013               0                   0                   12015.00            23.646587           121.435123          T 
247                             1                   0.0000264           17                  3.95                4.30                11.33               3626924.00          0                   0.12                0                   0                   111514.00           22.592836           120.411147          T 
284                             1                   0.0000264           17                  3.95                4.30                11.33               3626924.00          2                   0.075               26.84               29.09               68429.00            22.508137           120.399052          T 
254                             1                   0.0000264           17                  3.95                4.30                11.33               3626924.00          0                   0.0072              0                   0                   6655.00             22.863943           120.395984          T 
192                             1                   0.0000264           17                  3.95                4.30                11.33               3626924.00          0                   0.0059              0                   0                   5381.00             23.440776           120.759617          T 
251                             1                   0.0000264           17                  3.95                4.30                11.33               3626924.00          1                   0.048               20.79               21.62               44168.00            22.662493           120.372778          T 
164                             1                   0.0000264           17                  3.95                4.30                11.33               3626924.00          0                   0.0097              0                   0                   8870.00             23.178859           120.517030          T 
250                             1                   0.0000264           17                  3.95                4.30                11.33               3626924.00          2                   0.10                19.32               20.91               95089.00            22.739835           120.370799          T 
178                             1                   0.0000264           17                  3.95                4.30                11.33               3626924.00          0                   0.0049              0                   0                   4476.00             23.288484           120.589647          T 
253                             1                   0.0000264           17                  3.95                4.30                11.33               3626924.00          0                   0.032               0                   0                   28963.00            22.787696           120.370799          T 
249                             1                   0.0000264           17                  3.95                4.30                11.33               3626924.00          2                   0.037               54.55               59.21               33670.00            22.701208           120.360526          T 
280                             1                   0.0000264           17                  3.95                4.30                11.33               3626924.00          0                   0.39                0                   0                   356016.00           22.613793           120.355436          T 
279                             1                   0.0000264           17                  3.95                4.30                11.33               3626924.00          0                   0.17                0                   0                   154808.00           22.551402           120.359261          T 
167                             1                   0.0000264           17                  3.95                4.30                11.33               3626924.00          0                   0.014               0                   0                   13118.00            23.114809           120.460962          T 
156                             1                   0.0000264           17                  3.95                4.30                11.33               3626924.00          0                   0.0048              0                   0                   4366.00             23.026046           120.412392          T 
173                             1                   0.0000264           17                  3.95                4.30                11.33               3626924.00          0                   0.0039              0                   0                   3601.00             22.954823           120.386937          T 
134                             1                   0.0000264           17                  3.95                4.30                11.33               3626924.00          0                   0.0067              0                   0                   6175.00             23.727726           121.318953          T 
276                             1                   0.0000264           17                  3.95                4.30                11.33               3626924.00          2                   0.18                11.29               12.19               162642.00           22.623594           120.320910          T 
273                             1                   0.0000264           17                  3.95                4.30                11.33               3626924.00          0                   0.36                0                   0                   330419.00           22.649899           120.317919          T 
235                             1                   0.0000264           17                  3.95                4.30                11.33               3626924.00          0                   0.013               0                   0                   12216.00            22.340003           120.371047          T 
136                             1                   0.0000264           17                  3.95                4.30                11.33               3626924.00          0                   0.011               0                   0                   10536.00            23.743245           121.469885          T 
287                             1                   0.0000264           17                  3.95                4.30                11.33               3626924.00          0                   0.014               0                   0                   13258.00            23.655465           121.021287          T 
274                             1                   0.0000264           17                  3.95                4.30                11.33               3626924.00          0                   0.053               0                   0                   49068.00            22.629929           120.306734          T 
255                             1                   0.0000264           17                  3.95                4.30                11.33               3626924.00          0                   0.030               0                   0                   27656.00            22.870229           120.321097          T 
272                             1                   0.0000264           17                  3.95                4.30                11.33               3626924.00          1                   0.21                4.80                4.96                191313.00           22.721100           120.300758          T 
252                             1                   0.0000264           17                  3.95                4.30                11.33               3626924.00          0                   0.044               0                   0                   40470.00            22.752524           120.300653          T 
271                             1                   0.0000264           17                  3.95                4.30                11.33               3626924.00          2                   0.21                9.40                10.14               195296.00           22.683957           120.295159          T 
275                             1                   0.0000264           17                  3.95                4.30                11.33               3626924.00          0                   0.029               0                   0                   26633.00            22.626991           120.294422          T 
170                             1                   0.0000264           17                  3.95                4.30                11.33               3626924.00          0                   0.036               0                   0                   33424.00            22.955779           120.334282          T 
281                             1                   0.0000264           17                  3.95                4.30                11.33               3626924.00          0                   0.10                0                   0                   95349.00            22.805059           120.297891          T 
277                             1                   0.0000264           17                  3.95                4.30                11.33               3626924.00          0                   0.23                0                   0                   206953.00           22.585656           120.289154          T 
269                             1                   0.0000264           17                  3.95                4.30                11.33               3626924.00          0                   0.024               0                   0                   22481.00            22.624246           120.284233          T 
148                             1                   0.0000264           17                  3.95                4.30                11.33               3626924.00          0                   0.0096              0                   0                   8847.00             23.144822           120.398815          T 
189                             1                   0.0000264           17                  3.95                4.30                11.33               3626924.00          0                   0.012               0                   0                   10938.00            23.427657           120.607534          T 
155                             1                   0.0000264           17                  3.95                4.30                11.33               3626924.00          1                   0.0076              131.64              137.09              6976.00             23.096893           120.370977          T 
325                             2                   0.416               5                   0.85                5.86                7.07                783920.00           1                   0.070               14.33               14.88               64091.00            24.043328           120.720199          F 
309                             2                   0.416               5                   0.85                5.86                7.07                783920.00           1                   0.23                4.34                4.48                211469.00           24.095757           120.692626          F 
294                             2                   0.416               5                   0.85                5.86                7.07                783920.00           0                   0.094               0                   0                   86305.00            23.983211           120.732618          F 
311                             2                   0.416               5                   0.85                5.86                7.07                783920.00           2                   0.21                9.37                10.10               196011.00           24.114774           120.773422          F 
349                             2                   0.416               5                   0.85                5.86                7.07                783920.00           0                   0.024               0                   0                   22456.00            24.006288           120.629441          F 
319                             2                   0.416               5                   0.85                5.86                7.07                783920.00           0                   0.085               0                   0                   78122.00            24.083927           120.629330          F 
301                             2                   0.416               5                   0.85                5.86                7.07                783920.00           1                   0.14                7.32                7.58                125466.00           24.121141           120.664618          F 
