5.539687            
6.169056            
5.253664            
5.198282            
8.649953            
8.120386            
6.407106            
6.830403            
7.642455            
3.364040            
4.124672            
3.797326            
4.039072            
5.658767            
5.564078            
7.577785            
4.215223            
4.503746            
6.185628            
4.401075            
6.421719            
4.284487            
5.039156            
4.425340            
3.296447            
4.291461            
6.843298            
4.565301            
4.692979            
4.248423            
5.299769            
7.033869            
5.522508            
3.912261            
4.174144            
4.607102            
4.586169            
3.822952            
8.830653            
6.204556            
4.121655            
6.722619            
12.246891           
4.633835            
6.042188            
5.616227            
6.999489            
3.657653            
4.864368            
6.078012            
5.704037            
2.935542            
3.548856            
4.094706            
4.567069            
6.338148            
3.721048            
7.924011            
9.899496            
2.652188            
5.010033            
3.857841            
4.850785            
3.446398            
4.074618            
5.915787            
2.944893            
3.577564            
4.692674            
5.551815            
5.581472            
3.200337            
4.517330            
4.274909            
5.806507            
3.581525            
8.053551            
4.388760            
3.977906            
5.403580            
3.332020            
3.796071            
3.814460            
4.211935            
6.735426            
5.853696            
3.518609            
4.480763            
3.501600            
5.270781            
4.934239            
5.571290            
4.384534            
5.497949            
5.914137            
5.525838            
4.996986            
9.093046            
6.747553            
6.150431            
5.067218            
5.064693            
7.736400            
6.321478            
3.032913            
6.933211            
4.194011            
6.156921            
4.558820            
4.413927            
3.732286            
3.628528            
4.541478            
3.672975            
4.935305            
5.315012            
4.838608            
5.505041            
4.536019            
6.430148            
4.239273            
4.100504            
3.797326            
3.616789            
6.224420            
3.659605            
6.538468            
4.836171            
3.750992            
4.891621            
4.686525            
4.213036            
4.975237            
2.838636            
5.206116            
5.057738            
4.755108            
3.740481            
4.381472            
3.898898            
7.689254            
2.885162            
5.237077            
2.387530            
3.732286            
4.706920            
5.423276            
2.830207            
5.965478            
6.488757            
6.096412            
6.571959            
3.462364            
5.158072            
3.118257            
3.287485            
4.566171            
3.811603            
5.704923            
2.482277            
5.353470            
4.720382            
4.986648            
5.247741            
10.474333           
3.546568            
8.581364            
3.676732            
7.153343            
5.641183            
4.191083            
5.604420            
2.657033            
6.837990            
5.067218            
5.158834            
4.902968            
4.706920            
3.129643            
3.778017            
3.596352            
3.714899            
4.706920            
7.861798            
4.424714            
4.191083            
5.370994            
4.882291            
4.900742            
5.693168            
4.738200            
4.015895            
4.167070            
3.909645            
3.202558            
2.820722            
5.001755            
4.846861            
6.479530            
5.709435            
4.887578            
4.099471            
5.672597            
2.868262            
5.242807            
6.874231            
6.832452            
4.324310            
3.092339            
3.628528            
7.869513            
5.226546            
4.511279            
4.756418            
3.412702            
3.870727            
3.882073            
4.776694            
7.917671            
5.743822            
5.305306            
3.532354            
4.415124            
5.070787            
5.863292            
7.370111            
6.269226            
4.948903            
8.530967            
4.261791            
5.113075            
9.660361            
3.861490            
4.394042            
3.635615            
5.828932            
6.757931            
4.612461            
2.969037            
3.937684            
5.926214            
7.345217            
5.819645            
6.123191            
3.720256            
3.885074            
5.711998            
4.648876            
3.949438            
2.746226            
5.107616            
4.513964            
4.478445            
2.181686            
3.094587            
6.746070            
4.232884            
4.493137            
3.041843            
3.742087            
4.259629            
6.107068            
4.946860            
3.449102            
7.521172            
4.421855            
5.266620            
6.445653            
4.686551            
4.645850            
4.333775            
3.734788            
4.728448            
7.714351            
5.317484            
7.526598            
5.512595            
5.465227            
4.053426            
2.719944            
3.347114            
6.194100            
7.116959            
4.259629            
4.095749            
5.263837            
7.254570            
4.381728            
4.665203            
4.344226            
3.693564            
5.535742            
4.500851            
9.250552            
9.445160            
3.555469            
3.976739            
3.521806            
4.442389            
5.814072            
3.895750            
5.261129            
6.295160            
5.849196            
4.850785            
5.397730            
11.303352           
3.937684            
5.775503            
3.892769            
4.316533            
3.860971            
5.638021            
3.989302            
4.237625            
4.061298            
4.131553            
4.737692            
4.288771            
5.144808            
4.232884            
5.882927            
3.195901            
3.909905            
5.066283            
6.099925            
5.478240            
5.270640            
3.300367            
3.336458            
5.387794            
3.864910            
4.261791            
5.743822            
2.689057            
6.076055            
3.359482            
3.184881            
3.737607            
6.124255            
6.490232            
6.238131            
3.248303            
4.990057            
4.107700            
4.997544            
4.422757            
6.223956            
3.732286            
7.740092            
8.227159            
4.656803            
3.503892            
7.320138            
3.043318            
3.693564            
8.845572            
3.336256            
4.617660            
3.757056            
7.998534            
4.598195            
4.160361            
4.451893            
5.743822            
10.641282           
4.726964            
7.757649            
4.574166            
6.720875            
6.234145            
4.388934            
4.382317            
6.512617            
3.076194            
4.239404            
5.317484            
5.019715            
5.365097            
7.322644            
4.300116            
4.482490            
4.887578            
5.955355            
3.679681            
11.286375           
8.235045            
4.220176            
9.090987            
6.933211            
3.408206            
5.237077            
2.798811            
4.912820            
10.537360           
6.213243            
6.784775            
2.498490            
4.410052            
4.377777            
4.585769            
4.989734            
5.223352            
4.137068            
5.145671            
7.084220            
4.648876            
5.415401            
4.721724            
8.590594            
5.228345            
5.703381            
5.817637            
3.204455            
6.720875            
4.291461            
3.294147            
4.339747            
6.736301            
4.704109            
3.423178            
3.491683            
4.362817            
8.054114            
3.790009            
5.327866            
6.012157            
5.092529            
6.245317            
3.127661            
5.308567            
4.292853            
5.965478            
6.173678            
4.239404            
5.390123            
5.338392            
3.127961            
5.282723            
4.514567            
3.616289            
6.897903            
4.730700            
4.803932            
3.551499            
4.299710            
4.059642            
4.136624            
5.780318            
5.666918            
4.282539            
3.596850            
3.797326            
6.759808            
5.235011            
4.106269            
5.006988            
6.046077            
4.190654            
4.095749            
5.565486            
5.877684            
4.290633            
3.496997            
5.276727            
5.632110            
3.799395            
5.905863            
4.514567            
4.460463            
3.552729            
5.122417            
6.718867            
4.151004            
5.576268            
5.403580            
3.952855            
5.975907            
4.488645            
3.721048            
5.631309            
3.047522            
3.937684            
2.978821            
4.482490            
4.824308            
4.737692            
3.133117            
2.608839            
4.789545            
5.283286            
5.167729            
10.953583           
7.132239            
4.412674            
4.751810            
3.635910            
3.509441            
4.401075            
4.274897            
4.900799            
3.846671            
6.523460            
5.146931            
6.242868            
6.940074            
6.679234            
6.344577            
4.226151            
4.478445            
2.811821            
7.997292            
4.686352            
8.723407            
4.232884            
7.987617            
4.935994            
7.485591            
5.889340            
5.774322            
8.278467            
3.670084            
7.104016            
3.861692            
4.703804            
2.920216            
1.983258            
4.719740            
2.704040            
4.726302            
5.426829            
5.421353            
3.625351            
7.851649            
3.976739            
5.230977            
4.540617            
3.392197            
5.952156            
3.811603            
5.584317            
5.370612            
6.997146            
3.713101            
3.405838            
4.986478            
3.682060            
6.012790            
6.502356            
5.753095            
2.775724            
5.262153            
3.742625            
6.745418            
4.541478            
7.448795            
2.575149            
4.999587            
5.226101            
4.316235            
6.523620            
5.871771            
4.414335            
4.213036            
4.731065            
6.148290            
2.775724            
3.464998            
3.977130            
3.159100            
5.942421            
4.460463            
5.495206            
3.545904            
3.332277            
4.895342            
4.560682            
7.701482            
4.449969            
6.287515            
4.894695            
5.806792            
6.238131            
5.384239            
7.463342            
7.354948            
4.109814            
4.951283            
4.216429            
3.885074            
5.363621            
4.174144            
6.390499            
5.752509            
4.305333            
4.291172            
5.605580            
4.865300            
4.546067            
4.320689            
2.533991            
3.766826            
5.578180            
3.103572            
4.206779            
4.801883            
5.299769            
3.240350            
4.053995            
5.823161            
3.746528            
4.006074            
3.989358            
2.716923            
8.062199            
8.481334            
6.435589            
4.884359            
3.157099            
5.354119            
8.249782            
4.425052            
4.781064            
7.585414            
8.294648            
7.472430            
6.423893            
3.757056            
3.011895            
3.551797            
4.625746            
5.190336            
3.777696            
4.061559            
6.970942            
5.574262            
6.618275            
5.235011            
3.904774            
5.756875            
7.729550            
9.389045            
4.503746            
5.120484            
5.875888            
4.523658            
6.618275            
5.401371            
6.145226            
8.651506            
5.517508            
3.942965            
9.922490            
4.206779            
6.802844            
3.427461            
4.284712            
5.054351            
3.490726            
4.602051            
4.422757            
6.248368            
3.750992            
6.160458            
4.431094            
6.185628            
2.773234            
3.746528            
5.891118            
4.042964            
7.175779            
10.164123           
4.322989            
4.946860            
4.785893            
4.012332            
3.441638            
6.917261            
3.663132            
2.278960            
5.483523            
7.704752            
5.806507            
3.719426            
4.038563            
4.722542            
5.112408            
5.365097            
3.624592            
10.869106           
4.752897            
6.893180            
4.517330            
7.117037            
5.780996            
2.455198            
3.043318            
3.311245            
6.995395            
3.874417            
4.932247            
4.831859            
3.159100            
3.861490            
4.463920            
6.347750            
5.724170            
6.595023            
4.659197            
4.209690            
2.960089            
4.300116            
6.329470            
5.223352            
4.130716            
3.937684            
2.669996            
5.026866            
3.444202            
6.784775            
4.163014            
4.107700            
3.059149            
3.900519            
6.160214            
3.955222            
5.078515            
3.236993            
5.431443            
3.784440            
3.539821            
3.327573            
6.768041            
6.904682            
6.722861            
2.683813            
3.694144            
5.465766            
6.053936            
4.646435            
4.780435            
3.909905            
4.639477            
8.340112            
3.921617            
3.757056            
5.227461            
4.139708            
4.065711            
6.480357            
5.332223            
3.478704            
2.171781            
2.837524            
5.883445            
4.505895            
7.356446            
3.575607            
2.771863            
6.915852            
3.210006            
5.848225            
3.771246            
5.625457            
4.719847            
7.697147            
5.756875            
5.568254            
2.296360            
5.131499            
5.421353            
4.042207            
3.022692            
9.357603            
2.442121            
4.569614            
4.579114            
3.251433            
4.575537            
3.250205            
5.943390            
7.068191            
5.408164            
4.972859            
6.985783            
3.650860            
6.149085            
4.196249            
3.565592            
6.381028            
4.441937            
5.187815            
4.174144            
4.836524            
2.933164            
7.960169            
5.133142            
4.605282            
5.453679            
4.860803            
4.475247            
4.061948            
3.325113            
6.697537            
3.689529            
7.440714            
4.400523            
6.322875            
4.458623            
3.890100            
10.712427           
5.142883            
3.157454            
5.927263            
4.780435            
3.680392            
4.572716            
5.521823            
4.133881            
5.067735            
5.172485            
3.577564            
4.503746            
2.736187            
5.743822            
7.486077            
3.555071            
5.144637            
2.908085            
4.125816            
5.563859            
5.029261            
4.730700            
3.817998            
4.095749            
6.388306            
4.325425            
4.824308            
5.860919            
12.308827           
3.729517            
4.814364            
4.274396            
4.135242            
6.885770            
5.261129            
6.280917            
5.527495            
2.898450            
7.205870            
5.505673            
4.006266            
2.933164            
8.052886            
4.315202            
6.105846            
3.651843            
4.531974            
4.007064            
4.560682            
5.783721            
3.961332            
4.467494            
8.605129            
4.833666            
4.363998            
2.612405            
5.475870            
3.676387            
6.145010            
5.475931            
3.732286            
5.245792            
6.619583            
2.978821            
8.234840            
3.366694            
4.892285            
3.395340            
3.808001            
6.046183            
4.989734            
4.095749            
7.612911            
5.403580            
6.402538            
2.683813            
4.809225            
3.251433            
4.566398            
4.566262            
4.601206            
4.097243            
5.763551            
4.232884            
3.796008            
5.850597            
4.860803            
5.317484            
3.491683            
3.469527            
4.259629            
4.493137            
5.999278            
6.164492            
2.615149            
8.781026            
3.913062            
5.529450            
4.054134            
8.298734            
4.512332            
5.506396            
5.890134            
2.977673            
6.510486            
5.475870            
5.881797            
5.475931            
4.848428            
2.816217            
3.051550            
6.652574            
9.185507            
5.376433            
4.010751            
2.807014            
5.322292            
6.515996            
2.949970            
8.047948            
5.067438            
3.248303            
4.093669            
4.820142            
6.224420            
5.261344            
4.308510            
5.322233            
4.962700            
5.963205            
5.269231            
4.461379            
4.759163            
4.191083            
4.507202            
3.522435            
5.015910            
5.036220            
6.879806            
2.773648            
4.760354            
5.152922            
2.955134            
3.478704            
5.888035            
4.228575            
5.083384            
5.595777            
3.202558            
3.895414            
2.916601            
3.869026            
5.432458            
5.036551            
3.665107            
4.758565            
5.768204            
4.283528            
3.731066            
5.252088            
7.779764            
6.608155            
6.002782            
5.930845            
2.798279            
4.401075            
4.226838            
4.077044            
3.728730            
3.788629            
5.901933            
5.252888            
3.927054            
8.580310            
4.622723            
4.846924            
5.571877            
5.517941            
3.616143            
4.990057            
4.311678            
8.066092            
3.252538            
4.040542            
3.043318            
7.628679            
7.278756            
4.446978            
