225                             1                   0.0220              3                   0.094               31.82               78.05               420889.00           0                   0.0011              0                   0                   5081.00             22.403998           120.697580          T 
227                             1                   0.0220              3                   0.094               31.82               78.05               420889.00           0                   0.0065              0                   0                   28955.00            22.403342           120.597584          T 
217                             1                   0.0220              3                   0.094               31.82               78.05               420889.00           0                   0.0018              0                   0                   8018.00             22.501572           120.685723          T 
119                             1                   0.0220              3                   0.094               31.82               78.05               420889.00           0                   0.00091             0                   0                   4047.00             22.384307           120.835524          T 
224                             1                   0.0220              3                   0.094               31.82               78.05               420889.00           0                   0.0026              0                   0                   11614.00            22.486763           120.584626          T 
228                             1                   0.0220              3                   0.094               31.82               78.05               420889.00           0                   0.0015              0                   0                   6486.00             22.270870           120.656767          T 
216                             1                   0.0220              3                   0.094               31.82               78.05               420889.00           0                   0.0051              0                   0                   22967.00            22.429806           120.547612          T 
234                             1                   0.0220              3                   0.094               31.82               78.05               420889.00           0                   0.0011              0                   0                   5039.00             22.260849           120.735645          T 
229                             1                   0.0220              3                   0.094               31.82               78.05               420889.00           0                   0.0050              0                   0                   22232.00            22.441421           120.512509          T 
219                             1                   0.0220              3                   0.094               31.82               78.05               420889.00           0                   0.0029              0                   0                   12894.00            22.479807           120.518056          T 
232                             1                   0.0220              3                   0.094               31.82               78.05               420889.00           1                   0.013               77.44               96.56               57644.00            22.536429           120.556806          T 
110                             1                   0.0220              3                   0.094               31.82               78.05               420889.00           0                   0.0018              0                   0                   8100.00             22.383595           120.899170          T 
239                             1                   0.0220              3                   0.094               31.82               78.05               420889.00           0                   0.0053              0                   0                   23567.00            22.582335           120.601817          T 
230                             1                   0.0220              3                   0.094               31.82               78.05               420889.00           0                   0.0011              0                   0                   4901.00             22.604085           120.691793          T 
221                             1                   0.0220              3                   0.094               31.82               78.05               420889.00           0                   0.0035              0                   0                   15514.00            22.515282           120.500660          T 
226                             1                   0.0220              3                   0.094               31.82               78.05               420889.00           0                   0.011               0                   0                   50119.00            22.462656           120.475133          T 
120                             1                   0.0220              3                   0.094               31.82               78.05               420889.00           0                   0.00076             0                   0                   3388.00             22.581617           120.857038          T 
237                             1                   0.0220              3                   0.094               31.82               78.05               420889.00           0                   0.0043              0                   0                   19063.00            22.588556           120.526638          T 
223                             1                   0.0220              3                   0.094               31.82               78.05               420889.00           1                   0.0092              108.53              135.42              41132.00            22.517190           120.450143          T 
218                             1                   0.0220              3                   0.094               31.82               78.05               420889.00           0                   0.014               0                   0                   61402.00            22.651169           120.588822          T 
236                             1                   0.0220              3                   0.094               31.82               78.05               420889.00           1                   0.0020              511.60              639.25              8726.00             22.671078           120.679924          T 
