235                             1                   0.000140            16                  4.39                3.65                12.12               4815886.00          0                   0.011               0                   0                   12104.00            22.340003           120.371047          T 
226                             1                   0.000140            16                  4.39                3.65                12.12               4815886.00          0                   0.042               0                   0                   46268.00            22.462656           120.475133          T 
229                             1                   0.000140            16                  4.39                3.65                12.12               4815886.00          0                   0.016               0                   0                   17023.00            22.441421           120.512509          T 
284                             1                   0.000140            16                  4.39                3.65                12.12               4815886.00          0                   0.063               0                   0                   68893.00            22.508137           120.399052          T 
216                             1                   0.000140            16                  4.39                3.65                12.12               4815886.00          0                   0.017               0                   0                   18321.00            22.429806           120.547612          T 
223                             1                   0.000140            16                  4.39                3.65                12.12               4815886.00          0                   0.030               0                   0                   33447.00            22.517190           120.450143          T 
219                             1                   0.000140            16                  4.39                3.65                12.12               4815886.00          0                   0.0092              0                   0                   10133.00            22.479807           120.518056          T 
279                             1                   0.000140            16                  4.39                3.65                12.12               4815886.00          2                   0.14                14.07               15.45               156035.00           22.551402           120.359261          T 
221                             1                   0.000140            16                  4.39                3.65                12.12               4815886.00          0                   0.014               0                   0                   15272.00            22.515282           120.500660          T 
227                             1                   0.000140            16                  4.39                3.65                12.12               4815886.00          0                   0.021               0                   0                   23246.00            22.403342           120.597584          T 
224                             1                   0.000140            16                  4.39                3.65                12.12               4815886.00          1                   0.0086              116.19              121.95              9451.00             22.486763           120.584626          T 
247                             1                   0.000140            16                  4.39                3.65                12.12               4815886.00          0                   0.10                0                   0                   111933.00           22.592836           120.411147          T 
277                             1                   0.000140            16                  4.39                3.65                12.12               4815886.00          1                   0.19                5.23                5.44                210009.00           22.585656           120.289154          T 
232                             1                   0.000140            16                  4.39                3.65                12.12               4815886.00          0                   0.049               0                   0                   53546.00            22.536429           120.556806          T 
238                             1                   0.000140            16                  4.39                3.65                12.12               4815886.00          0                   0.045               0                   0                   49696.00            22.588495           120.476619          T 
228                             1                   0.000140            16                  4.39                3.65                12.12               4815886.00          0                   0.0047              0                   0                   5150.00             22.270870           120.656767          T 
280                             1                   0.000140            16                  4.39                3.65                12.12               4815886.00          0                   0.33                0                   0                   357946.00           22.613793           120.355436          T 
237                             1                   0.000140            16                  4.39                3.65                12.12               4815886.00          0                   0.015               0                   0                   16318.00            22.588556           120.526638          T 
276                             1                   0.000140            16                  4.39                3.65                12.12               4815886.00          1                   0.15                6.67                6.96                164572.00           22.623594           120.320910          T 
269                             1                   0.000140            16                  4.39                3.65                12.12               4815886.00          0                   0.021               0                   0                   22912.00            22.624246           120.284233          T 
275                             1                   0.000140            16                  4.39                3.65                12.12               4815886.00          0                   0.024               0                   0                   26416.00            22.626991           120.294422          T 
274                             1                   0.000140            16                  4.39                3.65                12.12               4815886.00          0                   0.045               0                   0                   49383.00            22.629929           120.306734          T 
225                             1                   0.000140            16                  4.39                3.65                12.12               4815886.00          0                   0.0045              0                   0                   4930.00             22.403998           120.697580          T 
273                             1                   0.000140            16                  4.39                3.65                12.12               4815886.00          0                   0.30                0                   0                   333038.00           22.649899           120.317919          T 
251                             1                   0.000140            16                  4.39                3.65                12.12               4815886.00          1                   0.040               24.74               25.92               44393.00            22.662493           120.372778          T 
239                             1                   0.000140            16                  4.39                3.65                12.12               4815886.00          1                   0.018               55.14               57.85               19915.00            22.582335           120.601817          T 
270                             1                   0.000140            16                  4.39                3.65                12.12               4815886.00          0                   0.13                0                   0                   140410.00           22.650195           120.274163          T 
217                             1                   0.000140            16                  4.39                3.65                12.12               4815886.00          0                   0.0067              0                   0                   7397.00             22.501572           120.685723          T 
220                             1                   0.000140            16                  4.39                3.65                12.12               4815886.00          0                   0.18                0                   0                   195862.00           22.664738           120.479995          T 
246                             1                   0.000140            16                  4.39                3.65                12.12               4815886.00          0                   0.0097              0                   0                   10629.00            22.648764           120.529969          T 
234                             1                   0.000140            16                  4.39                3.65                12.12               4815886.00          0                   0.0045              0                   0                   4888.00             22.260849           120.735645          T 
271                             1                   0.000140            16                  4.39                3.65                12.12               4815886.00          2                   0.18                11.19               12.26               196314.00           22.683957           120.295159          T 
249                             1                   0.000140            16                  4.39                3.65                12.12               4815886.00          0                   0.031               0                   0                   34050.00            22.701208           120.360526          T 
218                             1                   0.000140            16                  4.39                3.65                12.12               4815886.00          0                   0.048               0                   0                   52544.00            22.651169           120.588822          T 
248                             1                   0.000140            16                  4.39                3.65                12.12               4815886.00          0                   0.038               0                   0                   41257.00            22.711004           120.425407          T 
272                             1                   0.000140            16                  4.39                3.65                12.12               4815886.00          0                   0.17                0                   0                   190149.00           22.721100           120.300758          T 
242                             1                   0.000140            16                  4.39                3.65                12.12               4815886.00          0                   0.027               0                   0                   29337.00            22.694550           120.555979          T 
230                             1                   0.000140            16                  4.39                3.65                12.12               4815886.00          0                   0.0049              0                   0                   5360.00             22.604085           120.691793          T 
250                             1                   0.000140            16                  4.39                3.65                12.12               4815886.00          0                   0.085               0                   0                   93581.00            22.739835           120.370799          T 
215                             1                   0.000140            16                  4.39                3.65                12.12               4815886.00          0                   0.020               0                   0                   21734.00            22.731668           120.484504          T 
252                             1                   0.000140            16                  4.39                3.65                12.12               4815886.00          0                   0.037               0                   0                   40094.00            22.752524           120.300653          T 
261                             1                   0.000140            16                  4.39                3.65                12.12               4815886.00          0                   0.032               0                   0                   35117.00            22.748209           120.259399          T 
119                             1                   0.000140            16                  4.39                3.65                12.12               4815886.00          0                   0.0031              0                   0                   3437.00             22.384307           120.835524          T 
240                             1                   0.000140            16                  4.39                3.65                12.12               4815886.00          1                   0.0075              134.22              140.89              8181.00             22.079156           120.743263          T 
236                             1                   0.000140            16                  4.39                3.65                12.12               4815886.00          0                   0.0067              0                   0                   7353.00             22.671078           120.679924          T 
245                             1                   0.000140            16                  4.39                3.65                12.12               4815886.00          0                   0.022               0                   0                   24586.00            22.742536           120.569394          T 
253                             1                   0.000140            16                  4.39                3.65                12.12               4815886.00          0                   0.027               0                   0                   29244.00            22.787696           120.370799          T 
233                             1                   0.000140            16                  4.39                3.65                12.12               4815886.00          0                   0.0044              0                   0                   4849.00             22.155529           120.817361          T 
260                             1                   0.000140            16                  4.39                3.65                12.12               4815886.00          1                   0.017               58.95               61.85               18627.00            22.779445           120.239457          T 
281                             1                   0.000140            16                  4.39                3.65                12.12               4815886.00          0                   0.087               0                   0                   95922.00            22.805059           120.297891          T 
241                             1                   0.000140            16                  4.39                3.65                12.12               4815886.00          0                   0.023               0                   0                   25696.00            22.798548           120.506128          T 
110                             1                   0.000140            16                  4.39                3.65                12.12               4815886.00          0                   0.0051              0                   0                   5635.00             22.383595           120.899170          T 
259                             1                   0.000140            16                  4.39                3.65                12.12               4815886.00          0                   0.012               0                   0                   13618.00            22.822246           120.228051          T 
222                             1                   0.000140            16                  4.39                3.65                12.12               4815886.00          1                   0.027               36.49               38.27               30089.00            21.985316           120.763254          T 
120                             1                   0.000140            16                  4.39                3.65                12.12               4815886.00          0                   0.0033              0                   0                   3663.00             22.581617           120.857038          T 
244                             1                   0.000140            16                  4.39                3.65                12.12               4815886.00          0                   0.021               0                   0                   23439.00            22.809920           120.601768          T 
254                             1                   0.000140            16                  4.39                3.65                12.12               4815886.00          0                   0.0062              0                   0                   6788.00             22.863943           120.395984          T 
231                             1                   0.000140            16                  4.39                3.65                12.12               4815886.00          0                   0.0067              0                   0                   7353.00             22.049300           120.843568          T 
256                             1                   0.000140            16                  4.39                3.65                12.12               4815886.00          0                   0.047               0                   0                   51217.00            22.857242           120.265987          T 
255                             1                   0.000140            16                  4.39                3.65                12.12               4815886.00          0                   0.026               0                   0                   28011.00            22.870229           120.321097          T 
282                             1                   0.000140            16                  4.39                3.65                12.12               4815886.00          0                   0.032               0                   0                   35162.00            22.864970           120.475455          T 
214                             1                   0.000140            16                  4.39                3.65                12.12               4815886.00          0                   0.0070              0                   0                   7711.00             22.797868           120.686522          T 
258                             1                   0.000140            16                  4.39                3.65                12.12               4815886.00          1                   0.027               36.83               38.63               29812.00            22.882414           120.198052          T 
257                             1                   0.000140            16                  4.39                3.65                12.12               4815886.00          0                   0.027               0                   0                   29648.00            22.893250           120.225937          T 
243                             1                   0.000140            16                  4.39                3.65                12.12               4815886.00          0                   0.0030              0                   0                   3259.00             22.759905           120.800810          T 
283                             1                   0.000140            16                  4.39                3.65                12.12               4815886.00          0                   0.035               0                   0                   37949.00            22.900055           120.563463          T 
165                             1                   0.000140            16                  4.39                3.65                12.12               4815886.00          0                   0.062               0                   0                   68001.00            22.946795           120.293063          T 
140                             1                   0.000140            16                  4.39                3.65                12.12               4815886.00          0                   0.070               0                   0                   76497.00            22.941309           120.241879          T 
173                             1                   0.000140            16                  4.39                3.65                12.12               4815886.00          0                   0.0033              0                   0                   3668.00             22.954823           120.386937          T 
111                             1                   0.000140            16                  4.39                3.65                12.12               4815886.00          0                   0.0099              0                   0                   10819.00            22.590981           120.979764          T 
170                             1                   0.000140            16                  4.39                3.65                12.12               4815886.00          0                   0.031               0                   0                   33860.00            22.955779           120.334282          T 
265                             1                   0.000140            16                  4.39                3.65                12.12               4815886.00          0                   0.013               0                   0                   13770.00            22.956688           120.471927          T 
146                             1                   0.000140            16                  4.39                3.65                12.12               4815886.00          0                   0.11                0                   0                   122345.00           22.955619           120.190374          T 
161                             1                   0.000140            16                  4.39                3.65                12.12               4815886.00          0                   0.17                0                   0                   182489.00           22.981782           120.228186          T 
139                             1                   0.000140            16                  4.39                3.65                12.12               4815886.00          0                   0.071               0                   0                   77704.00            22.995945           120.192874          T 
152                             1                   0.000140            16                  4.39                3.65                12.12               4815886.00          0                   0.061               0                   0                   67446.00            22.990084           120.164995          T 
266                             1                   0.000140            16                  4.39                3.65                12.12               4815886.00          0                   0.0017              0                   0                   1874.00             22.919933           120.752384          T 
264                             1                   0.000140            16                  4.39                3.65                12.12               4815886.00          0                   0.010               0                   0                   11288.00            22.996947           120.562197          T 
143                             1                   0.000140            16                  4.39                3.65                12.12               4815886.00          1                   0.12                8.58                8.96                127913.00           23.010122           120.206873          T 
156                             1                   0.000140            16                  4.39                3.65                12.12               4815886.00          0                   0.0040              0                   0                   4428.00             23.026046           120.412392          T 
158                             1                   0.000140            16                  4.39                3.65                12.12               4815886.00          0                   0.039               0                   0                   42809.00            23.033945           120.335796          T 
166                             1                   0.000140            16                  4.39                3.65                12.12               4815886.00          1                   0.21                4.68                4.86                234624.00           23.027295           120.254279          T 
108                             1                   0.000140            16                  4.39                3.65                12.12               4815886.00          0                   0.015               0                   0                   16833.00            22.764945           121.001552          T 
262                             1                   0.000140            16                  4.39                3.65                12.12               4815886.00          0                   0.011               0                   0                   12135.00            23.011954           120.658563          T 
150                             1                   0.000140            16                  4.39                3.65                12.12               4815886.00          1                   0.18                5.57                5.80                197061.00           23.048697           120.152619          T 
