3.451771            
5.470766            
3.872022            
3.516197            
4.590148            
9.980552            
3.206109            
3.775681            
6.081739            
3.256900            
6.059099            
6.068398            
4.345399            
5.931796            
3.003246            
4.811869            
4.273218            
5.829363            
4.996834            
5.075254            
5.315034            
4.246148            
5.733496            
4.924953            
7.038408            
3.058727            
7.343872            
4.139279            
5.056925            
6.326959            
2.776256            
6.999680            
3.527781            
4.962436            
4.128941            
5.701103            
4.385481            
5.740855            
5.885882            
5.956035            
4.155316            
6.860062            
4.376792            
3.296949            
4.552034            
7.560505            
3.890342            
3.585511            
5.867586            
3.894523            
6.220176            
4.851988            
3.125734            
7.080713            
7.561215            
4.373088            
4.049728            
6.220397            
4.222116            
4.993309            
3.967307            
2.805565            
4.155322            
5.091649            
6.260860            
3.667834            
4.144511            
3.117972            
5.399187            
6.753998            
4.460670            
4.374895            
4.614367            
5.070623            
2.557968            
4.410105            
7.195764            
4.745809            
5.442889            
6.773950            
5.071468            
3.628921            
5.375694            
3.043905            
9.201093            
6.380002            
3.917049            
8.923273            
5.159966            
5.068325            
5.588610            
4.833802            
3.524394            
7.217524            
3.598542            
4.284981            
3.838673            
5.920108            
5.828148            
4.018487            
5.525619            
3.690331            
4.354172            
3.956780            
8.148933            
5.380432            
3.442009            
5.222241            
4.942224            
2.781362            
6.403610            
2.813732            
2.711342            
3.582047            
5.454191            
9.718921            
4.587359            
4.097591            
6.583686            
3.612973            
3.848668            
3.301781            
3.187164            
5.304590            
3.546646            
3.177866            
5.769121            
5.198326            
3.873833            
3.867706            
6.267184            
3.179273            
2.976647            
4.914890            
4.679156            
3.858964            
2.842033            
4.182871            
5.259393            
4.935339            
6.116259            
3.869627            
2.384100            
8.735806            
6.137967            
6.226326            
5.285008            
4.902750            
4.460670            
3.005362            
4.107226            
4.682052            
4.262698            
4.399750            
8.558690            
4.653313            
4.231071            
4.663499            
2.888428            
2.375828            
5.422382            
3.714266            
4.220315            
7.301758            
3.016664            
4.783565            
5.071696            
4.354461            
3.396236            
4.188647            
5.051862            
9.289350            
7.633040            
3.667834            
3.878094            
5.225965            
3.726447            
7.347517            
4.738094            
3.271572            
2.743844            
4.062227            
3.775031            
5.987575            
3.935262            
3.901200            
6.681702            
5.243604            
4.250473            
3.923424            
3.115786            
5.919091            
5.977843            
4.168128            
3.286574            
4.501998            
6.897167            
3.107608            
3.056770            
5.379200            
6.943302            
3.421318            
5.749231            
6.603636            
3.307162            
8.142833            
6.281573            
6.523046            
2.862078            
5.405346            
3.581561            
3.419244            
4.317034            
4.306006            
6.832001            
4.688004            
4.705928            
5.379302            
5.377593            
5.800319            
6.207990            
5.482631            
6.446278            
4.855140            
5.092886            
4.672970            
4.445601            
5.593151            
5.244464            
9.957258            
5.197161            
5.644494            
4.403662            
4.417251            
5.034937            
3.555640            
5.439570            
4.744757            
6.939597            
2.227261            
2.824359            
5.321353            
6.240373            
6.156055            
3.546979            
10.066400           
6.419991            
5.440809            
7.976073            
4.552115            
3.834568            
4.619287            
3.768325            
8.305095            
5.962018            
5.731417            
3.621676            
3.795046            
3.481759            
4.144764            
7.396268            
7.294612            
3.283741            
3.558813            
7.036906            
6.136545            
3.957611            
2.994555            
5.721659            
3.151004            
3.345568            
5.367996            
4.256534            
4.962640            
11.242401           
6.900513            
3.689383            
7.785305            
5.923633            
5.215241            
3.404021            
4.563278            
5.652972            
5.590339            
7.909521            
3.285472            
3.329722            
6.696485            
5.720787            
4.917970            
3.723507            
5.775073            
5.836331            
4.411216            
4.720444            
5.582228            
4.133678            
3.576477            
6.895218            
2.991799            
4.897359            
6.558636            
7.469269            
5.739494            
6.066043            
5.468612            
10.153806           
4.447531            
3.294503            
4.536539            
4.862329            
4.875987            
6.113481            
6.104015            
7.452023            
4.593700            
4.855140            
6.220397            
4.768821            
4.145854            
4.256773            
4.964609            
6.726428            
3.739728            
3.741333            
5.904833            
4.931406            
7.035578            
4.707466            
3.424748            
6.667774            
5.146041            
4.642080            
6.489318            
2.868660            
5.828498            
5.030302            
3.134238            
2.532748            
3.505905            
4.559835            
6.211001            
6.704597            
4.872029            
6.545046            
4.910611            
2.498891            
5.827563            
5.011298            
3.939655            
6.208143            
5.642246            
4.795580            
6.463126            
2.643220            
3.063899            
5.056292            
3.842783            
4.048957            
4.945114            
7.717794            
5.615016            
5.139293            
3.433232            
7.047966            
4.507627            
4.079609            
3.753836            
6.064584            
3.619536            
3.352965            
2.966884            
2.860553            
3.398211            
4.471264            
3.823493            
4.798979            
4.009859            
7.686362            
4.719904            
6.583756            
3.992488            
4.099677            
3.942488            
2.947493            
2.154090            
7.197765            
4.855663            
3.508885            
3.826534            
5.394738            
4.079609            
6.380772            
3.817506            
5.847605            
5.652972            
3.315838            
4.822476            
4.853346            
4.760739            
3.662297            
4.845052            
4.908317            
3.298508            
8.372750            
8.944811            
3.992488            
7.518735            
5.931796            
5.937805            
3.396236            
5.888984            
3.856919            
3.581421            
3.857801            
4.587652            
5.878491            
4.863625            
4.938797            
4.348632            
3.517360            
4.056968            
7.589863            
5.687420            
5.050462            
5.114598            
5.593151            
3.806178            
9.563855            
4.488072            
3.751849            
2.966545            
3.665185            
6.402022            
3.831141            
5.049212            
3.845614            
4.494280            
5.382105            
9.023862            
4.701475            
5.541661            
4.405108            
5.761310            
2.750757            
6.350984            
3.776092            
2.743434            
4.179591            
6.262600            
4.074227            
4.297423            
4.418845            
3.271572            
3.326395            
3.069256            
7.814364            
3.987953            
8.056663            
5.457157            
3.659595            
5.417418            
3.862194            
5.791530            
4.199494            
3.002608            
6.036996            
5.394564            
5.099332            
3.790633            
4.307534            
6.378996            
5.196981            
3.948427            
3.946786            
8.235574            
6.868853            
5.899276            
8.154212            
5.624377            
4.791270            
3.345568            
2.703983            
5.244090            
4.737025            
3.739092            
2.243118            
5.949637            
3.907504            
11.112167           
5.595587            
3.416744            
3.202007            
5.008211            
7.564769            
5.030269            
4.680470            
4.176950            
6.963877            
4.633063            
3.723927            
4.921957            
5.384621            
3.954524            
4.552115            
4.707466            
4.427850            
3.271572            
4.934332            
5.746751            
3.059307            
11.025316           
4.518904            
9.418300            
5.309500            
5.275272            
6.133850            
4.995274            
7.546917            
3.599208            
6.011053            
4.379539            
6.285785            
6.156865            
4.128042            
4.875214            
9.457002            
5.715796            
5.197161            
3.439310            
4.822476            
6.030822            
7.265414            
8.871429            
3.860781            
5.886669            
4.855140            
2.964461            
5.765861            
3.475650            
3.284003            
3.951611            
4.951379            
4.547206            
6.402313            
4.417251            
4.080100            
5.123702            
4.581681            
6.141540            
3.815875            
4.521739            
6.659589            
4.048363            
2.621639            
4.806233            
2.549340            
6.109995            
6.274632            
3.785767            
4.412401            
4.521005            
3.416744            
3.386797            
4.875532            
5.622039            
10.241711           
4.490251            
4.900990            
4.994695            
6.324083            
5.754435            
3.260170            
4.072436            
2.972379            
3.317755            
2.575461            
5.468189            
3.709502            
5.539719            
5.763481            
4.418845            
7.100259            
2.966490            
4.102123            
5.633272            
4.157334            
4.210521            
5.105911            
5.327799            
3.539245            
5.141093            
3.646661            
6.889230            
6.252621            
4.893844            
5.200616            
4.628711            
5.502183            
5.600334            
2.744513            
5.733909            
6.005103            
5.586441            
8.505840            
4.477060            
4.849795            
4.420771            
3.439310            
2.674027            
6.631126            
4.010436            
3.045327            
5.931440            
5.304568            
5.607397            
4.936030            
3.841499            
3.416744            
6.705452            
3.437128            
4.581681            
3.902147            
5.275272            
7.257988            
4.995274            
5.363934            
6.915472            
4.250473            
4.571518            
3.001948            
7.516844            
5.101093            
4.552115            
5.657460            
3.524365            
4.058745            
6.772334            
4.775860            
3.991012            
3.654529            
5.200616            
6.705224            
3.018238            
5.221969            
4.918711            
4.104840            
4.811842            
8.405979            
5.311357            
4.221636            
3.517360            
4.026901            
4.855140            
4.376792            
4.280615            
4.708253            
2.888428            
5.772463            
4.993260            
4.685229            
6.448979            
4.565495            
4.993260            
7.228192            
4.972906            
4.058094            
3.963268            
6.262600            
4.633623            
4.231013            
4.910408            
6.411637            
4.470090            
4.577126            
9.037625            
3.511886            
3.958209            
5.027929            
5.024796            
5.603603            
3.961921            
6.279852            
8.096157            
4.559846            
5.121575            
6.422830            
4.729820            
6.133407            
5.700387            
9.110224            
3.029243            
5.055070            
6.048040            
5.679102            
3.806367            
5.350064            
6.164079            
4.565495            
7.116680            
6.747806            
5.066716            
5.216503            
5.792276            
4.758858            
5.984532            
6.380772            
5.982326            
4.404464            
3.773464            
3.832643            
2.833489            
4.437144            
5.918828            
3.290043            
6.305951            
3.867098            
2.895374            
3.407926            
2.853514            
4.197933            
3.521948            
4.910419            
3.245868            
5.216452            
4.315587            
5.275272            
4.527517            
4.681737            
4.388599            
3.208022            
5.394564            
7.491260            
6.555704            
3.678163            
5.979591            
5.062614            
2.000928            
5.469533            
3.432669            
8.386002            
3.664844            
6.585958            
5.631479            
8.257684            
4.640700            
3.986542            
7.543426            
3.651238            
3.146008            
3.003968            
6.220970            
4.426615            
7.586312            
3.408031            
6.954144            
6.363913            
5.180688            
4.769614            
8.477372            
7.084806            
6.443544            
4.152317            
4.098227            
4.452262            
7.916268            
8.386002            
5.303702            
2.549666            
3.991413            
5.332662            
4.032004            
5.189740            
3.230881            
5.013682            
6.386243            
4.847020            
5.167174            
4.999481            
4.863625            
5.696620            
3.078231            
5.962464            
5.447140            
6.989908            
5.228199            
3.735590            
4.365662            
5.438673            
6.018214            
3.117972            
3.197724            
7.176391            
6.586582            
2.794688            
7.438061            
3.163833            
6.345486            
3.711077            
5.466937            
4.631342            
5.337540            
4.625160            
4.386901            
7.543820            
5.511908            
4.825131            
3.165911            
4.988582            
5.908045            
6.166489            
4.641117            
6.141061            
6.995961            
4.468525            
5.379200            
4.395130            
7.204530            
4.284782            
6.211001            
3.805003            
4.463021            
3.928113            
3.939612            
3.477112            
4.725925            
6.057228            
7.733955            
6.747433            
4.177999            
6.994425            
3.910947            
4.696373            
6.098709            
3.968853            
5.160858            
3.585511            
2.346473            
3.625267            
5.618207            
4.884398            
4.418251            
5.074364            
4.399750            
3.643771            
5.079096            
4.191571            
5.808632            
2.865295            
5.624377            
3.140077            
5.829042            
4.237976            
3.464742            
5.531076            
6.090109            
4.776382            
4.488176            
4.439485            
6.207990            
8.042795            
6.144978            
4.307669            
3.972174            
3.798830            
4.400690            
2.924339            
3.942488            
4.999155            
3.886720            
6.810748            
9.754132            
5.394738            
8.445726            
2.868660            
4.165546            
4.141878            
3.671027            
4.581562            
7.097520            
6.489318            
5.050034            
3.997671            
5.284111            
9.610586            
6.667774            
3.416744            
3.619536            
4.133678            
2.566770            
3.052599            
4.734076            
3.000422            
3.538600            
4.900990            
5.659620            
4.803199            
6.562644            
5.050170            
4.244295            
2.433664            
6.555704            
5.554640            
3.559106            
5.032188            
5.200002            
3.174085            
5.570444            
5.665412            
4.306006            
4.742246            
4.974496            
5.441461            
4.445811            
4.680637            
3.722567            
4.133296            
4.876611            
3.848151            
7.211116            
3.466444            
4.439485            
6.162321            
6.427276            
4.808089            
4.352323            
6.139273            
3.552180            
3.756954            
3.576963            
5.264134            
2.924339            
6.732259            
3.363182            
6.235692            
4.323097            
3.094604            
5.385179            
2.873797            
4.997227            
6.132040            
6.398942            
4.486964            
5.216452            
3.564867            
4.640560            
5.013682            
5.162092            
5.580332            
3.582047            
5.060237            
4.684790            
7.363725            
3.988743            
3.007666            
3.163833            
4.822476            
4.287085            
2.712293            
3.762110            
3.199810            
6.443928            
3.721339            
6.975988            
5.449106            
3.785998            
8.257171            
2.199005            
6.848151            
7.269918            
3.704434            
3.742526            
9.093750            
6.914059            
5.396768            
2.174584            
3.719198            
4.597330            
4.129819            
3.545538            
4.254924            
4.696256            
4.734824            
5.427497            
6.262600            
4.400806            
9.016402            
4.199494            
5.628159            
5.984193            
4.803236            
3.756270            
4.165546            
3.325490            
5.127877            
3.770285            
3.419244            
6.138868            
7.353700            
