1                               0                   4.44                0                   0                   
10                              0                   1.70                0                   0                   
100                             0                   0.21                0                   0                   
101                             0                   0.31                0                   0                   
102                             0                   0.60                0                   0                   
103                             0                   5.77                0                   0                   
104                             0                   0.32                0                   0                   
105                             0                   0.59                0                   0                   
106                             0                   0.23                0                   0                   
107                             0                   2.57                0                   0                   
108                             0                   0.48                0                   0                   
109                             2                   2.98                0.67                0.67                
11                              0                   0.35                0                   0                   
110                             0                   0.16                0                   0                   
111                             0                   0.31                0                   0                   
112                             0                   0.10                0                   0                   
113                             0                   0.38                0                   0                   
114                             0                   0.23                0                   0                   
115                             0                   0.23                0                   0                   
116                             0                   0.12                0                   0                   
117                             0                   0.13                0                   0                   
118                             0                   0.15                0                   0                   
119                             0                   0.099               0                   0                   
12                              0                   2.38                0                   0                   
120                             0                   0.11                0                   0                   
121                             0                   0.19                0                   0                   
122                             0                   0.23                0                   0                   
123                             0                   0.21                0                   0                   
124                             0                   0.34                0                   0                   
125                             0                   0.17                0                   0                   
126                             0                   2.40                0                   0                   
127                             1                   0.49                2.05                2.05                
128                             0                   0.28                0                   0                   
129                             0                   0.59                0                   0                   
13                              1                   6.23                0.16                0.16                
130                             0                   0.64                0                   0                   
131                             0                   0.31                0                   0                   
132                             1                   0.50                2.01                2.02                
133                             0                   2.86                0                   0                   
134                             0                   0.18                0                   0                   
135                             0                   0.12                0                   0                   
136                             0                   0.30                0                   0                   
137                             1                   0.61                1.63                1.63                
138                             2                   0.65                3.09                3.10                
139                             3                   2.25                1.33                1.33                
14                              0                   2.80                0                   0                   
140                             16                  2.23                7.17                7.32                
141                             0                   1.68                0                   0                   
142                             2                   0.61                3.27                3.28                
143                             1                   3.65                0.27                0.27                
144                             0                   0.29                0                   0                   
145                             0                   0.23                0                   0                   
146                             35                  3.50                10.01               10.51               
147                             0                   1.51                0                   0                   
148                             0                   0.25                0                   0                   
149                             0                   0.71                0                   0                   
15                              0                   0.59                0                   0                   
150                             5                   5.82                0.86                0.86                
151                             0                   0.86                0                   0                   
152                             1                   1.99                0.50                0.50                
153                             0                   0.60                0                   0                   
154                             0                   0.53                0                   0                   
155                             2                   0.20                9.88                9.90                
156                             0                   0.12                0                   0                   
157                             0                   0.62                0                   0                   
158                             1                   1.23                0.81                0.81                
159                             1                   1.09                0.92                0.92                
16                              1                   0.77                1.29                1.29                
160                             0                   2.16                0                   0                   
161                             2                   5.25                0.38                0.38                
162                             0                   0.55                0                   0                   
163                             0                   0.59                0                   0                   
164                             0                   0.25                0                   0                   
165                             1                   1.98                0.50                0.50                
166                             10                  6.78                1.47                1.48                
167                             2                   0.38                5.31                5.33                
168                             2                   0.75                2.68                2.69                
169                             2                   0.72                2.77                2.78                
17                              3                   12.44               0.24                0.24                
170                             0                   0.96                0                   0                   
171                             0                   0.70                0                   0                   
172                             0                   1.24                0                   0                   
173                             0                   0.10                0                   0                   
174                             4                   3.40                1.17                1.18                
175                             2                   4.20                0.48                0.47                
176                             0                   1.23                0                   0                   
177                             0                   0.60                0                   0                   
178                             0                   0.13                0                   0                   
179                             0                   0.86                0                   0                   
18                              2                   6.16                0.32                0.32                
180                             0                   1.13                0                   0                   
181                             1                   0.71                1.41                1.41                
182                             0                   0.87                0                   0                   
183                             0                   1.17                0                   0                   
184                             0                   0.66                0                   0                   
185                             0                   0.51                0                   0                   
186                             3                   2.03                1.48                1.48                
187                             1                   1.38                0.73                0.73                
188                             0                   0.38                0                   0                   
189                             0                   0.31                0                   0                   
19                              0                   2.50                0                   0                   
190                             0                   0.96                0                   0                   
191                             2                   0.48                4.17                4.18                
192                             0                   0.15                0                   0                   
193                             0                   0.41                0                   0                   
194                             0                   0.72                0                   0                   
195                             0                   0.67                0                   0                   
196                             0                   1.08                0                   0                   
197                             1                   0.72                1.39                1.39                
198                             0                   0.86                0                   0                   
199                             1                   0.63                1.59                1.60                
2                               0                   6.46                0                   0                   
20                              0                   2.73                0                   0                   
200                             0                   0.61                0                   0                   
201                             1                   0.79                1.26                1.26                
202                             0                   0.52                0                   0                   
203                             0                   0.66                0                   0                   
204                             0                   3.12                0                   0                   
205                             1                   1.25                0.80                0.80                
206                             0                   0.39                0                   0                   
207                             0                   0.48                0                   0                   
208                             0                   0.66                0                   0                   
209                             1                   0.79                1.27                1.27                
21                              0                   6.63                0                   0                   
210                             0                   2.03                0                   0                   
211                             0                   0.34                0                   0                   
212                             0                   1.28                0                   0                   
213                             0                   1.43                0                   0                   
214                             2                   0.22                8.95                8.98                
215                             1                   0.62                1.60                1.60                
216                             1                   0.52                1.94                1.94                
217                             0                   0.21                0                   0                   
218                             0                   1.51                0                   0                   
219                             0                   0.29                0                   0                   
22                              0                   0.38                0                   0                   
220                             6                   5.59                1.07                1.07                
221                             1                   0.44                2.27                2.28                
222                             23                  0.86                26.79               27.72               
223                             2                   0.94                2.12                2.12                
224                             1                   0.27                3.71                3.71                
225                             1                   0.14                7.11                7.12                
226                             2                   1.33                1.51                1.51                
227                             4                   0.66                6.09                6.12                
228                             1                   0.14                6.91                6.92                
229                             2                   0.47                4.21                4.22                
23                              0                   1.42                0                   0                   
230                             1                   0.15                6.55                6.56                
231                             0                   0.21                0                   0                   
232                             3                   1.54                1.95                1.95                
233                             0                   0.14                0                   0                   
234                             2                   0.14                14.51               14.55               
235                             0                   0.35                0                   0                   
236                             2                   0.21                9.58                9.61                
237                             1                   0.46                2.19                2.19                
238                             1                   1.42                0.70                0.70                
239                             1                   0.56                1.80                1.80                
24                              0                   13.58               0                   0                   
240                             14                  0.23                60.43               61.70               
241                             2                   0.74                2.71                2.71                
242                             2                   0.84                2.37                2.38                
243                             0                   0.094               0                   0                   
244                             0                   0.66                0                   0                   
245                             1                   0.69                1.45                1.45                
246                             0                   0.30                0                   0                   
247                             4                   3.23                1.24                1.24                
248                             10                  1.17                8.57                8.69                
249                             10                  0.97                10.27               10.42               
25                              3                   5.19                0.58                0.58                
250                             5                   2.81                1.78                1.79                
251                             9                   1.28                7.03                7.11                
252                             9                   1.20                7.48                7.57                
253                             4                   0.83                4.82                4.84                
254                             1                   0.19                5.31                5.31                
255                             2                   0.79                2.53                2.53                
256                             7                   1.45                4.82                4.86                
257                             4                   0.85                4.70                4.72                
258                             43                  0.84                50.96               54.40               
259                             1                   0.40                2.50                2.50                
26                              0                   4.88                0                   0                   
260                             4                   0.53                7.59                7.63                
261                             19                  1.00                18.91               19.44               
262                             1                   0.34                2.96                2.96                
263                             3                   0.16                18.76               18.84               
264                             2                   0.32                6.33                6.34                
265                             0                   0.38                0                   0                   
266                             0                   0.055               0                   0                   
267                             0                   0.12                0                   0                   
268                             0                   0.091               0                   0                   
269                             1                   0.65                1.54                1.54                
27                              0                   2.15                0                   0                   
270                             9                   4.06                2.22                2.23                
271                             58                  5.69                10.19               11.06               
272                             60                  5.57                10.77               11.73               
273                             18                  9.58                1.88                1.90                
274                             1                   1.43                0.70                0.70                
275                             2                   0.78                2.56                2.56                
276                             13                  4.73                2.75                2.78                
277 et al                       24                  5.95                4.04                4.15                
279                             5                   4.47                1.12                1.12                
28                              1                   3.65                0.27                0.27                
280                             29                  10.29               2.82                2.90                
281                             7                   2.76                2.54                2.55                
282                             0                   0.99                0                   0                   
283                             2                   1.07                1.87                1.88                
284                             13                  1.97                6.60                6.72                
285                             0                   0.37                0                   0                   
286                             0                   0.38                0                   0                   
287                             1                   0.39                2.55                2.55                
288                             1                   2.53                0.40                0.39                
289                             0                   0.97                0                   0                   
29                              0                   5.14                0                   0                   
290                             0                   0.46                0                   0                   
291                             1                   2.03                0.49                0.49                
292                             1                   0.43                2.34                2.34                
293                             0                   1.37                0                   0                   
294                             3                   2.54                1.18                1.18                
295                             1                   0.27                3.68                3.68                
296                             0                   0.40                0                   0                   
297                             0                   0.45                0                   0                   
298                             0                   0.51                0                   0                   
299                             1                   4.16                0.24                0.24                
3                               1                   2.28                0.44                0.44                
30                              0                   0.17                0                   0                   
300                             2                   8.78                0.23                0.23                
301                             4                   3.66                1.09                1.09                
302                             5                   5.26                0.95                0.95                
303                             0                   1.55                0                   0                   
304                             1                   0.31                3.21                3.21                
305                             0                   0.90                0                   0                   
306                             0                   0.52                0                   0                   
307                             0                   2.16                0                   0                   
308                             3                   1.61                1.86                1.86                
309                             6                   6.13                0.98                0.98                
31                              0                   0.43                0                   0                   
310                             2                   2.76                0.72                0.72                
311                             6                   5.72                1.05                1.05                
312                             0                   0.67                0                   0                   
313                             1                   1.37                0.73                0.73                
314                             1                   2.22                0.45                0.45                
315                             0                   1.76                0                   0                   
316                             1                   2.85                0.35                0.35                
317                             1                   2.59                0.39                0.38                
318                             0                   3.14                0                   0                   
319                             6                   2.31                2.59                2.61                
32                              0                   0.90                0                   0                   
320                             0                   0.41                0                   0                   
321                             1                   1.86                0.54                0.54                
322                             4                   3.28                1.22                1.22                
323                             2                   6.79                0.29                0.29                
324                             1                   4.73                0.21                0.21                
325                             1                   1.84                0.54                0.54                
326                             3                   2.26                1.33                1.33                
327                             0                   1.38                0                   0                   
328                             0                   0.40                0                   0                   
329                             0                   1.11                0                   0                   
33                              0                   0.44                0                   0                   
330                             0                   0.96                0                   0                   
331                             0                   2.54                0                   0                   
332                             1                   3.55                0.28                0.28                
333                             0                   0.97                0                   0                   
334                             0                   0.90                0                   0                   
335                             1                   0.84                1.20                1.20                
336                             0                   0.43                0                   0                   
337                             0                   1.16                0                   0                   
338                             3                   6.52                0.46                0.46                
339                             0                   1.01                0                   0                   
34                              0                   0.26                0                   0                   
340                             1                   0.82                1.23                1.23                
341                             0                   1.56                0                   0                   
342                             0                   1.14                0                   0                   
343                             0                   0.75                0                   0                   
344                             1                   1.20                0.84                0.84                
345                             0                   1.30                0                   0                   
346                             0                   1.10                0                   0                   
347                             0                   0.41                0                   0                   
348                             0                   0.47                0                   0                   
349                             0                   0.64                0                   0                   
35                              0                   0.37                0                   0                   
350                             0                   1.27                0                   0                   
351                             0                   0.90                0                   0                   
352                             0                   2.44                0                   0                   
36                              0                   0.98                0                   0                   
37                              0                   0.16                0                   0                   
38                              0                   0.12                0                   0                   
39                              0                   2.59                0                   0                   
4                               0                   0.13                0                   0                   
40                              1                   1.26                0.79                0.79                
41                              0                   2.49                0                   0                   
42                              0                   0.18                0                   0                   
43                              0                   0.90                0                   0                   
44                              1                   0.33                2.99                2.99                
45                              0                   0.48                0                   0                   
46                              0                   3.07                0                   0                   
47                              0                   0.28                0                   0                   
48                              0                   6.24                0                   0                   
49                              1                   4.33                0.23                0.23                
5                               0                   0.25                0                   0                   
50                              0                   5.97                0                   0                   
51                              1                   7.97                0.13                0.12                
52                              0                   7.00                0                   0                   
53                              0                   3.29                0                   0                   
54                              0                   7.70                0                   0                   
55                              0                   3.46                0                   0                   
56                              0                   8.42                0                   0                   
57                              1                   7.51                0.13                0.13                
58                              0                   5.58                0                   0                   
59                              0                   5.01                0                   0                   
6                               0                   0.42                0                   0                   
60                              1                   1.52                0.66                0.66                
61                              1                   1.31                0.76                0.76                
62                              0                   1.46                0                   0                   
63                              0                   1.19                0                   0                   
64                              0                   1.54                0                   0                   
65                              0                   2.32                0                   0                   
66                              0                   1.11                0                   0                   
67                              0                   0.61                0                   0                   
68                              0                   1.18                0                   0                   
69                              0                   1.54                0                   0                   
7                               0                   0.28                0                   0                   
70                              0                   0.18                0                   0                   
71                              0                   0.93                0                   0                   
72                              1                   0.70                1.42                1.42                
73                              0                   0.17                0                   0                   
74                              0                   2.74                0                   0                   
75                              0                   1.01                0                   0                   
76                              0                   2.02                0                   0                   
77                              0                   1.08                0                   0                   
78                              0                   0.82                0                   0                   
79                              1                   3.34                0.30                0.30                
8                               0                   0.15                0                   0                   
80                              0                   0.64                0                   0                   
81                              1                   11.05               0.090               0.089               
82                              1                   11.75               0.085               0.084               
83                              1                   2.68                0.37                0.37                
84                              0                   1.21                0                   0                   
85                              0                   6.95                0                   0                   
86                              0                   0.19                0                   0                   
87                              0                   0.12                0                   0                   
88                              1                   8.80                0.11                0.11                
89                              1                   12.22               0.082               0.080               
9                               0                   0.96                0                   0                   
90                              3                   15.99               0.19                0.18                
91                              0                   3.84                0                   0                   
92                              0                   5.21                0                   0                   
93                              2                   6.20                0.32                0.32                
94                              1                   6.04                0.17                0.16                
95                              0                   2.24                0                   0                   
96                              0                   5.61                0                   0                   
97                              0                   0.68                0                   0                   
98                              0                   0.18                0                   0                   
99                              0                   1.07                0                   0                   
