108                             1                   0.00000000000000544 37                  9.59                3.86                18.96               4963679.00          0                   0.035               0                   0                   18324.00            22.764945           121.001552          T 
109                             1                   0.00000000000000544 37                  9.59                3.86                18.96               4963679.00          0                   0.21                0                   0                   109839.00           22.751657           121.110365          T 
112                             1                   0.00000000000000544 37                  9.59                3.86                18.96               4963679.00          0                   0.0069              0                   0                   3566.00             22.903432           120.983190          T 
111                             1                   0.00000000000000544 37                  9.59                3.86                18.96               4963679.00          0                   0.023               0                   0                   12136.00            22.590981           120.979764          T 
243                             1                   0.00000000000000544 37                  9.59                3.86                18.96               4963679.00          0                   0.0052              0                   0                   2684.00             22.759905           120.800810          T 
120                             1                   0.00000000000000544 37                  9.59                3.86                18.96               4963679.00          0                   0.0064              0                   0                   3329.00             22.581617           120.857038          T 
123                             1                   0.00000000000000544 37                  9.59                3.86                18.96               4963679.00          0                   0.017               0                   0                   8747.00             22.951257           121.156038          T 
266                             1                   0.00000000000000544 37                  9.59                3.86                18.96               4963679.00          0                   0.0034              0                   0                   1776.00             22.919933           120.752384          T 
214                             1                   0.00000000000000544 37                  9.59                3.86                18.96               4963679.00          0                   0.014               0                   0                   7306.00             22.797868           120.686522          T 
236                             1                   0.00000000000000544 37                  9.59                3.86                18.96               4963679.00          0                   0.017               0                   0                   8541.00             22.671078           120.679924          T 
114                             1                   0.00000000000000544 37                  9.59                3.86                18.96               4963679.00          0                   0.018               0                   0                   9532.00             22.980069           121.251792          T 
122                             1                   0.00000000000000544 37                  9.59                3.86                18.96               4963679.00          0                   0.019               0                   0                   9880.00             23.037807           121.176620          T 
230                             1                   0.00000000000000544 37                  9.59                3.86                18.96               4963679.00          0                   0.0095              0                   0                   4919.00             22.604085           120.691793          T 
116                             1                   0.00000000000000544 37                  9.59                3.86                18.96               4963679.00          0                   0.0088              0                   0                   4537.00             23.114785           121.017567          T 
244                             1                   0.00000000000000544 37                  9.59                3.86                18.96               4963679.00          0                   0.053               0                   0                   27325.00            22.809920           120.601768          T 
115                             1                   0.00000000000000544 37                  9.59                3.86                18.96               4963679.00          0                   0.018               0                   0                   9366.00             23.092487           121.218450          T 
217                             1                   0.00000000000000544 37                  9.59                3.86                18.96               4963679.00          0                   0.015               0                   0                   7694.00             22.501572           120.685723          T 
110                             1                   0.00000000000000544 37                  9.59                3.86                18.96               4963679.00          0                   0.013               0                   0                   6890.00             22.383595           120.899170          T 
218                             1                   0.00000000000000544 37                  9.59                3.86                18.96               4963679.00          0                   0.11                0                   0                   59105.00            22.651169           120.588822          T 
245                             1                   0.00000000000000544 37                  9.59                3.86                18.96               4963679.00          0                   0.053               0                   0                   27576.00            22.742536           120.569394          T 
262                             1                   0.00000000000000544 37                  9.59                3.86                18.96               4963679.00          1                   0.030               33.48               34.24               15455.00            23.011954           120.658563          T 
119                             1                   0.00000000000000544 37                  9.59                3.86                18.96               4963679.00          0                   0.0072              0                   0                   3722.00             22.384307           120.835524          T 
239                             1                   0.00000000000000544 37                  9.59                3.86                18.96               4963679.00          0                   0.043               0                   0                   22457.00            22.582335           120.601817          T 
242                             1                   0.00000000000000544 37                  9.59                3.86                18.96               4963679.00          0                   0.060               0                   0                   30994.00            22.694550           120.555979          T 
283                             1                   0.00000000000000544 37                  9.59                3.86                18.96               4963679.00          0                   0.084               0                   0                   43710.00            22.900055           120.563463          T 
246                             1                   0.00000000000000544 37                  9.59                3.86                18.96               4963679.00          0                   0.022               0                   0                   11619.00            22.648764           120.529969          T 
225                             1                   0.00000000000000544 37                  9.59                3.86                18.96               4963679.00          0                   0.0095              0                   0                   4927.00             22.403998           120.697580          T 
241                             1                   0.00000000000000544 37                  9.59                3.86                18.96               4963679.00          0                   0.051               0                   0                   26317.00            22.798548           120.506128          T 
117                             1                   0.00000000000000544 37                  9.59                3.86                18.96               4963679.00          0                   0.0061              0                   0                   3156.00             22.660175           121.490195          T 
264                             1                   0.00000000000000544 37                  9.59                3.86                18.96               4963679.00          1                   0.022               46.26               47.31               11186.00            22.996947           120.562197          T 
232                             1                   0.00000000000000544 37                  9.59                3.86                18.96               4963679.00          0                   0.11                0                   0                   56781.00            22.536429           120.556806          T 
237                             1                   0.00000000000000544 37                  9.59                3.86                18.96               4963679.00          0                   0.036               0                   0                   18487.00            22.588556           120.526638          T 
224                             1                   0.00000000000000544 37                  9.59                3.86                18.96               4963679.00          0                   0.021               0                   0                   10904.00            22.486763           120.584626          T 
215                             1                   0.00000000000000544 37                  9.59                3.86                18.96               4963679.00          0                   0.045               0                   0                   23092.00            22.731668           120.484504          T 
267                             1                   0.00000000000000544 37                  9.59                3.86                18.96               4963679.00          0                   0.0092              0                   0                   4747.00             23.224946           120.852338          T 
113                             1                   0.00000000000000544 37                  9.59                3.86                18.96               4963679.00          0                   0.031               0                   0                   16189.00            23.126637           121.353798          T 
220                             1                   0.00000000000000544 37                  9.59                3.86                18.96               4963679.00          0                   0.42                0                   0                   214987.00           22.664738           120.479995          T 
263                             1                   0.00000000000000544 37                  9.59                3.86                18.96               4963679.00          1                   0.016               63.87               65.33               8102.00             23.116550           120.623289          T 
282                             1                   0.00000000000000544 37                  9.59                3.86                18.96               4963679.00          0                   0.079               0                   0                   40720.00            22.864970           120.475455          T 
128                             1                   0.00000000000000544 37                  9.59                3.86                18.96               4963679.00          0                   0.023               0                   0                   12081.00            23.196721           121.298049          T 
238                             1                   0.00000000000000544 37                  9.59                3.86                18.96               4963679.00          0                   0.11                0                   0                   54521.00            22.588495           120.476619          T 
227                             1                   0.00000000000000544 37                  9.59                3.86                18.96               4963679.00          1                   0.052               19.07               19.49               27137.00            22.403342           120.597584          T 
265                             1                   0.00000000000000544 37                  9.59                3.86                18.96               4963679.00          0                   0.032               0                   0                   16308.00            22.956688           120.471927          T 
221                             1                   0.00000000000000544 37                  9.59                3.86                18.96               4963679.00          0                   0.033               0                   0                   17042.00            22.515282           120.500660          T 
219                             1                   0.00000000000000544 37                  9.59                3.86                18.96               4963679.00          0                   0.023               0                   0                   12016.00            22.479807           120.518056          T 
248                             1                   0.00000000000000544 37                  9.59                3.86                18.96               4963679.00          1                   0.086               11.61               11.85               44585.00            22.711004           120.425407          T 
216                             1                   0.00000000000000544 37                  9.59                3.86                18.96               4963679.00          0                   0.042               0                   0                   21711.00            22.429806           120.547612          T 
145                             1                   0.00000000000000544 37                  9.59                3.86                18.96               4963679.00          0                   0.017               0                   0                   8980.00             23.115111           120.544122          T 
229                             1                   0.00000000000000544 37                  9.59                3.86                18.96               4963679.00          0                   0.041               0                   0                   21101.00            22.441421           120.512509          T 
234                             1                   0.00000000000000544 37                  9.59                3.86                18.96               4963679.00          0                   0.0096              0                   0                   4949.00             22.260849           120.735645          T 
268                             1                   0.00000000000000544 37                  9.59                3.86                18.96               4963679.00          0                   0.0067              0                   0                   3469.00             23.275008           120.741944          T 
223                             1                   0.00000000000000544 37                  9.59                3.86                18.96               4963679.00          0                   0.076               0                   0                   39188.00            22.517190           120.450143          T 
254                             1                   0.00000000000000544 37                  9.59                3.86                18.96               4963679.00          0                   0.016               0                   0                   8441.00             22.863943           120.395984          T 
247                             1                   0.00000000000000544 37                  9.59                3.86                18.96               4963679.00          0                   0.21                0                   0                   109449.00           22.592836           120.411147          T 
226                             1                   0.00000000000000544 37                  9.59                3.86                18.96               4963679.00          0                   0.097               0                   0                   50360.00            22.462656           120.475133          T 
253                             1                   0.00000000000000544 37                  9.59                3.86                18.96               4963679.00          0                   0.060               0                   0                   31220.00            22.787696           120.370799          T 
250                             1                   0.00000000000000544 37                  9.59                3.86                18.96               4963679.00          0                   0.13                0                   0                   68995.00            22.739835           120.370799          T 
228                             1                   0.00000000000000544 37                  9.59                3.86                18.96               4963679.00          0                   0.012               0                   0                   6156.00             22.270870           120.656767          T 
251                             1                   0.00000000000000544 37                  9.59                3.86                18.96               4963679.00          0                   0.081               0                   0                   41730.00            22.662493           120.372778          T 
249                             1                   0.00000000000000544 37                  9.59                3.86                18.96               4963679.00          0                   0.063               0                   0                   32843.00            22.701208           120.360526          T 
173                             1                   0.00000000000000544 37                  9.59                3.86                18.96               4963679.00          0                   0.0086              0                   0                   4464.00             22.954823           120.386937          T 
156                             1                   0.00000000000000544 37                  9.59                3.86                18.96               4963679.00          0                   0.011               0                   0                   5576.00             23.026046           120.412392          T 
167                             1                   0.00000000000000544 37                  9.59                3.86                18.96               4963679.00          0                   0.030               0                   0                   15696.00            23.114809           120.460962          T 
164                             1                   0.00000000000000544 37                  9.59                3.86                18.96               4963679.00          0                   0.021               0                   0                   10871.00            23.178859           120.517030          T 
284                             1                   0.00000000000000544 37                  9.59                3.86                18.96               4963679.00          1                   0.14                7.29                7.44                70979.00            22.508137           120.399052          T 
280                             1                   0.00000000000000544 37                  9.59                3.86                18.96               4963679.00          0                   0.66                0                   0                   339240.00           22.613793           120.355436          T 
279                             1                   0.00000000000000544 37                  9.59                3.86                18.96               4963679.00          0                   0.30                0                   0                   153123.00           22.551402           120.359261          T 
233                             1                   0.00000000000000544 37                  9.59                3.86                18.96               4963679.00          0                   0.0094              0                   0                   4865.00             22.155529           120.817361          T 
255                             1                   0.00000000000000544 37                  9.59                3.86                18.96               4963679.00          0                   0.059               0                   0                   30698.00            22.870229           120.321097          T 
273                             1                   0.00000000000000544 37                  9.59                3.86                18.96               4963679.00          4                   0.69                5.82                6.30                355927.00           22.649899           120.317919          T 
276                             1                   0.00000000000000544 37                  9.59                3.86                18.96               4963679.00          1                   0.36                2.77                2.81                186765.00           22.623594           120.320910          T 
170                             1                   0.00000000000000544 37                  9.59                3.86                18.96               4963679.00          0                   0.071               0                   0                   36715.00            22.955779           120.334282          T 
178                             1                   0.00000000000000544 37                  9.59                3.86                18.96               4963679.00          0                   0.0086              0                   0                   4434.00             23.288484           120.589647          T 
252                             1                   0.00000000000000544 37                  9.59                3.86                18.96               4963679.00          0                   0.070               0                   0                   36439.00            22.752524           120.300653          T 
125                             1                   0.00000000000000544 37                  9.59                3.86                18.96               4963679.00          0                   0.012               0                   0                   6436.00             23.390629           121.180422          T 
272                             1                   0.00000000000000544 37                  9.59                3.86                18.96               4963679.00          2                   0.33                6.07                6.31                170416.00           22.721100           120.300758          T 
281                             1                   0.00000000000000544 37                  9.59                3.86                18.96               4963679.00          0                   0.19                0                   0                   96731.00            22.805059           120.297891          T 
274                             1                   0.00000000000000544 37                  9.59                3.86                18.96               4963679.00          0                   0.11                0                   0                   56704.00            22.629929           120.306734          T 
271                             1                   0.00000000000000544 37                  9.59                3.86                18.96               4963679.00          7                   0.36                19.20               22.64               188671.00           22.683957           120.295159          T 
275                             1                   0.00000000000000544 37                  9.59                3.86                18.96               4963679.00          0                   0.058               0                   0                   29774.00            22.626991           120.294422          T 
155                             1                   0.00000000000000544 37                  9.59                3.86                18.96               4963679.00          0                   0.016               0                   0                   8036.00             23.096893           120.370977          T 
158                             1                   0.00000000000000544 37                  9.59                3.86                18.96               4963679.00          0                   0.086               0                   0                   44469.00            23.033945           120.335796          T 
148                             1                   0.00000000000000544 37                  9.59                3.86                18.96               4963679.00          0                   0.022               0                   0                   11205.00            23.144822           120.398815          T 
269                             1                   0.00000000000000544 37                  9.59                3.86                18.96               4963679.00          0                   0.054               0                   0                   28067.00            22.624246           120.284233          T 
165                             1                   0.00000000000000544 37                  9.59                3.86                18.96               4963679.00          0                   0.13                0                   0                   65729.00            22.946795           120.293063          T 
270                             1                   0.00000000000000544 37                  9.59                3.86                18.96               4963679.00          1                   0.24                4.12                4.19                125641.00           22.650195           120.274163          T 
277                             1                   0.00000000000000544 37                  9.59                3.86                18.96               4963679.00          1                   0.45                2.24                2.27                230554.00           22.585656           120.289154          T 
256                             1                   0.00000000000000544 37                  9.59                3.86                18.96               4963679.00          0                   0.11                0                   0                   54369.00            22.857242           120.265987          T 
261                             1                   0.00000000000000544 37                  9.59                3.86                18.96               4963679.00          2                   0.071               27.99               29.27               36976.00            22.748209           120.259399          T 
130                             1                   0.00000000000000544 37                  9.59                3.86                18.96               4963679.00          0                   0.053               0                   0                   27495.00            23.371436           121.360448          T 
121                             1                   0.00000000000000544 37                  9.59                3.86                18.96               4963679.00          0                   0.017               0                   0                   8611.00             23.334769           121.426173          T 
260                             1                   0.00000000000000544 37                  9.59                3.86                18.96               4963679.00          0                   0.040               0                   0                   20714.00            22.779445           120.239457          T 
192                             1                   0.00000000000000544 37                  9.59                3.86                18.96               4963679.00          0                   0.012               0                   0                   6178.00             23.440776           120.759617          T 
259                             1                   0.00000000000000544 37                  9.59                3.86                18.96               4963679.00          0                   0.027               0                   0                   14134.00            22.822246           120.228051          T 
235                             1                   0.00000000000000544 37                  9.59                3.86                18.96               4963679.00          0                   0.024               0                   0                   12550.00            22.340003           120.371047          T 
140                             1                   0.00000000000000544 37                  9.59                3.86                18.96               4963679.00          0                   0.13                0                   0                   68481.00            22.941309           120.241879          T 
162                             1                   0.00000000000000544 37                  9.59                3.86                18.96               4963679.00          0                   0.045               0                   0                   23532.00            23.278319           120.444121          T 
240                             1                   0.00000000000000544 37                  9.59                3.86                18.96               4963679.00          2                   0.019               103.97              108.87              9954.00             22.079156           120.743263          T 
257                             1                   0.00000000000000544 37                  9.59                3.86                18.96               4963679.00          0                   0.055               0                   0                   28634.00            22.893250           120.225937          T 
159                             1                   0.00000000000000544 37                  9.59                3.86                18.96               4963679.00          0                   0.068               0                   0                   35307.00            23.083195           120.292394          T 
231                             1                   0.00000000000000544 37                  9.59                3.86                18.96               4963679.00          0                   0.017               0                   0                   8541.00             22.049300           120.843568          T 
142                             1                   0.00000000000000544 37                  9.59                3.86                18.96               4963679.00          2                   0.047               42.74               44.73               24211.00            23.227267           120.380026          T 
166                             1                   0.00000000000000544 37                  9.59                3.86                18.96               4963679.00          2                   0.41                4.87                5.05                212540.00           23.027295           120.254279          T 
153                             1                   0.00000000000000544 37                  9.59                3.86                18.96               4963679.00          0                   0.044               0                   0                   22529.00            23.190985           120.347992          T 
161                             1                   0.00000000000000544 37                  9.59                3.86                18.96               4963679.00          0                   0.38                0                   0                   194234.00           22.981782           120.228186          T 
147                             1                   0.00000000000000544 37                  9.59                3.86                18.96               4963679.00          0                   0.083               0                   0                   43021.00            23.140311           120.298827          T 
258                             1                   0.00000000000000544 37                  9.59                3.86                18.96               4963679.00          6                   0.061               97.75               113.02              31762.00            22.882414           120.198052          T 
189                             1                   0.00000000000000544 37                  9.59                3.86                18.96               4963679.00          0                   0.022               0                   0                   11619.00            23.427657           120.607534          T 
176                             1                   0.00000000000000544 37                  9.59                3.86                18.96               4963679.00          0                   0.092               0                   0                   47840.00            23.404090           120.536531          T 
168                             1                   0.00000000000000544 37                  9.59                3.86                18.96               4963679.00          0                   0.062               0                   0                   31926.00            23.351321           120.457856          T 
146                             1                   0.00000000000000544 37                  9.59                3.86                18.96               4963679.00          1                   0.25                4.06                4.13                127390.00           22.955619           120.190374          T 
