7.028703            
4.877287            
3.538422            
3.661731            
4.628427            
2.866369            
7.234479            
4.210667            
9.810459            
3.288613            
4.097890            
5.757991            
7.401544            
4.732883            
4.723414            
3.853924            
7.842773            
6.875743            
5.750651            
3.324405            
6.246133            
5.591224            
4.485159            
4.910606            
5.151571            
6.340171            
6.291714            
8.489711            
3.874091            
5.927729            
4.499126            
4.627251            
5.645505            
2.882749            
4.105883            
4.544640            
5.138513            
4.590866            
3.994824            
4.835627            
3.836086            
5.167772            
3.697555            
9.121003            
4.150733            
4.232563            
6.489313            
3.243044            
4.020577            
4.705173            
4.548921            
4.242606            
4.185880            
5.619722            
3.190179            
5.930797            
8.048946            
3.863876            
5.369333            
4.991327            
4.529412            
5.412385            
4.734995            
5.849520            
5.169118            
5.414511            
3.636548            
4.826828            
6.171749            
6.240161            
4.552292            
4.442847            
4.145434            
6.754200            
6.437463            
3.765538            
4.701560            
7.347143            
3.840833            
5.474099            
7.955960            
4.692677            
4.705173            
7.450186            
4.701560            
4.347647            
4.661728            
4.595856            
5.535988            
6.263570            
6.985191            
5.138271            
4.701560            
6.540071            
5.747657            
7.920593            
6.818917            
4.313890            
3.726003            
5.697044            
3.840413            
6.032441            
4.164479            
8.457709            
5.601437            
4.645367            
6.021369            
6.334850            
4.625112            
3.889488            
3.718098            
4.752596            
4.827802            
6.372197            
7.123683            
3.035051            
4.702266            
3.472734            
4.864185            
3.544730            
4.194455            
4.557023            
5.440092            
4.632624            
4.823710            
6.964562            
5.578532            
7.154371            
4.878144            
2.933040            
3.444477            
4.369511            
5.017529            
3.470578            
6.802645            
6.498015            
4.556431            
6.991548            
5.280991            
2.672415            
6.662057            
5.050922            
3.617682            
4.133996            
5.299772            
4.420712            
13.806269           
6.676951            
4.676706            
6.400857            
5.280528            
5.912804            
3.119726            
5.655008            
4.036190            
3.447204            
5.916248            
6.232851            
4.544851            
4.934541            
5.061078            
3.623699            
3.682818            
3.785956            
5.072332            
4.405332            
6.969264            
6.025998            
6.185237            
9.132623            
7.388498            
4.966310            
6.480353            
5.806098            
4.892583            
4.110734            
5.328627            
6.636761            
3.252773            
4.282854            
6.509917            
5.698050            
4.419151            
4.011586            
4.984621            
5.058691            
4.243719            
5.141544            
7.091911            
7.408173            
5.663080            
5.528720            
4.458569            
5.174202            
5.096281            
5.789350            
6.010585            
5.702765            
4.185607            
5.270247            
6.074380            
5.899058            
3.142700            
3.501743            
3.247367            
3.590404            
3.217158            
5.473129            
5.961237            
4.290446            
5.204882            
4.292976            
3.211023            
5.153419            
4.698253            
4.832890            
5.690379            
4.900310            
3.478506            
6.472209            
4.692800            
5.127823            
4.571046            
6.830917            
3.936741            
4.873235            
4.962267            
6.004423            
4.765627            
4.700486            
5.220192            
4.195063            
4.744727            
6.379267            
4.140709            
4.722891            
5.178438            
5.351765            
6.778365            
2.619512            
3.242440            
6.391816            
5.285579            
5.775619            
3.624305            
5.346025            
4.938237            
8.853237            
5.475613            
4.807121            
9.193914            
4.370430            
6.897267            
5.104605            
3.703654            
4.540175            
4.649858            
5.529665            
4.256785            
5.807043            
4.354061            
5.042161            
5.056932            
4.172217            
4.951359            
4.696173            
5.555503            
5.187098            
7.450498            
3.995211            
3.724579            
4.287031            
4.921918            
5.656950            
9.435388            
4.293079            
4.102249            
4.185607            
6.041617            
4.852070            
3.276748            
5.961604            
5.152140            
6.067919            
3.099234            
3.413372            
5.095217            
5.380658            
6.171292            
3.624305            
5.257619            
6.024368            
3.791002            
4.338274            
5.742214            
5.044492            
4.170394            
4.338274            
3.926630            
4.888200            
7.620195            
7.413040            
3.536996            
5.695237            
3.981680            
5.487918            
4.171098            
5.833667            
5.814672            
3.933997            
5.656950            
6.184368            
4.014541            
5.872861            
4.802949            
5.246141            
4.641053            
3.601848            
5.280991            
5.487918            
6.514224            
4.330125            
5.742214            
7.042138            
2.990074            
5.246909            
5.643099            
4.700884            
5.072533            
5.438386            
4.685204            
3.779965            
6.767725            
3.478506            
4.282861            
4.482149            
5.815484            
5.030684            
4.921635            
5.038910            
6.299960            
4.951554            
4.249489            
3.624550            
4.189933            
5.570105            
4.610822            
3.933034            
7.249738            
5.656225            
5.547665            
4.888200            
5.875797            
9.280598            
6.907239            
5.319466            
3.982040            
7.169432            
7.679460            
4.483312            
4.911378            
5.312859            
5.229502            
6.268559            
5.489210            
5.218369            
6.557387            
6.993827            
3.105944            
5.026954            
4.847303            
4.327351            
3.843199            
7.756787            
4.959961            
4.305487            
3.795360            
2.636802            
5.930797            
4.575876            
5.472654            
5.191727            
4.586228            
4.329707            
4.785398            
4.044947            
7.715812            
5.232541            
6.286519            
6.970738            
2.711499            
6.429773            
6.607903            
6.970738            
4.025876            
5.270247            
4.838152            
6.398147            
4.835259            
4.768337            
4.534880            
3.843199            
5.196938            
8.462746            
3.853664            
6.011160            
4.320798            
6.070148            
4.879336            
7.004258            
3.522091            
5.126523            
3.959562            
5.008295            
5.650130            
4.647803            
4.303940            
5.777611            
8.814759            
4.667477            
3.617682            
5.534440            
5.226713            
4.634880            
4.856823            
3.928867            
4.907602            
4.092219            
4.471209            
2.856306            
5.969351            
4.494808            
6.252806            
5.634811            
5.615563            
4.780365            
2.691154            
4.388182            
3.051162            
5.219363            
3.819451            
5.293574            
3.959562            
4.806235            
4.992556            
5.286887            
4.478383            
4.437891            
7.954107            
4.749915            
6.503869            
4.087105            
5.525944            
5.129695            
6.046584            
3.485347            
8.081674            
3.726035            
3.259916            
5.066975            
4.297313            
4.275067            
5.057133            
4.448877            
5.300549            
6.290328            
4.698253            
5.328627            
3.380152            
4.801860            
4.912469            
5.058691            
4.958443            
5.076255            
3.119865            
3.908653            
4.762796            
5.014328            
3.330798            
3.536614            
4.719851            
2.494582            
4.273799            
2.617338            
5.625030            
7.118195            
3.610871            
6.272888            
4.282861            
6.372197            
4.852492            
5.298821            
4.334913            
7.603580            
4.975242            
5.273906            
4.809196            
4.559587            
3.369729            
5.486284            
3.622948            
4.947175            
4.448877            
4.299778            
5.266233            
4.174319            
5.939307            
3.380229            
4.641662            
6.438821            
6.241926            
4.225529            
3.425457            
6.682194            
4.466451            
2.596432            
3.845720            
4.263482            
9.556897            
3.716300            
6.880596            
4.731463            
5.769225            
5.306519            
3.545087            
5.912400            
4.791653            
3.949529            
7.508973            
4.092752            
6.513676            
5.595613            
4.224856            
6.238446            
4.455226            
7.760022            
5.213146            
6.199079            
4.727720            
5.191727            
4.992043            
3.897980            
5.491229            
5.504627            
5.316338            
5.655761            
5.813435            
4.376408            
5.314570            
3.676008            
7.779949            
7.065859            
5.178555            
6.215857            
3.931179            
6.087940            
3.767180            
6.797159            
5.298821            
5.134043            
5.297651            
3.242641            
5.592254            
5.909985            
5.942793            
4.444978            
5.166755            
4.235300            
6.645932            
5.911768            
4.010302            
6.903307            
4.145049            
3.739841            
5.790234            
4.518506            
6.693573            
4.295653            
6.134464            
4.649858            
5.700811            
5.808356            
4.479620            
6.785882            
6.365887            
6.781930            
6.226806            
4.738027            
5.319090            
7.351594            
4.460750            
6.323061            
5.389911            
5.984679            
4.873132            
4.604457            
6.651918            
4.673594            
5.002291            
4.373834            
3.987369            
6.327496            
5.317061            
5.197657            
4.111312            
4.497612            
5.938359            
6.626794            
5.973778            
5.457441            
5.352082            
3.685134            
6.534917            
4.607938            
4.330150            
6.879291            
4.376686            
5.206015            
5.355324            
4.191535            
3.376637            
4.147979            
5.992091            
5.319250            
3.158146            
7.664058            
6.825642            
4.113785            
5.256219            
3.374816            
8.706909            
2.935340            
3.014911            
4.548834            
4.762210            
5.471649            
5.960451            
5.119867            
3.895181            
5.818286            
4.781978            
6.144721            
4.855840            
6.882168            
3.168458            
3.457031            
4.600356            
6.602360            
6.280769            
3.760107            
6.460450            
6.970738            
3.957384            
3.758468            
3.833186            
4.692545            
3.863876            
4.796261            
4.626703            
6.089520            
4.175524            
6.030232            
6.232851            
4.354061            
5.136587            
4.076967            
11.784995           
5.795667            
5.475741            
3.782490            
4.922540            
4.304328            
6.158475            
5.697044            
4.332426            
6.998550            
10.204105           
6.449657            
4.111601            
4.832191            
3.959285            
4.175136            
6.034988            
3.207962            
5.615138            
4.568971            
3.180267            
6.488757            
3.461925            
5.196938            
5.958094            
5.072332            
4.045949            
4.926379            
3.896366            
4.489518            
5.156191            
4.062783            
6.208553            
4.228952            
3.990987            
5.846216            
4.807735            
4.862300            
5.193634            
5.276765            
3.294193            
6.466345            
7.686599            
6.135673            
4.529412            
3.795360            
4.665428            
5.672227            
5.699320            
4.638238            
3.799341            
4.913569            
3.138135            
6.216123            
3.376637            
5.458152            
4.437371            
6.157275            
5.463774            
5.347249            
3.346991            
3.921682            
5.972449            
5.440092            
5.904124            
4.282861            
2.698253            
6.180055            
5.196938            
6.296239            
4.867260            
3.674995            
3.319886            
3.981406            
5.615879            
5.446955            
4.036380            
5.231277            
2.990690            
4.570510            
4.596524            
3.745179            
4.065158            
3.886674            
5.200015            
5.873586            
4.862300            
7.061454            
4.282451            
5.684969            
3.320482            
4.628692            
7.234440            
6.607864            
6.758717            
4.709958            
3.801679            
5.781252            
6.520759            
3.680588            
3.174941            
6.910802            
3.959852            
4.926592            
6.508651            
5.583223            
4.265109            
5.858573            
3.138135            
3.874598            
4.672242            
5.315458            
9.437337            
4.040512            
5.409062            
4.968296            
5.053626            
7.020095            
2.818516            
4.472407            
5.733652            
5.319595            
6.012049            
4.841230            
3.603647            
5.209345            
5.930797            
6.115159            
6.553028            
4.846598            
6.222912            
4.231252            
5.029202            
5.044966            
5.490710            
10.816865           
4.404780            
5.317023            
3.441608            
5.213146            
6.508006            
5.818286            
3.368838            
5.395568            
5.818286            
4.746747            
4.297178            
4.544851            
3.122613            
5.324193            
4.645940            
6.773682            
4.444388            
4.392044            
5.088486            
4.351183            
3.061821            
5.766851            
3.079842            
4.381298            
5.699320            
5.628629            
4.067935            
3.636548            
8.603720            
4.951359            
4.169461            
10.093600           
5.289953            
3.707222            
6.713822            
6.094297            
4.301778            
5.133522            
4.478039            
6.318438            
7.480823            
3.896020            
6.153442            
2.573071            
7.190525            
5.168212            
4.688833            
6.031821            
5.475675            
6.388755            
6.500734            
7.449161            
3.342056            
2.898011            
4.532980            
4.010302            
3.767397            
4.845640            
4.866223            
6.749960            
5.795667            
3.361031            
3.504355            
7.608318            
4.417773            
5.213550            
5.319534            
3.686984            
6.296239            
6.409139            
4.835487            
4.524945            
5.178438            
3.120627            
5.251567            
3.247367            
2.869485            
5.303204            
8.548394            
4.685384            
3.102111            
7.141929            
5.223315            
3.338700            
4.181896            
4.048054            
3.936741            
5.452898            
5.449357            
6.211445            
4.806235            
7.031086            
3.324405            
6.360193            
4.734347            
6.336768            
5.612362            
7.196756            
4.885487            
2.931171            
5.993070            
5.152264            
6.591898            
4.734594            
3.550661            
3.416885            
5.855085            
5.342231            
4.177976            
4.039068            
6.128397            
6.572700            
3.432211            
4.411864            
4.701560            
5.872030            
5.491687            
6.053308            
4.087861            
6.646754            
3.888638            
6.528252            
8.835650            
4.910630            
3.656483            
5.823629            
3.894138            
3.774427            
5.105754            
5.834801            
5.651056            
4.667477            
4.671605            
3.588263            
4.010302            
7.421581            
5.716311            
5.580022            
6.105231            
8.203029            
7.125997            
4.854333            
4.676447            
5.152091            
4.938237            
3.300973            
4.507923            
4.287742            
3.990987            
4.048187            
6.011141            
3.967828            
5.688968            
5.889596            
3.819173            
5.325999            
7.531518            
5.447205            
6.501880            
5.725273            
3.860373            
11.622737           
5.745654            
4.907250            
3.510938            
6.127731            
4.873780            
5.713089            
4.993541            
7.385222            
5.531611            
5.014650            
5.899943            
5.059541            
4.557023            
4.902664            
6.574065            
2.981407            
8.076781            
2.785459            
4.184849            
4.712836            
7.368609            
5.600836            
5.996353            
3.276572            
3.432200            
4.961934            
5.064794            
3.885314            
3.009685            
5.541065            
4.544851            
5.701703            
5.618138            
6.350750            
4.867260            
