1                               0                   4.08                0                   0                   
10                              0                   1.55                0                   0                   
100                             0                   0.20                0                   0                   
101                             0                   0.30                0                   0                   
102                             0                   0.57                0                   0                   
103                             0                   5.39                0                   0                   
104                             0                   0.31                0                   0                   
105                             0                   0.56                0                   0                   
106                             0                   0.22                0                   0                   
107                             0                   2.36                0                   0                   
108                             0                   0.45                0                   0                   
109                             2                   2.78                0.72                0.72                
11                              0                   0.33                0                   0                   
110                             0                   0.15                0                   0                   
111                             0                   0.29                0                   0                   
112                             0                   0.096               0                   0                   
113                             0                   0.36                0                   0                   
114                             0                   0.22                0                   0                   
115                             0                   0.21                0                   0                   
116                             0                   0.11                0                   0                   
117                             0                   0.11                0                   0                   
118                             0                   0.14                0                   0                   
119                             0                   0.092               0                   0                   
12                              0                   2.13                0                   0                   
120                             0                   0.098               0                   0                   
121                             0                   0.18                0                   0                   
122                             0                   0.22                0                   0                   
123                             0                   0.20                0                   0                   
124                             0                   0.33                0                   0                   
125                             0                   0.16                0                   0                   
126                             0                   2.22                0                   0                   
127                             1                   0.46                2.15                2.16                
128                             0                   0.26                0                   0                   
129                             0                   0.54                0                   0                   
13                              1                   5.52                0.18                0.18                
130                             0                   0.61                0                   0                   
131                             0                   0.30                0                   0                   
132                             1                   0.44                2.26                2.26                
133                             0                   2.70                0                   0                   
134                             0                   0.16                0                   0                   
135                             0                   0.12                0                   0                   
136                             0                   0.29                0                   0                   
137                             1                   0.58                1.72                1.72                
138                             2                   0.62                3.24                3.25                
139                             3                   2.08                1.44                1.45                
14                              0                   2.58                0                   0                   
140                             16                  2.05                7.82                8.00                
141                             0                   1.56                0                   0                   
142                             2                   0.57                3.48                3.49                
143                             1                   3.42                0.29                0.29                
144                             0                   0.28                0                   0                   
145                             0                   0.22                0                   0                   
146                             35                  3.27                10.69               11.27               
147                             0                   1.37                0                   0                   
148                             0                   0.24                0                   0                   
149                             0                   0.67                0                   0                   
15                              0                   0.53                0                   0                   
150                             5                   5.27                0.95                0.95                
151                             0                   0.81                0                   0                   
152                             1                   1.80                0.55                0.55                
153                             0                   0.56                0                   0                   
154                             0                   0.50                0                   0                   
155                             1                   0.19                5.34                5.35                
156                             0                   0.12                0                   0                   
157                             0                   0.60                0                   0                   
158                             1                   1.15                0.87                0.87                
159                             1                   1.00                1.00                1.00                
16                              1                   0.73                1.37                1.37                
160                             0                   2.02                0                   0                   
161                             2                   4.88                0.41                0.41                
162                             0                   0.53                0                   0                   
163                             0                   0.55                0                   0                   
164                             0                   0.24                0                   0                   
165                             1                   1.82                0.55                0.55                
166                             8                   6.28                1.27                1.28                
167                             2                   0.36                5.60                5.62                
168                             2                   0.71                2.80                2.81                
169                             1                   0.66                1.53                1.53                
17                              3                   11.31               0.27                0.26                
170                             0                   0.91                0                   0                   
171                             0                   0.66                0                   0                   
172                             0                   1.16                0                   0                   
173                             0                   0.098               0                   0                   
174                             4                   3.18                1.26                1.26                
175                             2                   3.90                0.51                0.51                
176                             0                   1.17                0                   0                   
177                             0                   0.58                0                   0                   
178                             0                   0.12                0                   0                   
179                             0                   0.80                0                   0                   
18                              2                   5.61                0.36                0.35                
180                             0                   1.03                0                   0                   
181                             1                   0.68                1.46                1.47                
182                             0                   0.82                0                   0                   
183                             0                   1.10                0                   0                   
184                             0                   0.63                0                   0                   
185                             0                   0.49                0                   0                   
186                             2                   1.89                1.06                1.06                
187                             1                   1.30                0.77                0.77                
188                             0                   0.37                0                   0                   
189                             0                   0.30                0                   0                   
19                              0                   2.47                0                   0                   
190                             0                   0.91                0                   0                   
191                             2                   0.46                4.34                4.35                
192                             0                   0.15                0                   0                   
193                             0                   0.39                0                   0                   
194                             0                   0.69                0                   0                   
195                             0                   0.65                0                   0                   
196                             0                   1.03                0                   0                   
197                             1                   0.70                1.44                1.44                
198                             0                   0.81                0                   0                   
199                             1                   0.60                1.66                1.66                
2                               0                   5.93                0                   0                   
20                              0                   2.54                0                   0                   
200                             0                   0.59                0                   0                   
201                             1                   0.75                1.34                1.34                
202                             0                   0.49                0                   0                   
203                             0                   0.63                0                   0                   
204                             0                   2.89                0                   0                   
205                             1                   1.17                0.86                0.86                
206                             0                   0.37                0                   0                   
207                             0                   0.46                0                   0                   
208                             0                   0.64                0                   0                   
209                             1                   0.75                1.34                1.34                
21                              0                   6.11                0                   0                   
210                             0                   1.89                0                   0                   
211                             0                   0.33                0                   0                   
212                             0                   1.20                0                   0                   
213                             0                   1.30                0                   0                   
214                             2                   0.21                9.69                9.72                
215                             1                   0.58                1.72                1.72                
216                             1                   0.49                2.04                2.04                
217                             0                   0.20                0                   0                   
218                             0                   1.41                0                   0                   
219                             0                   0.27                0                   0                   
22                              0                   0.34                0                   0                   
220                             5                   5.24                0.95                0.95                
221                             1                   0.41                2.45                2.45                
222                             16                  0.81                19.87               20.38               
223                             2                   0.89                2.23                2.24                
224                             1                   0.25                3.95                3.96                
225                             1                   0.13                7.58                7.59                
226                             2                   1.24                1.62                1.62                
227                             4                   0.62                6.43                6.47                
228                             1                   0.14                7.26                7.27                
229                             2                   0.46                4.39                4.40                
23                              0                   1.31                0                   0                   
230                             1                   0.14                6.97                6.98                
231                             0                   0.20                0                   0                   
232                             3                   1.43                2.09                2.10                
233                             0                   0.13                0                   0                   
234                             2                   0.13                15.29               15.34               
235                             0                   0.32                0                   0                   
236                             1                   0.20                5.08                5.09                
237                             1                   0.44                2.29                2.29                
238                             1                   1.33                0.75                0.75                
239                             1                   0.53                1.88                1.88                
24                              0                   12.28               0                   0                   
240                             14                  0.22                63.96               65.42               
241                             2                   0.69                2.91                2.92                
242                             2                   0.78                2.55                2.55                
243                             0                   0.087               0                   0                   
244                             0                   0.63                0                   0                   
245                             1                   0.66                1.52                1.52                
246                             0                   0.28                0                   0                   
247                             4                   2.99                1.34                1.34                
248                             10                  1.10                9.06                9.19                
249                             8                   0.91                8.78                8.88                
25                              3                   4.73                0.63                0.63                
250                             2                   2.50                0.80                0.80                
251                             7                   1.19                5.89                5.95                
252                             8                   1.07                7.46                7.54                
253                             4                   0.78                5.11                5.14                
254                             1                   0.18                5.51                5.51                
255                             2                   0.75                2.67                2.67                
256                             7                   1.37                5.11                5.16                
257                             4                   0.79                5.04                5.07                
258                             43                  0.80                53.91               57.87               
259                             1                   0.36                2.74                2.75                
26                              0                   4.45                0                   0                   
260                             4                   0.50                8.03                8.07                
261                             19                  0.94                20.22               20.83               
262                             1                   0.32                3.08                3.08                
263                             3                   0.15                19.37               19.46               
264                             1                   0.30                3.31                3.31                
265                             0                   0.37                0                   0                   
266                             0                   0.050               0                   0                   
267                             0                   0.11                0                   0                   
268                             0                   0.084               0                   0                   
269                             1                   0.61                1.63                1.63                
27                              0                   1.87                0                   0                   
270                             9                   3.76                2.40                2.42                
271                             55                  5.25                10.47               11.40               
272                             59                  5.09                11.60               12.72               
273                             18                  8.91                2.02                2.05                
274                             1                   1.32                0.76                0.76                
275                             2                   0.71                2.83                2.84                
276                             11                  4.40                2.50                2.53                
277 et al                       24                  5.62                4.27                4.40                
279                             5                   4.17                1.20                1.20                
28                              1                   3.33                0.30                0.30                
280                             27                  9.58                2.82                2.90                
281                             7                   2.57                2.73                2.75                
282                             0                   0.94                0                   0                   
283                             2                   1.02                1.97                1.97                
284                             11                  1.84                5.97                6.06                
285                             0                   0.34                0                   0                   
286                             0                   0.35                0                   0                   
287                             1                   0.36                2.79                2.79                
288                             1                   2.30                0.43                0.43                
289                             0                   0.89                0                   0                   
29                              0                   4.46                0                   0                   
290                             0                   0.43                0                   0                   
291                             1                   1.85                0.54                0.54                
292                             0                   0.40                0                   0                   
293                             0                   1.26                0                   0                   
294                             3                   2.30                1.30                1.31                
295                             1                   0.25                4.02                4.02                
296                             0                   0.37                0                   0                   
297                             0                   0.41                0                   0                   
298                             0                   0.47                0                   0                   
299                             1                   3.85                0.26                0.26                
3                               0                   2.10                0                   0                   
30                              0                   0.17                0                   0                   
300                             1                   7.78                0.13                0.13                
301                             2                   3.37                0.59                0.59                
302                             3                   4.73                0.63                0.63                
303                             0                   1.44                0                   0                   
304                             1                   0.29                3.44                3.44                
305                             0                   0.84                0                   0                   
306                             0                   0.49                0                   0                   
307                             0                   2.02                0                   0                   
308                             3                   1.51                1.99                1.99                
309                             3                   5.68                0.53                0.53                
31                              0                   0.41                0                   0                   
310                             2                   2.56                0.78                0.78                
311                             4                   5.23                0.76                0.76                
312                             0                   0.63                0                   0                   
313                             1                   1.29                0.77                0.77                
314                             1                   2.02                0.49                0.49                
315                             0                   1.59                0                   0                   
316                             1                   2.57                0.39                0.39                
317                             1                   2.36                0.42                0.42                
318                             0                   2.92                0                   0                   
319                             6                   2.07                2.90                2.92                
32                              0                   0.85                0                   0                   
320                             0                   0.39                0                   0                   
321                             0                   1.73                0                   0                   
322                             4                   3.02                1.33                1.33                
323                             2                   6.18                0.32                0.32                
324                             1                   4.41                0.23                0.23                
325                             0                   1.73                0                   0                   
326                             3                   2.09                1.44                1.44                
327                             0                   1.31                0                   0                   
328                             0                   0.38                0                   0                   
329                             0                   1.01                0                   0                   
33                              0                   0.42                0                   0                   
330                             0                   0.89                0                   0                   
331                             0                   2.40                0                   0                   
332                             1                   3.28                0.30                0.30                
333                             0                   0.91                0                   0                   
334                             0                   0.85                0                   0                   
335                             1                   0.79                1.26                1.26                
336                             0                   0.42                0                   0                   
337                             0                   1.07                0                   0                   
338                             3                   6.11                0.49                0.49                
339                             0                   0.96                0                   0                   
34                              0                   0.25                0                   0                   
340                             1                   0.77                1.29                1.29                
341                             0                   1.45                0                   0                   
342                             0                   1.07                0                   0                   
343                             0                   0.71                0                   0                   
344                             1                   1.12                0.89                0.89                
345                             0                   1.23                0                   0                   
346                             0                   1.03                0                   0                   
347                             0                   0.39                0                   0                   
348                             0                   0.44                0                   0                   
349                             0                   0.61                0                   0                   
35                              0                   0.36                0                   0                   
350                             0                   1.20                0                   0                   
351                             0                   0.86                0                   0                   
352                             0                   2.30                0                   0                   
36                              0                   0.93                0                   0                   
37                              0                   0.15                0                   0                   
38                              0                   0.11                0                   0                   
39                              0                   2.34                0                   0                   
4                               0                   0.12                0                   0                   
40                              0                   1.18                0                   0                   
41                              0                   2.33                0                   0                   
42                              0                   0.18                0                   0                   
43                              0                   0.87                0                   0                   
44                              1                   0.32                3.13                3.13                
45                              0                   0.45                0                   0                   
46                              0                   2.81                0                   0                   
47                              0                   0.27                0                   0                   
48                              0                   5.77                0                   0                   
49                              1                   4.03                0.25                0.25                
5                               0                   0.24                0                   0                   
50                              0                   5.55                0                   0                   
51                              1                   7.40                0.14                0.13                
52                              0                   6.55                0                   0                   
53                              0                   3.10                0                   0                   
54                              0                   7.22                0                   0                   
55                              0                   3.23                0                   0                   
56                              0                   7.80                0                   0                   
57                              1                   7.00                0.14                0.14                
58                              0                   5.17                0                   0                   
59                              0                   4.73                0                   0                   
6                               0                   0.39                0                   0                   
60                              1                   1.43                0.70                0.70                
61                              1                   1.22                0.82                0.82                
62                              0                   1.36                0                   0                   
63                              0                   1.12                0                   0                   
64                              0                   1.42                0                   0                   
65                              0                   2.17                0                   0                   
66                              0                   1.03                0                   0                   
67                              0                   0.57                0                   0                   
68                              0                   1.08                0                   0                   
69                              0                   1.42                0                   0                   
7                               0                   0.26                0                   0                   
70                              0                   0.16                0                   0                   
71                              0                   0.86                0                   0                   
72                              1                   0.65                1.53                1.53                
73                              0                   0.16                0                   0                   
74                              0                   2.54                0                   0                   
75                              0                   0.94                0                   0                   
76                              0                   1.89                0                   0                   
77                              0                   1.02                0                   0                   
78                              0                   0.76                0                   0                   
79                              0                   3.10                0                   0                   
8                               0                   0.14                0                   0                   
80                              0                   0.60                0                   0                   
81                              1                   10.21               0.098               0.096               
82                              1                   10.87               0.092               0.091               
83                              1                   2.42                0.41                0.41                
84                              0                   1.08                0                   0                   
85                              0                   6.35                0                   0                   
86                              0                   0.18                0                   0                   
87                              0                   0.12                0                   0                   
88                              1                   8.02                0.12                0.12                
89                              1                   11.27               0.089               0.087               
9                               0                   0.88                0                   0                   
90                              2                   14.79               0.14                0.13                
91                              0                   3.33                0                   0                   
92                              0                   4.87                0                   0                   
93                              2                   5.75                0.35                0.35                
94                              1                   5.51                0.18                0.18                
95                              0                   2.07                0                   0                   
96                              0                   4.96                0                   0                   
97                              0                   0.63                0                   0                   
98                              0                   0.17                0                   0                   
99                              0                   1.03                0                   0                   
