4.272899            
6.984824            
5.782965            
5.306941            
6.323268            
5.261512            
8.672204            
5.236646            
5.840842            
4.191826            
3.586280            
6.494339            
5.855592            
5.506154            
6.580735            
5.581054            
5.233936            
7.500665            
3.341051            
5.853276            
7.543341            
4.660820            
5.518391            
4.522645            
5.375953            
3.140853            
4.865827            
4.595658            
4.074370            
5.127266            
5.174233            
4.005540            
5.330175            
6.264175            
5.050428            
4.998086            
7.295084            
5.584672            
5.628575            
6.694489            
6.405833            
4.866790            
5.465030            
8.496451            
4.646436            
4.425845            
4.295059            
7.992287            
4.213464            
4.584379            
5.955364            
5.196720            
4.589731            
4.603714            
4.770824            
5.858619            
5.614267            
5.943324            
5.552774            
3.439263            
6.067164            
7.610891            
4.975612            
4.438554            
7.515646            
4.895832            
5.253258            
3.916579            
4.151834            
4.027612            
4.064094            
6.131164            
4.528519            
5.342048            
3.753570            
5.100534            
5.243481            
5.467029            
5.469874            
3.907901            
6.064541            
4.752865            
3.885530            
4.124637            
5.523863            
6.600805            
5.698657            
6.465154            
4.137362            
5.912529            
4.569339            
5.406728            
12.190819           
5.728518            
4.652979            
5.602114            
3.560410            
4.940866            
5.073966            
5.128723            
4.303128            
4.735055            
4.064623            
4.770355            
4.291041            
4.035288            
6.301274            
6.616645            
4.919964            
6.566552            
4.259726            
4.631366            
4.757967            
5.230817            
3.637559            
4.454949            
5.471433            
4.431135            
3.928023            
6.939751            
4.871015            
7.010409            
3.850336            
8.209087            
9.819816            
3.323381            
5.193187            
9.923360            
4.452949            
3.302116            
4.600724            
6.980767            
4.569414            
5.131385            
4.447510            
4.331885            
5.059739            
6.093425            
3.962957            
6.754743            
4.675706            
5.407278            
4.129846            
4.655513            
5.921861            
6.920227            
4.608488            
5.830480            
4.608168            
7.853219            
8.869641            
2.882444            
8.465763            
6.591957            
4.914004            
4.434007            
4.621662            
8.299641            
5.731754            
6.146244            
6.732060            
2.815854            
5.812525            
5.980681            
5.955404            
3.484378            
6.851988            
4.205340            
6.113883            
3.815917            
4.745019            
5.507991            
6.522337            
6.052846            
4.334289            
3.554320            
3.890524            
4.366703            
7.836573            
5.070637            
4.624140            
5.453607            
7.238938            
5.246428            
7.523599            
4.518916            
4.935232            
3.830156            
3.885366            
5.108528            
6.120726            
5.411269            
4.283889            
5.830775            
4.591207            
9.714625            
6.303604            
9.418168            
5.381963            
3.933207            
6.837010            
5.753493            
6.076107            
8.726089            
5.672506            
5.084339            
4.213464            
6.841323            
4.514274            
4.361017            
7.159535            
3.658562            
3.781265            
5.557307            
5.332914            
5.589117            
5.363640            
5.687556            
4.887552            
7.087933            
3.298298            
3.836334            
4.540172            
3.576590            
4.463048            
5.823775            
7.396052            
4.108242            
5.326793            
5.373000            
5.379869            
5.745157            
5.500730            
6.208140            
3.424912            
5.446982            
6.197278            
5.179633            
5.633418            
6.602953            
3.816963            
4.400680            
7.602399            
6.897763            
6.177120            
3.896536            
6.518964            
8.012649            
5.006516            
5.293026            
5.576934            
6.491483            
4.656607            
7.073916            
9.486317            
8.202981            
6.703866            
4.690801            
3.623910            
3.953941            
5.084472            
4.610581            
4.569152            
7.147928            
4.981040            
6.394611            
6.633589            
5.599761            
5.592076            
3.773703            
7.362534            
3.706883            
5.355069            
6.116118            
4.217426            
6.237232            
4.565225            
6.565682            
8.190044            
3.971052            
2.360099            
2.881360            
5.659847            
5.000236            
5.165072            
5.610143            
3.751990            
8.609078            
5.636598            
6.290802            
4.770230            
3.414389            
6.212066            
4.562459            
4.388923            
8.619959            
3.970262            
4.037916            
6.001611            
7.818150            
4.256139            
6.938902            
6.307334            
5.035877            
6.941585            
3.771122            
4.962271            
6.055730            
4.727397            
5.909518            
5.469435            
5.768842            
5.830480            
5.930985            
3.395550            
5.090459            
4.756610            
5.702911            
4.756340            
5.260720            
6.929762            
5.137898            
8.075566            
4.977861            
3.915860            
4.270642            
6.434164            
6.087934            
4.753444            
5.309903            
5.376564            
5.054727            
6.355756            
5.898827            
5.749769            
5.013793            
5.832558            
5.452192            
4.207951            
4.661946            
5.530263            
6.079083            
6.565015            
4.955955            
5.562434            
6.378772            
4.312340            
5.052818            
4.568290            
5.868726            
4.899667            
4.962166            
4.834484            
5.396322            
4.531039            
7.737617            
6.400415            
7.233666            
5.872915            
6.977479            
5.293421            
7.301799            
5.035877            
4.449019            
5.706776            
9.676055            
4.666189            
4.811266            
4.579596            
3.317073            
5.866551            
6.666081            
7.627093            
5.287050            
4.401874            
3.901191            
6.215101            
5.937058            
4.823866            
5.780738            
9.143516            
3.419600            
5.893267            
4.474977            
5.148887            
6.752631            
3.969122            
4.395534            
5.856493            
3.678969            
5.457503            
5.553896            
4.734934            
7.553798            
6.842796            
6.241575            
3.958924            
6.465669            
5.600126            
5.088896            
5.255568            
10.759886           
4.602696            
4.402238            
8.554396            
4.204145            
4.224588            
6.549238            
4.279634            
5.363610            
5.863221            
6.677922            
5.058588            
5.111485            
6.018097            
5.634105            
3.464864            
5.096905            
10.276870           
5.424690            
4.984243            
4.185281            
5.019934            
3.351567            
6.544224            
4.452949            
3.468989            
4.237881            
5.316865            
3.885530            
5.409636            
3.022602            
5.270439            
4.218310            
5.822849            
4.220811            
3.786067            
5.689254            
4.561984            
4.524269            
4.975779            
3.213056            
7.590042            
3.827178            
6.118028            
5.407642            
5.548245            
4.314837            
6.190746            
4.229692            
3.422143            
5.594781            
5.069655            
4.568645            
6.271916            
5.897836            
5.967512            
3.255996            
6.389782            
6.283539            
3.724922            
6.140463            
6.736289            
7.218588            
6.086844            
6.628165            
6.241575            
6.690861            
7.658978            
4.240302            
8.512064            
5.621172            
5.116733            
4.992511            
5.676973            
5.255098            
4.722244            
5.472643            
7.060462            
7.864810            
4.076817            
6.071163            
4.557035            
5.170731            
6.798817            
3.619681            
4.916662            
5.129846            
6.920218            
4.652856            
3.841266            
6.391606            
4.608748            
3.733001            
6.030662            
7.576693            
4.272742            
4.783559            
4.171718            
4.777071            
5.075405            
6.168676            
4.695594            
5.812943            
6.973545            
5.000344            
5.985447            
5.442685            
5.191172            
6.141468            
4.790164            
4.896535            
5.908602            
5.018611            
4.671526            
3.658959            
6.681340            
6.275411            
4.195486            
5.962304            
4.025218            
5.036973            
5.557277            
5.340844            
9.400729            
3.724235            
4.650763            
5.148426            
6.767635            
3.667074            
5.243481            
3.982109            
8.547002            
4.634266            
6.208140            
5.437536            
7.704323            
6.908928            
4.942156            
5.106901            
6.226591            
8.203915            
4.067800            
4.852529            
5.282264            
5.199930            
5.112337            
6.060950            
4.304597            
5.735551            
8.172612            
8.024539            
5.056967            
5.093175            
4.965981            
4.363244            
4.310301            
6.276248            
3.834957            
5.425325            
4.768321            
6.568712            
5.250731            
4.885871            
4.864406            
4.593500            
7.535493            
4.284606            
4.066024            
8.295429            
6.289502            
3.893534            
6.195593            
5.544565            
4.892503            
4.810082            
3.611900            
6.240324            
7.153787            
5.371140            
4.462921            
6.278099            
8.073294            
3.903237            
7.128693            
4.350663            
6.166998            
5.762112            
4.126802            
10.164684           
4.355576            
3.212887            
5.079592            
7.433620            
9.844882            
5.918269            
5.181221            
5.196351            
3.788042            
4.337072            
6.581205            
5.593932            
5.994771            
5.379869            
4.709090            
11.713696           
5.002982            
6.610871            
3.717465            
5.647903            
5.839653            
4.665216            
5.823775            
4.148892            
6.644254            
8.693694            
4.433363            
7.821597            
5.112108            
5.385622            
5.879570            
5.156509            
6.550739            
5.761496            
3.779202            
5.520426            
7.427423            
5.220785            
4.314691            
5.156509            
5.050428            
4.807391            
4.036212            
5.932659            
8.935561            
3.614467            
2.886930            
4.794071            
3.416532            
4.678136            
4.171653            
4.481487            
7.859686            
5.918841            
5.240747            
4.147942            
5.717147            
5.166506            
7.504410            
8.539565            
5.093203            
3.636383            
5.340466            
6.673494            
7.055290            
3.894766            
4.351276            
3.932653            
4.039283            
4.789269            
5.373079            
4.108466            
4.760815            
6.779228            
4.697868            
3.739186            
7.472476            
4.417922            
3.132076            
5.115825            
4.908516            
6.351097            
4.969009            
4.284525            
4.658996            
4.667780            
7.762637            
5.354102            
7.423023            
6.887814            
4.257241            
5.886647            
8.186210            
5.321720            
5.134085            
3.746025            
9.318502            
6.559897            
5.495142            
4.665216            
5.373000            
3.250407            
6.818565            
6.168570            
5.994771            
5.130096            
4.432104            
4.385980            
5.699833            
6.318433            
9.906964            
5.113258            
6.686359            
4.119442            
4.527517            
4.685609            
5.246624            
4.177675            
6.329581            
5.406728            
8.048816            
3.969435            
4.215904            
3.674246            
5.094487            
5.409415            
6.949287            
7.127044            
4.246154            
7.420183            
4.390853            
6.303596            
4.305359            
3.942845            
3.239218            
4.759818            
7.192616            
4.628029            
3.960486            
8.226057            
4.075819            
4.103321            
3.686888            
7.621271            
4.600873            
5.334407            
5.327824            
4.060394            
5.734299            
4.437584            
4.366719            
4.208471            
5.868726            
4.950211            
5.635910            
4.671730            
3.251102            
8.124891            
5.186550            
5.437413            
5.754933            
5.843872            
3.711531            
4.360901            
5.376786            
6.002931            
5.268904            
4.630131            
6.340446            
5.519341            
11.279576           
5.856946            
5.275022            
5.395948            
4.622160            
4.526906            
7.143725            
5.765704            
5.091421            
3.529943            
6.628301            
4.115511            
4.269480            
3.863871            
4.942156            
4.242488            
6.147282            
5.535962            
6.231999            
6.240118            
5.695155            
4.774981            
4.444351            
5.688749            
5.859430            
6.992185            
4.294380            
7.017903            
5.901190            
7.038618            
6.306509            
4.500141            
6.146499            
6.633400            
4.823210            
4.650763            
3.649945            
5.093175            
3.869441            
7.551165            
4.273286            
4.460512            
4.849586            
6.065146            
4.488546            
5.035877            
6.603382            
5.874698            
6.020392            
3.475394            
5.078500            
4.281581            
8.280086            
5.625583            
4.639819            
5.610194            
4.047872            
4.525328            
6.013893            
4.946573            
2.718678            
4.206541            
3.956335            
7.183266            
6.703019            
6.233309            
7.655392            
5.519399            
4.299392            
6.565266            
6.293980            
5.948794            
4.591602            
9.238027            
7.514768            
4.844423            
7.892631            
4.611498            
4.997497            
5.175909            
3.162034            
5.653247            
5.445648            
5.269918            
4.973215            
4.047872            
7.472908            
6.684693            
3.408472            
6.079878            
5.596304            
4.286377            
4.698745            
4.883946            
5.778546            
7.762649            
3.817156            
4.683418            
4.721514            
6.706035            
9.549646            
6.318075            
4.547663            
5.122005            
6.695547            
4.618565            
7.255468            
5.937058            
6.019211            
6.414804            
5.695155            
5.225715            
5.652576            
5.475062            
3.922019            
4.308060            
4.956052            
5.740904            
4.050186            
5.727416            
5.211951            
6.024029            
3.698991            
4.491995            
5.055931            
6.427129            
6.259315            
5.633717            
6.047304            
5.600126            
4.284979            
3.081691            
3.115799            
4.519257            
3.524031            
3.503949            
5.470527            
6.108931            
4.663036            
4.547663            
8.690573            
3.465938            
6.152185            
6.721656            
6.775085            
4.617302            
5.134820            
4.589672            
5.802087            
4.315540            
5.113258            
4.328472            
6.031373            
4.809877            
6.179655            
6.281585            
7.103281            
4.932736            
5.407278            
6.186139            
5.654962            
4.574822            
9.087879            
5.471093            
3.562151            
3.600038            
3.099146            
7.063847            
3.631140            
4.220759            
4.937342            
6.671401            
5.902536            
6.256499            
6.325965            
3.601980            
5.476950            
3.614369            
6.980648            
4.471068            
3.828466            
5.367181            
7.287375            
4.616998            
6.099591            
3.949912            
4.865407            
6.484923            
5.715509            
5.599735            
8.004448            
3.595480            
6.016811            
4.574706            
7.445427            
7.053333            
7.338346            
5.504919            
4.924583            
5.177795            
5.115178            
6.672546            
4.140352            
4.328479            
5.277862            
3.972607            
3.715047            
5.697129            
5.442430            
7.301799            
7.202597            
5.216300            
3.278518            
4.872678            
4.281948            
6.913512            
4.477079            
5.434563            
4.711292            
4.989548            
7.502589            
5.537495            
5.495350            
4.786396            
5.268417            
3.685006            
4.639534            
6.353237            
6.877182            
5.608474            
5.103713            
5.634838            
3.998688            
4.202461            
5.409231            
5.817266            
5.637567            
4.653220            
9.393636            
