3.150718            
3.266080            
3.885578            
3.824754            
3.180764            
3.895271            
5.425921            
8.786842            
6.028256            
5.157513            
6.792104            
6.388730            
3.572887            
3.508157            
4.696550            
3.841175            
5.030757            
9.114647            
4.948847            
4.126898            
6.549615            
3.850395            
3.181164            
4.836174            
4.587111            
3.924987            
7.179413            
6.865742            
4.845007            
4.149306            
2.320598            
4.319820            
5.146183            
4.024060            
3.730837            
3.681068            
7.305666            
8.794615            
6.893589            
3.437894            
3.813982            
4.366790            
6.180919            
5.490804            
5.264857            
3.298681            
5.503801            
3.971509            
4.450227            
6.204004            
2.533029            
5.468703            
5.874679            
6.150951            
2.897443            
6.762260            
4.938339            
3.386948            
3.232977            
3.293674            
3.873881            
5.086509            
4.684607            
7.164337            
4.905204            
6.320669            
2.961430            
4.504513            
6.668521            
11.720423           
6.056515            
5.063655            
4.153337            
3.440230            
4.959176            
4.127686            
5.014725            
5.599630            
4.029464            
3.703631            
4.675705            
3.330783            
3.905608            
6.408095            
5.466569            
4.005467            
3.005685            
7.291302            
4.271499            
4.817712            
7.534028            
4.361256            
5.991925            
6.191559            
4.777868            
7.415997            
4.539333            
10.195573           
5.123491            
3.676056            
11.245003           
8.319790            
4.562059            
5.880142            
4.952687            
4.642020            
4.472471            
4.908183            
4.101601            
5.479677            
3.958833            
4.211318            
3.339704            
6.369982            
3.713762            
3.330703            
5.045206            
8.997334            
4.353347            
4.134051            
7.497221            
2.853762            
4.857839            
2.784113            
3.176203            
4.526990            
4.177486            
4.487405            
6.121369            
6.711094            
4.356057            
2.188913            
5.211706            
3.356130            
4.036199            
4.581117            
6.099937            
3.948799            
5.389340            
5.276739            
8.282500            
5.847149            
4.625771            
4.869604            
6.261398            
6.392267            
3.543633            
2.472264            
3.722109            
4.168985            
5.259002            
4.039455            
4.431911            
3.682997            
6.230669            
6.199484            
4.408503            
4.439516            
4.346323            
3.236227            
3.813485            
4.307116            
3.256219            
7.978232            
5.200256            
4.917452            
4.491391            
3.713762            
3.935466            
6.269916            
4.864393            
6.932824            
5.367225            
4.162754            
3.147966            
2.960212            
4.056000            
3.275182            
4.500310            
4.747655            
4.361256            
3.402319            
5.020691            
4.932359            
3.745558            
7.608353            
6.173426            
4.632404            
4.017399            
3.362825            
5.075681            
6.251828            
2.986653            
4.372001            
3.768907            
3.609694            
5.962603            
4.493492            
3.659399            
4.887115            
3.082539            
5.141706            
4.964015            
7.578784            
5.791032            
4.402030            
5.550321            
4.642020            
6.393054            
5.623282            
3.700481            
5.166954            
3.390137            
6.102175            
4.756395            
4.337786            
3.042863            
4.803743            
4.863230            
4.038047            
4.860391            
9.093520            
5.883802            
2.380685            
6.391474            
3.937844            
4.161490            
4.348264            
4.245946            
3.436866            
2.630045            
7.911307            
9.871553            
4.399543            
3.516490            
3.069530            
3.908126            
4.849939            
4.533855            
6.923829            
4.478864            
5.575693            
6.978166            
8.073710            
3.852010            
4.594706            
2.798288            
4.264414            
7.360635            
4.831097            
3.422716            
3.113261            
4.415791            
4.250362            
4.282106            
8.584475            
5.242104            
3.020096            
4.724698            
3.901753            
3.458517            
4.237647            
6.607938            
4.029464            
8.669802            
2.647421            
4.116976            
5.238595            
3.732703            
3.173383            
3.579235            
3.304863            
4.201501            
3.854274            
5.617000            
6.096118            
5.762783            
3.042314            
7.053088            
4.401048            
3.421855            
4.742684            
8.020119            
2.855697            
3.411789            
4.533855            
5.594975            
3.110898            
4.595265            
3.147754            
5.264638            
5.144370            
6.552807            
3.788598            
6.937665            
5.791769            
3.074913            
6.121641            
4.141437            
3.747849            
6.576384            
6.996459            
8.499211            
6.996177            
7.716657            
3.876632            
6.006480            
3.470605            
5.352412            
5.929566            
4.402765            
6.571611            
4.162746            
4.534798            
8.195957            
2.922666            
3.422716            
5.082074            
4.797773            
4.049058            
3.669180            
2.471100            
6.980849            
4.268459            
6.270800            
4.361256            
4.865603            
8.476097            
6.947556            
4.636205            
3.949976            
4.949486            
6.162750            
5.662857            
3.834223            
4.478864            
5.245638            
5.509781            
4.692243            
3.707220            
4.855135            
4.125957            
3.916991            
5.335059            
6.591381            
5.377802            
5.422655            
5.076101            
4.697547            
5.648089            
5.002566            
5.066560            
5.515296            
4.649817            
5.814243            
2.378928            
3.793860            
3.186224            
6.996968            
3.790841            
4.908183            
4.773213            
3.980599            
4.372001            
7.123726            
4.861567            
4.372001            
5.420467            
3.160689            
5.140531            
4.731687            
5.369442            
4.708446            
4.422997            
7.549697            
5.411104            
4.687199            
3.686804            
7.765664            
5.767729            
4.879394            
6.206658            
7.618521            
5.896871            
4.612691            
6.872927            
5.336651            
5.422655            
3.724342            
5.843038            
4.019201            
8.447545            
5.352979            
5.188929            
4.676169            
4.151528            
4.303477            
5.231491            
3.795319            
5.985798            
3.730801            
5.234925            
2.708016            
3.825874            
4.103773            
5.765582            
5.828095            
4.719893            
2.956366            
4.842814            
4.820484            
3.154615            
4.492354            
4.797773            
4.390601            
4.393543            
5.867004            
3.417321            
6.109375            
5.227159            
4.982365            
5.596630            
5.674681            
4.502938            
4.691213            
6.485515            
2.594252            
7.046231            
7.695046            
3.003628            
5.737253            
4.708446            
3.811099            
8.568341            
5.641200            
5.741314            
5.580092            
4.239682            
4.471557            
3.965266            
2.207615            
3.936566            
5.168874            
4.976435            
4.193203            
5.133819            
3.420776            
5.422832            
3.798384            
4.797726            
3.313442            
5.575044            
6.427432            
3.791007            
9.021266            
3.513743            
4.254503            
4.890826            
5.813742            
2.884584            
6.812375            
3.853271            
5.297810            
3.992383            
3.538153            
3.437805            
6.761219            
3.356248            
3.786383            
4.014869            
4.954609            
4.118805            
5.930542            
3.276412            
3.209036            
2.882406            
5.334530            
4.699577            
4.836174            
4.234309            
3.813982            
3.210979            
5.808870            
3.629342            
5.831982            
4.239682            
4.480319            
3.372218            
3.614764            
5.745741            
4.272421            
4.695785            
8.259839            
5.000584            
3.813982            
5.569992            
4.092324            
4.852450            
3.695448            
6.903808            
3.366882            
4.102082            
3.753167            
6.023789            
6.891662            
4.111034            
5.074997            
5.626326            
8.441187            
5.660966            
5.803087            
8.086752            
1.723430            
6.455918            
6.380550            
3.206209            
4.480319            
4.290883            
4.079493            
3.799295            
3.971509            
3.066804            
6.235787            
3.354193            
8.352858            
5.118969            
3.361021            
5.639192            
3.067307            
3.924987            
3.634609            
7.742591            
3.907434            
6.481457            
2.287898            
5.217045            
4.761448            
4.528874            
3.710906            
4.029464            
4.008412            
5.974460            
4.810528            
4.055204            
5.095990            
4.479099            
6.576401            
3.791007            
4.744169            
8.113798            
6.336181            
3.196732            
3.791007            
5.781285            
4.290883            
4.829732            
4.535032            
3.991419            
2.960360            
5.798813            
4.724698            
4.245029            
5.762783            
6.107794            
3.841530            
6.477089            
3.863268            
3.341023            
2.752704            
3.724342            
8.959133            
4.573012            
4.439306            
3.237307            
3.980599            
4.076684            
4.024060            
4.659628            
2.519412            
4.873864            
5.734428            
5.423661            
7.197354            
3.296807            
3.628573            
4.308570            
4.153737            
4.414838            
6.138741            
4.623419            
4.620850            
5.546950            
5.661733            
7.737163            
2.696992            
4.305322            
4.888050            
3.335996            
2.690491            
3.669180            
4.718869            
4.317881            
6.101140            
3.763354            
5.596389            
10.599821           
3.987308            
2.933506            
3.235489            
5.397884            
4.155326            
5.671004            
5.586497            
5.192872            
5.574285            
6.705950            
8.312742            
4.462010            
4.177225            
5.815293            
6.840049            
5.671004            
7.925445            
4.062409            
4.478306            
6.103736            
4.616445            
4.823300            
3.125161            
5.424319            
6.549615            
4.026631            
3.826667            
3.681068            
5.203322            
4.226217            
3.478147            
5.686148            
4.784451            
4.029464            
5.303593            
5.950899            
3.896421            
4.733774            
3.276000            
3.861965            
3.209036            
7.409574            
4.493814            
3.095105            
4.194875            
5.375847            
6.392267            
3.630380            
3.949976            
6.120532            
4.518276            
5.741314            
4.205997            
4.071859            
3.772594            
3.073216            
5.225953            
4.204225            
4.047826            
3.730801            
5.465413            
4.606941            
4.725283            
5.756123            
4.272930            
5.066346            
3.713762            
5.972466            
2.674426            
3.387102            
4.693275            
5.711741            
4.642020            
3.113075            
4.309040            
3.459971            
6.172235            
5.164186            
4.156684            
6.032486            
3.874587            
5.822548            
6.311549            
8.432283            
6.355691            
8.074167            
6.525156            
3.220664            
5.045206            
4.252560            
5.439148            
3.813558            
5.891070            
4.513886            
3.992613            
5.021596            
6.151156            
6.405876            
5.094849            
5.459656            
4.378246            
4.597452            
3.774120            
2.889462            
4.352566            
4.680130            
9.105964            
4.348264            
4.696550            
5.535934            
5.607832            
5.811791            
3.350685            
3.294289            
5.447972            
2.683829            
4.026323            
3.384146            
6.022516            
5.021087            
3.921983            
3.258789            
5.644166            
4.372001            
6.196448            
6.668521            
5.097640            
3.004316            
6.507126            
3.301418            
5.391800            
3.518408            
2.899621            
6.540119            
3.846826            
5.342327            
3.984494            
7.240903            
5.968997            
4.878345            
3.843450            
5.353790            
4.059242            
3.943180            
3.933073            
6.436410            
5.815293            
5.209692            
5.029915            
4.153337            
4.689765            
4.846472            
6.949559            
8.806205            
4.268243            
8.019436            
3.764247            
3.696506            
4.313849            
7.730774            
5.287504            
4.278486            
4.956860            
5.718290            
7.220239            
3.875949            
3.207734            
3.059814            
4.283615            
6.728668            
5.357335            
4.895511            
4.183019            
5.827794            
5.298014            
5.064882            
3.715815            
4.826991            
6.334355            
2.783359            
4.484176            
5.765453            
4.733770            
4.372001            
3.791007            
5.602268            
9.252243            
8.429647            
4.009921            
5.108686            
5.805693            
5.592371            
3.816039            
5.323190            
6.207029            
6.773620            
5.147771            
2.559743            
6.961118            
4.043062            
6.009066            
6.337013            
3.797725            
3.270114            
6.191559            
3.293674            
8.988878            
3.018718            
5.113348            
5.774705            
3.668047            
3.803764            
5.188662            
3.280667            
4.817712            
5.108036            
4.040442            
2.934774            
3.854713            
4.965067            
4.959176            
7.170324            
7.648201            
3.647806            
6.120532            
8.441252            
1.280648            
6.191559            
5.272967            
4.829046            
5.468006            
3.820441            
4.869601            
3.569036            
4.609470            
3.147966            
4.156537            
4.090805            
4.725161            
4.697402            
6.498140            
3.380599            
3.235489            
4.592139            
5.575693            
4.505931            
3.455795            
4.365932            
3.018718            
7.070732            
5.795479            
5.909330            
7.507384            
6.166430            
4.341090            
4.512824            
9.371193            
3.174094            
5.997374            
5.074997            
3.135762            
4.821359            
4.781019            
4.091430            
4.090805            
4.210041            
5.381455            
4.139926            
4.795774            
5.629453            
3.972742            
5.586497            
5.141297            
6.704388            
3.147754            
2.769417            
4.537674            
4.959176            
6.429738            
4.426585            
3.307152            
3.280667            
3.652729            
3.199632            
4.585843            
6.455878            
4.280785            
5.823394            
3.550273            
5.999862            
3.922506            
3.952300            
4.066550            
3.680581            
3.602660            
4.120389            
3.969077            
3.098268            
4.448141            
3.747305            
5.900395            
6.399002            
8.469634            
3.458517            
5.408139            
5.113334            
8.577417            
4.290656            
5.074997            
7.697568            
4.794154            
5.030757            
4.190658            
8.734978            
3.291318            
6.927658            
4.383819            
7.303959            
4.427234            
3.832054            
4.052347            
4.037940            
4.366790            
4.847469            
4.231117            
2.709110            
5.758646            
4.408077            
4.724698            
4.066752            
5.831982            
5.430362            
3.814753            
5.177855            
5.420467            
3.186065            
5.791769            
6.356469            
3.221168            
9.716400            
8.481691            
3.513817            
3.787431            
5.153821            
2.862380            
7.750045            
7.942804            
2.588657            
3.313069            
3.887485            
3.943579            
5.652395            
4.238920            
4.942913            
5.741886            
9.048918            
4.125957            
4.645118            
3.826667            
4.469405            
5.089203            
3.905608            
4.588538            
6.104910            
3.401465            
7.084362            
8.709907            
4.704504            
3.630942            
4.521027            
5.274666            
3.740517            
4.043612            
3.224223            
4.380967            
3.187374            
4.552593            
3.641571            
5.035566            
2.980733            
5.327345            
4.610496            
6.381812            
4.026323            
3.512258            
6.789544            
2.945315            
6.307930            
3.816039            
3.856192            
7.301182            
4.606986            
5.717030            
