260                             1                   0.00000000228       16                  2.15                7.46                41.90               2605199.00          0                   0.016               0                   0                   19920.00            22.779445           120.239457          T 
261                             1                   0.00000000228       16                  2.15                7.46                41.90               2605199.00          0                   0.030               0                   0                   36381.00            22.748209           120.259399          T 
259                             1                   0.00000000228       16                  2.15                7.46                41.90               2605199.00          0                   0.012               0                   0                   14138.00            22.822246           120.228051          T 
281                             1                   0.00000000228       16                  2.15                7.46                41.90               2605199.00          1                   0.081               12.42               13.05               97800.00            22.805059           120.297891          T 
252                             1                   0.00000000228       16                  2.15                7.46                41.90               2605199.00          0                   0.030               0                   0                   37010.00            22.752524           120.300653          T 
272                             1                   0.00000000228       16                  2.15                7.46                41.90               2605199.00          3                   0.15                20.52               24.18               177579.00           22.721100           120.300758          T 
256                             1                   0.00000000228       16                  2.15                7.46                41.90               2605199.00          1                   0.044               22.90               24.12               53036.00            22.857242           120.265987          T 
271                             1                   0.00000000228       16                  2.15                7.46                41.90               2605199.00          3                   0.16                18.64               21.95               195436.00           22.683957           120.295159          T 
258                             1                   0.00000000228       16                  2.15                7.46                41.90               2605199.00          1                   0.025               39.34               41.47               30868.00            22.882414           120.198052          T 
257                             1                   0.00000000228       16                  2.15                7.46                41.90               2605199.00          0                   0.024               0                   0                   29203.00            22.893250           120.225937          T 
255                             1                   0.00000000228       16                  2.15                7.46                41.90               2605199.00          0                   0.025               0                   0                   29795.00            22.870229           120.321097          T 
253                             1                   0.00000000228       16                  2.15                7.46                41.90               2605199.00          0                   0.025               0                   0                   30542.00            22.787696           120.370799          T 
250                             1                   0.00000000228       16                  2.15                7.46                41.90               2605199.00          0                   0.065               0                   0                   79392.00            22.739835           120.370799          T 
270                             1                   0.00000000228       16                  2.15                7.46                41.90               2605199.00          0                   0.11                0                   0                   135102.00           22.650195           120.274163          T 
249                             1                   0.00000000228       16                  2.15                7.46                41.90               2605199.00          1                   0.028               35.62               37.54               34097.00            22.701208           120.360526          T 
273                             1                   0.00000000228       16                  2.15                7.46                41.90               2605199.00          0                   0.29                0                   0                   348488.00           22.649899           120.317919          T 
269                             1                   0.00000000228       16                  2.15                7.46                41.90               2605199.00          0                   0.021               0                   0                   25847.00            22.624246           120.284233          T 
275                             1                   0.00000000228       16                  2.15                7.46                41.90               2605199.00          0                   0.023               0                   0                   28038.00            22.626991           120.294422          T 
140                             1                   0.00000000228       16                  2.15                7.46                41.90               2605199.00          0                   0.060               0                   0                   72444.00            22.941309           120.241879          T 
274                             1                   0.00000000228       16                  2.15                7.46                41.90               2605199.00          0                   0.044               0                   0                   53170.00            22.629929           120.306734          T 
254                             1                   0.00000000228       16                  2.15                7.46                41.90               2605199.00          1                   0.0064              157.07              165.74              7732.00             22.863943           120.395984          T 
251                             1                   0.00000000228       16                  2.15                7.46                41.90               2605199.00          0                   0.036               0                   0                   43781.00            22.662493           120.372778          T 
276                             1                   0.00000000228       16                  2.15                7.46                41.90               2605199.00          0                   0.15                0                   0                   177716.00           22.623594           120.320910          T 
165                             1                   0.00000000228       16                  2.15                7.46                41.90               2605199.00          0                   0.055               0                   0                   67101.00            22.946795           120.293063          T 
146                             1                   0.00000000228       16                  2.15                7.46                41.90               2605199.00          1                   0.10                9.67                10.15               125611.00           22.955619           120.190374          T 
248                             1                   0.00000000228       16                  2.15                7.46                41.90               2605199.00          1                   0.036               27.97               29.47               43418.00            22.711004           120.425407          T 
170                             1                   0.00000000228       16                  2.15                7.46                41.90               2605199.00          0                   0.029               0                   0                   35105.00            22.955779           120.334282          T 
280                             1                   0.00000000228       16                  2.15                7.46                41.90               2605199.00          0                   0.29                0                   0                   352574.00           22.613793           120.355436          T 
277                             1                   0.00000000228       16                  2.15                7.46                41.90               2605199.00          3                   0.18                16.27               19.14               223875.00           22.585656           120.289154          T 
288                             2                   0.972               2                   0.21                9.58                10.59               253530.00           0                   0.073               0                   0                   88277.00            23.921735           120.678766          F 
289                             2                   0.972               2                   0.21                9.58                10.59               253530.00           0                   0.029               0                   0                   35518.00            23.851077           120.677440          F 
344                             2                   0.972               2                   0.21                9.58                10.59               253530.00           1                   0.036               27.68               29.17               43868.00            23.905364           120.602166          F 
294                             2                   0.972               2                   0.21                9.58                10.59               253530.00           1                   0.071               14.14               14.87               85867.00            23.983211           120.732618          F 
