257                             1                   1e-17               71                  2.47                28.75               46.66               310636.00           3                   0.23                13.18               13.38               28634.00            22.893250           120.225937          T 
258                             1                   1e-17               71                  2.47                28.75               46.66               310636.00           33                  0.25                130.69              159.61              31762.00            22.882414           120.198052          T 
140                             1                   1e-17               71                  2.47                28.75               46.66               310636.00           13                  0.54                23.88               25.65               68481.00            22.941309           120.241879          T 
256                             1                   1e-17               71                  2.47                28.75               46.66               310636.00           1                   0.43                2.31                2.32                54369.00            22.857242           120.265987          T 
146                             1                   1e-17               71                  2.47                28.75               46.66               310636.00           21                  1.01                20.74               23.33               127390.00           22.955619           120.190374          T 
235                             2                   0.00000000000226    73                  26.40               2.76                3.96                3321382.00          0                   0.100               0                   0                   12550.00            22.340003           120.371047          T 
226                             2                   0.00000000000226    73                  26.40               2.76                3.96                3321382.00          0                   0.40                0                   0                   50360.00            22.462656           120.475133          T 
229                             2                   0.00000000000226    73                  26.40               2.76                3.96                3321382.00          1                   0.17                5.96                5.99                21101.00            22.441421           120.512509          T 
284                             2                   0.00000000000226    73                  26.40               2.76                3.96                3321382.00          3                   0.56                5.32                5.39                70979.00            22.508137           120.399052          T 
216                             2                   0.00000000000226    73                  26.40               2.76                3.96                3321382.00          1                   0.17                5.79                5.82                21711.00            22.429806           120.547612          T 
223                             2                   0.00000000000226    73                  26.40               2.76                3.96                3321382.00          1                   0.31                3.21                3.22                39188.00            22.517190           120.450143          T 
219                             2                   0.00000000000226    73                  26.40               2.76                3.96                3321382.00          0                   0.096               0                   0                   12016.00            22.479807           120.518056          T 
279                             2                   0.00000000000226    73                  26.40               2.76                3.96                3321382.00          1                   1.22                0.82                0.82                153123.00           22.551402           120.359261          T 
221                             2                   0.00000000000226    73                  26.40               2.76                3.96                3321382.00          0                   0.14                0                   0                   17042.00            22.515282           120.500660          T 
227                             2                   0.00000000000226    73                  26.40               2.76                3.96                3321382.00          2                   0.22                9.27                9.36                27137.00            22.403342           120.597584          T 
224                             2                   0.00000000000226    73                  26.40               2.76                3.96                3321382.00          0                   0.087               0                   0                   10904.00            22.486763           120.584626          T 
247                             2                   0.00000000000226    73                  26.40               2.76                3.96                3321382.00          0                   0.87                0                   0                   109449.00           22.592836           120.411147          T 
277                             2                   0.00000000000226    73                  26.40               2.76                3.96                3321382.00          2                   1.83                1.09                1.09                230554.00           22.585656           120.289154          T 
232                             2                   0.00000000000226    73                  26.40               2.76                3.96                3321382.00          1                   0.45                2.22                2.22                56781.00            22.536429           120.556806          T 
238                             2                   0.00000000000226    73                  26.40               2.76                3.96                3321382.00          0                   0.43                0                   0                   54521.00            22.588495           120.476619          T 
228                             2                   0.00000000000226    73                  26.40               2.76                3.96                3321382.00          0                   0.049               0                   0                   6156.00             22.270870           120.656767          T 
280                             2                   0.00000000000226    73                  26.40               2.76                3.96                3321382.00          5                   2.70                1.85                1.88                339240.00           22.613793           120.355436          T 
237                             2                   0.00000000000226    73                  26.40               2.76                3.96                3321382.00          0                   0.15                0                   0                   18487.00            22.588556           120.526638          T 
276                             2                   0.00000000000226    73                  26.40               2.76                3.96                3321382.00          3                   1.48                2.02                2.04                186765.00           22.623594           120.320910          T 
269                             2                   0.00000000000226    73                  26.40               2.76                3.96                3321382.00          0                   0.22                0                   0                   28067.00            22.624246           120.284233          T 
275                             2                   0.00000000000226    73                  26.40               2.76                3.96                3321382.00          0                   0.24                0                   0                   29774.00            22.626991           120.294422          T 
274                             2                   0.00000000000226    73                  26.40               2.76                3.96                3321382.00          0                   0.45                0                   0                   56704.00            22.629929           120.306734          T 
225                             2                   0.00000000000226    73                  26.40               2.76                3.96                3321382.00          0                   0.039               0                   0                   4927.00             22.403998           120.697580          T 
273                             2                   0.00000000000226    73                  26.40               2.76                3.96                3321382.00          6                   2.83                2.12                2.16                355927.00           22.649899           120.317919          T 
251                             2                   0.00000000000226    73                  26.40               2.76                3.96                3321382.00          0                   0.33                0                   0                   41730.00            22.662493           120.372778          T 
239                             2                   0.00000000000226    73                  26.40               2.76                3.96                3321382.00          0                   0.18                0                   0                   22457.00            22.582335           120.601817          T 
270                             2                   0.00000000000226    73                  26.40               2.76                3.96                3321382.00          3                   1.00                3.00                3.04                125641.00           22.650195           120.274163          T 
217                             2                   0.00000000000226    73                  26.40               2.76                3.96                3321382.00          0                   0.061               0                   0                   7694.00             22.501572           120.685723          T 
220                             2                   0.00000000000226    73                  26.40               2.76                3.96                3321382.00          2                   1.71                1.17                1.17                214987.00           22.664738           120.479995          T 
246                             2                   0.00000000000226    73                  26.40               2.76                3.96                3321382.00          0                   0.092               0                   0                   11619.00            22.648764           120.529969          T 
234                             2                   0.00000000000226    73                  26.40               2.76                3.96                3321382.00          1                   0.039               25.42               25.55               4949.00             22.260849           120.735645          T 
271                             2                   0.00000000000226    73                  26.40               2.76                3.96                3321382.00          10                  1.50                6.67                7.00                188671.00           22.683957           120.295159          T 
249                             2                   0.00000000000226    73                  26.40               2.76                3.96                3321382.00          0                   0.26                0                   0                   32843.00            22.701208           120.360526          T 
218                             2                   0.00000000000226    73                  26.40               2.76                3.96                3321382.00          0                   0.47                0                   0                   59105.00            22.651169           120.588822          T 
248                             2                   0.00000000000226    73                  26.40               2.76                3.96                3321382.00          4                   0.35                11.29               11.52               44585.00            22.711004           120.425407          T 
272                             2                   0.00000000000226    73                  26.40               2.76                3.96                3321382.00          5                   1.35                3.69                3.77                170416.00           22.721100           120.300758          T 
242                             2                   0.00000000000226    73                  26.40               2.76                3.96                3321382.00          0                   0.25                0                   0                   30994.00            22.694550           120.555979          T 
230                             2                   0.00000000000226    73                  26.40               2.76                3.96                3321382.00          0                   0.039               0                   0                   4919.00             22.604085           120.691793          T 
250                             2                   0.00000000000226    73                  26.40               2.76                3.96                3321382.00          0                   0.55                0                   0                   68995.00            22.739835           120.370799          T 
215                             2                   0.00000000000226    73                  26.40               2.76                3.96                3321382.00          0                   0.18                0                   0                   23092.00            22.731668           120.484504          T 
252                             2                   0.00000000000226    73                  26.40               2.76                3.96                3321382.00          0                   0.29                0                   0                   36439.00            22.752524           120.300653          T 
261                             2                   0.00000000000226    73                  26.40               2.76                3.96                3321382.00          7                   0.29                23.81               24.73               36976.00            22.748209           120.259399          T 
119                             2                   0.00000000000226    73                  26.40               2.76                3.96                3321382.00          0                   0.030               0                   0                   3722.00             22.384307           120.835524          T 
240                             2                   0.00000000000226    73                  26.40               2.76                3.96                3321382.00          7                   0.079               88.46               91.98               9954.00             22.079156           120.743263          T 
236                             2                   0.00000000000226    73                  26.40               2.76                3.96                3321382.00          1                   0.068               14.73               14.80               8541.00             22.671078           120.679924          T 
245                             2                   0.00000000000226    73                  26.40               2.76                3.96                3321382.00          1                   0.22                4.56                4.58                27576.00            22.742536           120.569394          T 
253                             2                   0.00000000000226    73                  26.40               2.76                3.96                3321382.00          1                   0.25                4.03                4.05                31220.00            22.787696           120.370799          T 
233                             2                   0.00000000000226    73                  26.40               2.76                3.96                3321382.00          0                   0.039               0                   0                   4865.00             22.155529           120.817361          T 
260                             2                   0.00000000000226    73                  26.40               2.76                3.96                3321382.00          0                   0.16                0                   0                   20714.00            22.779445           120.239457          T 
281                             2                   0.00000000000226    73                  26.40               2.76                3.96                3321382.00          1                   0.77                1.30                1.30                96731.00            22.805059           120.297891          T 
241                             2                   0.00000000000226    73                  26.40               2.76                3.96                3321382.00          2                   0.21                9.56                9.65                26317.00            22.798548           120.506128          T 
110                             2                   0.00000000000226    73                  26.40               2.76                3.96                3321382.00          0                   0.055               0                   0                   6890.00             22.383595           120.899170          T 
259                             2                   0.00000000000226    73                  26.40               2.76                3.96                3321382.00          0                   0.11                0                   0                   14134.00            22.822246           120.228051          T 
222                             2                   0.00000000000226    73                  26.40               2.76                3.96                3321382.00          2                   0.25                8.08                8.16                31143.00            21.985316           120.763254          T 
267                             3                   0.934               3                   0.37                8.04                8.16                46922.00            0                   0.038               0                   0                   4747.00             23.224946           120.852338          F 
268                             3                   0.934               3                   0.37                8.04                8.16                46922.00            0                   0.028               0                   0                   3469.00             23.275008           120.741944          F 
116                             3                   0.934               3                   0.37                8.04                8.16                46922.00            0                   0.036               0                   0                   4537.00             23.114785           121.017567          F 
192                             3                   0.934               3                   0.37                8.04                8.16                46922.00            0                   0.049               0                   0                   6178.00             23.440776           120.759617          F 
263                             3                   0.934               3                   0.37                8.04                8.16                46922.00            2                   0.064               31.05               31.39               8102.00             23.116550           120.623289          F 
178                             3                   0.934               3                   0.37                8.04                8.16                46922.00            0                   0.035               0                   0                   4434.00             23.288484           120.589647          F 
262                             3                   0.934               3                   0.37                8.04                8.16                46922.00            1                   0.12                8.14                8.18                15455.00            23.011954           120.658563          F 
