1                               0                   1.13                0                   0                   
10                              0                   0.42                0                   0                   
100                             0                   0.062               0                   0                   
101                             0                   0.096               0                   0                   
102                             0                   0.17                0                   0                   
103                             0                   1.55                0                   0                   
104                             0                   0.11                0                   0                   
105                             0                   0.18                0                   0                   
106                             0                   0.079               0                   0                   
107                             0                   0.69                0                   0                   
108                             0                   0.15                0                   0                   
109                             0                   0.87                0                   0                   
11                              0                   0.12                0                   0                   
110                             0                   0.055               0                   0                   
111                             0                   0.096               0                   0                   
112                             0                   0.028               0                   0                   
113                             0                   0.13                0                   0                   
114                             0                   0.076               0                   0                   
115                             0                   0.074               0                   0                   
116                             0                   0.036               0                   0                   
117                             0                   0.025               0                   0                   
118                             0                   0.032               0                   0                   
119                             0                   0.030               0                   0                   
12                              0                   0.60                0                   0                   
120                             0                   0.026               0                   0                   
121                             0                   0.068               0                   0                   
122                             0                   0.079               0                   0                   
123                             0                   0.070               0                   0                   
124                             0                   0.11                0                   0                   
125                             0                   0.051               0                   0                   
126                             0                   0.62                0                   0                   
127                             0                   0.15                0                   0                   
128                             0                   0.096               0                   0                   
129                             0                   0.16                0                   0                   
13                              1                   1.05                0.95                0.95                
130                             0                   0.22                0                   0                   
131                             0                   0.10                0                   0                   
132                             0                   0.12                0                   0                   
133                             0                   0.88                0                   0                   
134                             0                   0.056               0                   0                   
135                             0                   0.038               0                   0                   
136                             0                   0.096               0                   0                   
137                             0                   0.20                0                   0                   
138                             0                   0.21                0                   0                   
139                             1                   0.64                1.56                1.57                
14                              0                   0.77                0                   0                   
140                             13                  0.54                23.88               25.65               
141                             0                   0.47                0                   0                   
142                             2                   0.19                10.39               10.50               
143                             0                   1.03                0                   0                   
144                             0                   0.100               0                   0                   
145                             0                   0.071               0                   0                   
146                             21                  1.01                20.74               23.33               
147                             0                   0.34                0                   0                   
148                             0                   0.089               0                   0                   
149                             0                   0.23                0                   0                   
15                              0                   0.17                0                   0                   
150                             2                   1.40                1.43                1.44                
151                             0                   0.24                0                   0                   
152                             0                   0.48                0                   0                   
153                             0                   0.18                0                   0                   
154                             0                   0.17                0                   0                   
155                             0                   0.064               0                   0                   
156                             0                   0.044               0                   0                   
157                             0                   0.21                0                   0                   
158                             0                   0.35                0                   0                   
159                             0                   0.28                0                   0                   
16                              0                   0.26                0                   0                   
160                             0                   0.63                0                   0                   
161                             0                   1.54                0                   0                   
162                             0                   0.19                0                   0                   
163                             0                   0.18                0                   0                   
164                             0                   0.086               0                   0                   
165                             1                   0.52                1.91                1.92                
166                             3                   1.69                1.78                1.79                
167                             1                   0.12                8.01                8.05                
168                             0                   0.25                0                   0                   
169                             0                   0.20                0                   0                   
17                              1                   2.88                0.35                0.34                
170                             0                   0.29                0                   0                   
171                             0                   0.22                0                   0                   
172                             0                   0.37                0                   0                   
173                             0                   0.035               0                   0                   
174                             0                   1.02                0                   0                   
175                             0                   1.16                0                   0                   
176                             0                   0.38                0                   0                   
177                             0                   0.21                0                   0                   
178                             0                   0.035               0                   0                   
179                             0                   0.27                0                   0                   
18                              1                   1.38                0.72                0.72                
180                             0                   0.29                0                   0                   
181                             0                   0.25                0                   0                   
182                             0                   0.28                0                   0                   
183                             0                   0.35                0                   0                   
184                             0                   0.23                0                   0                   
185                             0                   0.18                0                   0                   
186                             0                   0.58                0                   0                   
187                             0                   0.42                0                   0                   
188                             0                   0.13                0                   0                   
189                             0                   0.092               0                   0                   
19                              0                   0.64                0                   0                   
190                             0                   0.31                0                   0                   
191                             0                   0.17                0                   0                   
192                             0                   0.049               0                   0                   
193                             0                   0.14                0                   0                   
194                             0                   0.24                0                   0                   
195                             0                   0.23                0                   0                   
196                             0                   0.35                0                   0                   
197                             0                   0.25                0                   0                   
198                             0                   0.28                0                   0                   
199                             1                   0.21                4.66                4.68                
2                               0                   1.49                0                   0                   
20                              0                   0.72                0                   0                   
200                             0                   0.22                0                   0                   
201                             0                   0.25                0                   0                   
202                             0                   0.17                0                   0                   
203                             0                   0.22                0                   0                   
204                             0                   0.84                0                   0                   
205                             0                   0.38                0                   0                   
206                             0                   0.14                0                   0                   
207                             0                   0.16                0                   0                   
208                             0                   0.23                0                   0                   
209                             0                   0.24                0                   0                   
21                              0                   1.63                0                   0                   
210                             0                   0.56                0                   0                   
211                             0                   0.12                0                   0                   
212                             0                   0.39                0                   0                   
213                             0                   0.27                0                   0                   
214                             0                   0.058               0                   0                   
215                             0                   0.18                0                   0                   
216                             1                   0.17                5.79                5.82                
217                             0                   0.061               0                   0                   
218                             0                   0.47                0                   0                   
219                             0                   0.096               0                   0                   
22                              0                   0.083               0                   0                   
220                             2                   1.71                1.17                1.17                
221                             0                   0.14                0                   0                   
222                             2                   0.25                8.08                8.16                
223                             1                   0.31                3.21                3.22                
224                             0                   0.087               0                   0                   
225                             0                   0.039               0                   0                   
226                             0                   0.40                0                   0                   
227                             2                   0.22                9.27                9.36                
228                             0                   0.049               0                   0                   
229                             1                   0.17                5.96                5.99                
23                              0                   0.39                0                   0                   
230                             0                   0.039               0                   0                   
231                             0                   0.068               0                   0                   
232                             1                   0.45                2.22                2.22                
233                             0                   0.039               0                   0                   
234                             1                   0.039               25.42               25.55               
235                             0                   0.100               0                   0                   
236                             1                   0.068               14.73               14.80               
237                             0                   0.15                0                   0                   
238                             0                   0.43                0                   0                   
239                             0                   0.18                0                   0                   
24                              0                   3.16                0                   0                   
240                             7                   0.079               88.46               91.98               
241                             2                   0.21                9.56                9.65                
242                             0                   0.25                0                   0                   
243                             0                   0.021               0                   0                   
244                             0                   0.22                0                   0                   
245                             1                   0.22                4.56                4.58                
246                             0                   0.092               0                   0                   
247                             0                   0.87                0                   0                   
248                             4                   0.35                11.29               11.52               
249                             0                   0.26                0                   0                   
25                              0                   1.16                0                   0                   
250                             0                   0.55                0                   0                   
251                             0                   0.33                0                   0                   
252                             0                   0.29                0                   0                   
253                             1                   0.25                4.03                4.05                
254                             0                   0.067               0                   0                   
255                             0                   0.24                0                   0                   
256                             1                   0.43                2.31                2.32                
257                             3                   0.23                13.18               13.38               
258                             33                  0.25                130.69              159.61              
259                             0                   0.11                0                   0                   
26                              0                   1.08                0                   0                   
260                             0                   0.16                0                   0                   
261                             7                   0.29                23.81               24.73               
262                             1                   0.12                8.14                8.18                
263                             2                   0.064               31.05               31.39               
264                             1                   0.089               11.24               11.30               
265                             0                   0.13                0                   0                   
266                             0                   0.014               0                   0                   
267                             0                   0.038               0                   0                   
268                             0                   0.028               0                   0                   
269                             0                   0.22                0                   0                   
27                              0                   0.48                0                   0                   
270                             3                   1.00                3.00                3.04                
271                             10                  1.50                6.67                7.00                
272                             5                   1.35                3.69                3.77                
273                             6                   2.83                2.12                2.16                
274                             0                   0.45                0                   0                   
275                             0                   0.24                0                   0                   
276                             3                   1.48                2.02                2.04                
277 et al                       2                   1.83                1.09                1.09                
279                             1                   1.22                0.82                0.82                
28                              0                   0.90                0                   0                   
280                             5                   2.70                1.85                1.88                
281                             1                   0.77                1.30                1.30                
282                             0                   0.32                0                   0                   
283                             0                   0.35                0                   0                   
284                             3                   0.56                5.32                5.39                
285                             0                   0.11                0                   0                   
286                             0                   0.099               0                   0                   
287                             1                   0.11                9.11                9.15                
288                             0                   0.69                0                   0                   
289                             0                   0.28                0                   0                   
29                              0                   1.07                0                   0                   
290                             0                   0.14                0                   0                   
291                             0                   0.57                0                   0                   
292                             0                   0.14                0                   0                   
293                             0                   0.40                0                   0                   
294                             0                   0.66                0                   0                   
295                             0                   0.081               0                   0                   
296                             0                   0.12                0                   0                   
297                             0                   0.13                0                   0                   
298                             0                   0.19                0                   0                   
299                             1                   1.17                0.85                0.85                
3                               0                   0.57                0                   0                   
30                              0                   0.059               0                   0                   
300                             1                   1.92                0.52                0.52                
301                             0                   0.89                0                   0                   
302                             2                   1.18                1.70                1.71                
303                             0                   0.43                0                   0                   
304                             0                   0.086               0                   0                   
305                             0                   0.25                0                   0                   
306                             0                   0.16                0                   0                   
307                             0                   0.63                0                   0                   
308                             0                   0.44                0                   0                   
309                             1                   1.55                0.65                0.64                
31                              0                   0.14                0                   0                   
310                             1                   0.71                1.42                1.42                
311                             1                   1.37                0.73                0.73                
312                             0                   0.21                0                   0                   
313                             0                   0.43                0                   0                   
314                             0                   0.59                0                   0                   
315                             0                   0.44                0                   0                   
316                             0                   0.63                0                   0                   
317                             0                   0.68                0                   0                   
318                             0                   0.78                0                   0                   
319                             0                   0.54                0                   0                   
32                              0                   0.28                0                   0                   
320                             0                   0.13                0                   0                   
321                             0                   0.51                0                   0                   
322                             2                   0.93                2.14                2.16                
323                             0                   1.60                0                   0                   
324                             1                   1.31                0.76                0.76                
325                             0                   0.51                0                   0                   
326                             0                   0.58                0                   0                   
327                             0                   0.44                0                   0                   
328                             0                   0.13                0                   0                   
329                             0                   0.28                0                   0                   
33                              0                   0.15                0                   0                   
330                             0                   0.27                0                   0                   
331                             0                   0.71                0                   0                   
332                             0                   1.00                0                   0                   
333                             0                   0.28                0                   0                   
334                             0                   0.28                0                   0                   
335                             0                   0.25                0                   0                   
336                             0                   0.15                0                   0                   
337                             0                   0.29                0                   0                   
338                             1                   1.88                0.53                0.53                
339                             0                   0.31                0                   0                   
34                              0                   0.090               0                   0                   
340                             1                   0.25                3.93                3.94                
341                             0                   0.45                0                   0                   
342                             0                   0.36                0                   0                   
343                             0                   0.23                0                   0                   
344                             0                   0.36                0                   0                   
345                             0                   0.39                0                   0                   
346                             0                   0.31                0                   0                   
347                             0                   0.13                0                   0                   
348                             0                   0.14                0                   0                   
349                             0                   0.20                0                   0                   
35                              0                   0.13                0                   0                   
350                             0                   0.37                0                   0                   
351                             0                   0.29                0                   0                   
352                             0                   0.68                0                   0                   
36                              0                   0.32                0                   0                   
37                              0                   0.047               0                   0                   
38                              0                   0.040               0                   0                   
39                              0                   0.61                0                   0                   
4                               0                   0.035               0                   0                   
40                              0                   0.39                0                   0                   
41                              0                   0.72                0                   0                   
42                              0                   0.063               0                   0                   
43                              0                   0.31                0                   0                   
44                              0                   0.11                0                   0                   
45                              0                   0.16                0                   0                   
46                              0                   0.77                0                   0                   
47                              0                   0.093               0                   0                   
48                              0                   1.74                0                   0                   
49                              0                   1.27                0                   0                   
5                               0                   0.082               0                   0                   
50                              0                   1.82                0                   0                   
51                              0                   2.11                0                   0                   
52                              0                   1.99                0                   0                   
53                              0                   0.90                0                   0                   
54                              0                   2.28                0                   0                   
55                              0                   1.00                0                   0                   
56                              0                   2.50                0                   0                   
57                              0                   2.08                0                   0                   
58                              0                   1.68                0                   0                   
59                              0                   1.53                0                   0                   
6                               0                   0.11                0                   0                   
60                              1                   0.44                2.28                2.29                
61                              0                   0.41                0                   0                   
62                              0                   0.45                0                   0                   
63                              0                   0.40                0                   0                   
64                              0                   0.41                0                   0                   
65                              0                   0.68                0                   0                   
66                              0                   0.30                0                   0                   
67                              0                   0.17                0                   0                   
68                              0                   0.31                0                   0                   
69                              0                   0.41                0                   0                   
7                               0                   0.065               0                   0                   
70                              0                   0.046               0                   0                   
71                              0                   0.26                0                   0                   
72                              0                   0.20                0                   0                   
73                              0                   0.046               0                   0                   
74                              0                   0.76                0                   0                   
75                              0                   0.29                0                   0                   
76                              0                   0.59                0                   0                   
77                              0                   0.35                0                   0                   
78                              0                   0.25                0                   0                   
79                              0                   0.78                0                   0                   
8                               0                   0.048               0                   0                   
80                              0                   0.19                0                   0                   
81                              0                   3.06                0                   0                   
82                              0                   3.28                0                   0                   
83                              1                   0.62                1.62                1.62                
84                              0                   0.26                0                   0                   
85                              0                   1.89                0                   0                   
86                              0                   0.052               0                   0                   
87                              0                   0.044               0                   0                   
88                              0                   2.33                0                   0                   
89                              1                   3.17                0.32                0.31                
9                               0                   0.29                0                   0                   
90                              1                   4.38                0.23                0.22                
91                              0                   0.58                0                   0                   
92                              0                   1.34                0                   0                   
93                              2                   1.88                1.06                1.06                
94                              0                   1.46                0                   0                   
95                              0                   0.60                0                   0                   
96                              0                   1.08                0                   0                   
97                              0                   0.18                0                   0                   
98                              0                   0.045               0                   0                   
99                              0                   0.34                0                   0                   
