4.030100            
7.003687            
3.011341            
6.880588            
4.164516            
4.382764            
8.805980            
5.112183            
5.007361            
4.564862            
5.894362            
5.593964            
3.651905            
4.849849            
4.011441            
4.991340            
4.432837            
3.032303            
5.411406            
6.166180            
4.647526            
4.276008            
4.371455            
5.470965            
4.440632            
5.735105            
4.248542            
4.798842            
4.041905            
4.407171            
4.083912            
5.254739            
6.510916            
5.278676            
5.734230            
4.542273            
6.165821            
4.512199            
8.871963            
5.494775            
6.559921            
6.234525            
4.153738            
4.335078            
7.671465            
4.181315            
5.157027            
6.639757            
7.634320            
4.397055            
4.326296            
3.820629            
3.824416            
3.640827            
4.859578            
4.434268            
5.939173            
10.883723           
4.629600            
7.804060            
5.606865            
6.289094            
4.321953            
5.774990            
6.887716            
4.567003            
7.665135            
5.953923            
3.934405            
5.166610            
5.375313            
5.881431            
3.958877            
5.538601            
6.112356            
4.675952            
4.444264            
5.355465            
4.485329            
4.356110            
4.942292            
6.340235            
3.789431            
7.749110            
3.623101            
5.842592            
5.574260            
4.725383            
4.922908            
4.703604            
7.567897            
4.082285            
6.434549            
5.501604            
5.748304            
4.015075            
5.757042            
7.334972            
3.515346            
5.188687            
6.978594            
5.656059            
6.998615            
3.789192            
5.242879            
4.866731            
3.627980            
7.423366            
5.228514            
3.789431            
8.456665            
5.935948            
4.153738            
5.310751            
3.287996            
5.795518            
4.032448            
5.351284            
9.067319            
5.613339            
4.108996            
5.762571            
3.636489            
9.726859            
3.701629            
4.096621            
4.047288            
5.740626            
4.922862            
7.116956            
4.665994            
8.699241            
8.533744            
6.039930            
5.073834            
4.175211            
4.079772            
3.832710            
3.440839            
5.591399            
7.224460            
8.184422            
6.971882            
7.264634            
5.867495            
4.852133            
5.850518            
4.692700            
2.793976            
6.302533            
6.333979            
5.693205            
4.866731            
6.592964            
5.217525            
4.590925            
8.299802            
6.637359            
6.705987            
4.639069            
4.602901            
4.985410            
6.835530            
6.503802            
4.619739            
5.546559            
7.688710            
8.588203            
5.125467            
6.125815            
6.001340            
6.467299            
4.261637            
5.236398            
4.041094            
7.885064            
4.464830            
6.132146            
3.473458            
5.915836            
6.103957            
4.745669            
6.343986            
4.612579            
4.163948            
3.436330            
3.833135            
6.019813            
3.355424            
3.153297            
4.270770            
5.185647            
4.541947            
6.731668            
6.794270            
5.578256            
5.565381            
4.105812            
3.747245            
3.711839            
5.798369            
8.662425            
6.967270            
8.043752            
5.362537            
9.566422            
7.059770            
5.673457            
7.083172            
3.866357            
6.487010            
4.448858            
3.953174            
5.643542            
4.153738            
5.510143            
5.764612            
6.392680            
6.829088            
5.007998            
8.168686            
3.035160            
4.108779            
5.210436            
4.467889            
4.348550            
8.323269            
4.284693            
4.472694            
5.265558            
5.747824            
8.023508            
7.138709            
5.645313            
4.129496            
7.295769            
6.906833            
5.292845            
5.562088            
3.337966            
4.770131            
4.984410            
6.070497            
5.569405            
7.044577            
5.557020            
5.389396            
5.263742            
4.695852            
6.434138            
5.029480            
5.546559            
5.666427            
4.090725            
4.280783            
8.085401            
4.041905            
3.872051            
6.228777            
6.628795            
4.093844            
5.100061            
5.113318            
5.765260            
4.504346            
8.442155            
5.367670            
4.374046            
5.684505            
2.895007            
4.729268            
3.641388            
5.865663            
5.777353            
7.210820            
4.755131            
8.686165            
6.135063            
3.985402            
3.902588            
3.683534            
10.765963           
7.890080            
5.689451            
4.574141            
6.871112            
5.698051            
3.697082            
4.188574            
5.310751            
4.013069            
9.018741            
6.417432            
5.462535            
6.862898            
5.131591            
7.609744            
7.240990            
6.001340            
3.719305            
3.376371            
6.609921            
5.769562            
4.442824            
5.222262            
5.113060            
4.776730            
4.097665            
7.301634            
4.966636            
3.990377            
4.942297            
5.217355            
5.807827            
4.031842            
4.495604            
9.155002            
2.873195            
6.501814            
3.683251            
5.331868            
6.647425            
8.642139            
5.400473            
5.188280            
5.370274            
4.282200            
3.244310            
5.920628            
3.576509            
5.749722            
4.508637            
4.070080            
4.994516            
5.720899            
5.664009            
6.556117            
7.839835            
5.100726            
4.604571            
8.256183            
5.926935            
7.633919            
5.548230            
4.504346            
5.231708            
4.508637            
4.885378            
5.421169            
7.995684            
3.689279            
4.298804            
4.762495            
9.189458            
4.239126            
4.393104            
6.173749            
4.026431            
4.892144            
6.125815            
7.162915            
3.194011            
6.039289            
3.457275            
5.993849            
6.114597            
5.445140            
8.777061            
6.523161            
3.584508            
6.124380            
3.117375            
3.383372            
7.689250            
7.640231            
7.614526            
5.771406            
5.430221            
5.843832            
9.517576            
7.783377            
5.247325            
5.424893            
4.632927            
5.778637            
5.134189            
4.708144            
5.955609            
4.843963            
6.792760            
5.355465            
5.228514            
6.700939            
7.328449            
5.897918            
7.043257            
4.558231            
5.715876            
4.002294            
4.747172            
4.998331            
5.315828            
5.023371            
4.925579            
3.946342            
5.739559            
13.140329           
8.058812            
8.719531            
6.020441            
3.671826            
3.520987            
7.821102            
6.073896            
4.505578            
4.257995            
4.692251            
5.582346            
6.271807            
7.543332            
5.051529            
6.089821            
5.658734            
5.510143            
4.893752            
6.787146            
5.017976            
6.088594            
5.665964            
9.661137            
6.843690            
7.129128            
6.229832            
3.919607            
7.223799            
3.922167            
5.344117            
6.383579            
4.364618            
5.444288            
4.330048            
4.116343            
6.566775            
5.277122            
9.040488            
4.514284            
5.880263            
8.321198            
9.739235            
6.216440            
5.694832            
5.596910            
4.845492            
5.925551            
5.561937            
6.266714            
5.541058            
4.537530            
5.115022            
6.609921            
4.195107            
4.498678            
7.816090            
6.285238            
6.044235            
6.353642            
6.508932            
4.711590            
4.821507            
2.916808            
3.794973            
4.176513            
5.547970            
4.239126            
4.297223            
3.872331            
3.313957            
4.319914            
4.456257            
4.831755            
4.297223            
5.669271            
3.266556            
7.602009            
6.069009            
6.536939            
5.123623            
5.224681            
4.075317            
6.731229            
5.852341            
3.911517            
2.987292            
7.795631            
10.173425           
3.789431            
4.746352            
4.765396            
5.355361            
6.624762            
5.737563            
5.180146            
5.276066            
4.117539            
8.435883            
6.956130            
8.503944            
4.820761            
4.994856            
4.108996            
3.097973            
6.607322            
6.060870            
4.650952            
7.536906            
5.076689            
4.666036            
5.273235            
5.090514            
5.341707            
5.762341            
7.498599            
6.210366            
6.171304            
4.246311            
5.351393            
6.558019            
7.211895            
4.669413            
4.290918            
4.224678            
7.943701            
4.360250            
6.412185            
5.358713            
4.697622            
4.571603            
3.384934            
7.678536            
4.082945            
3.672906            
5.907099            
5.844276            
10.922710           
5.686038            
6.677834            
5.745056            
6.944153            
4.023986            
5.401493            
5.834363            
6.211197            
5.101687            
4.098280            
5.119180            
6.792760            
6.659961            
5.393349            
7.069017            
3.626257            
4.440083            
5.374932            
5.103084            
4.985118            
5.767586            
4.060499            
7.934146            
4.276008            
8.952668            
3.705159            
5.371545            
4.028281            
3.402826            
5.534421            
5.242483            
5.570211            
4.927854            
3.261862            
6.274800            
3.959871            
4.931997            
5.791312            
4.580192            
4.029195            
4.845492            
3.260232            
5.919024            
5.460410            
5.289413            
6.884830            
7.244583            
6.449237            
2.516022            
5.723776            
4.676456            
10.498772           
5.068984            
7.461705            
5.172710            
7.236462            
6.468868            
5.684505            
4.662316            
11.360050           
5.663491            
6.088660            
3.985012            
4.015075            
6.640801            
6.626199            
3.802321            
3.816241            
8.772522            
5.164504            
5.840250            
3.996364            
3.957977            
6.129353            
7.640927            
3.523774            
4.851247            
5.881261            
5.116207            
3.797904            
4.854584            
7.732375            
5.753702            
3.940156            
4.243769            
4.111122            
5.355465            
5.474396            
4.075317            
6.746796            
3.632904            
5.661135            
6.445188            
5.087272            
6.488691            
6.297681            
5.418954            
4.580991            
4.851989            
5.123623            
4.555789            
4.937315            
3.871145            
3.394257            
5.604680            
3.404516            
4.326296            
5.700004            
3.333066            
3.746578            
4.788304            
4.945603            
5.055206            
3.782710            
4.469794            
5.393349            
4.931507            
4.659215            
6.321967            
5.238256            
3.907338            
5.542142            
8.121564            
4.716449            
3.867051            
4.300909            
6.917359            
6.870966            
5.687820            
5.251562            
6.165821            
7.514687            
6.748567            
3.860770            
5.122106            
3.947662            
5.626005            
7.690021            
4.678213            
3.495815            
5.626581            
5.007998            
3.628121            
5.379127            
3.611741            
5.995222            
5.219096            
3.523774            
11.182862           
3.829815            
4.463718            
6.485528            
4.269322            
6.208731            
3.748802            
4.379532            
10.151602           
4.918962            
4.384362            
3.355845            
5.747033            
4.109061            
3.957095            
4.961761            
4.093009            
5.103559            
4.837986            
4.798842            
3.850850            
5.582346            
5.344356            
5.195693            
5.756648            
4.006485            
5.367603            
4.391863            
4.605959            
8.585056            
3.867897            
3.790234            
4.236724            
5.762132            
4.659510            
4.399598            
4.253276            
5.221519            
6.376761            
4.257459            
4.247180            
3.944573            
6.042099            
6.636190            
5.891003            
8.478778            
8.953366            
4.288297            
7.592123            
3.953592            
4.025344            
6.452858            
3.814905            
3.219188            
5.594088            
4.843963            
4.439790            
5.802916            
3.816865            
5.329037            
5.507015            
11.625814           
4.931409            
4.713376            
5.680913            
5.360633            
7.415166            
6.737722            
5.094690            
3.766537            
3.875908            
4.065610            
4.633668            
4.544641            
7.808005            
6.443341            
4.595102            
5.932492            
7.016882            
7.688930            
4.481243            
3.625565            
5.684380            
2.601830            
4.852133            
5.029013            
5.591399            
6.506164            
3.253482            
6.580188            
3.433807            
10.309621           
4.041094            
6.478849            
4.668412            
4.655616            
3.799785            
4.753774            
5.558246            
4.685315            
5.987231            
4.363580            
3.895100            
3.622027            
5.279232            
5.741748            
4.444431            
3.908946            
4.925168            
5.338007            
7.455102            
5.863997            
6.418023            
4.931997            
4.076290            
6.892197            
5.700004            
4.128395            
8.184383            
2.902370            
4.788304            
4.953638            
3.880655            
6.435031            
4.113040            
7.051171            
5.056262            
5.323145            
6.892197            
4.111352            
5.085841            
5.016125            
4.710807            
5.031282            
6.109566            
4.788304            
5.502208            
5.069953            
4.590321            
7.667487            
4.580270            
4.607429            
5.673457            
5.011423            
3.805966            
5.022657            
4.782085            
4.976935            
5.987367            
5.099244            
5.939137            
4.650093            
7.536827            
8.056070            
5.333253            
3.525661            
5.542870            
6.427454            
5.263742            
4.676456            
5.886250            
5.722905            
7.615521            
4.876619            
5.692069            
7.362441            
7.992343            
4.505578            
7.790862            
8.428060            
4.495979            
5.156238            
3.062928            
5.956217            
7.928048            
4.733577            
6.509839            
4.137534            
3.764831            
4.900939            
5.409177            
5.141597            
5.638084            
5.080644            
7.836052            
5.701514            
4.946045            
4.354576            
5.519140            
7.274241            
4.936958            
8.427243            
5.242483            
5.851074            
6.079712            
7.438253            
4.495979            
5.898391            
5.266039            
5.353025            
4.034680            
6.516898            
5.494775            
5.663015            
6.133739            
6.509839            
5.271401            
8.248539            
8.034334            
3.945908            
5.510143            
4.152704            
4.015682            
6.918035            
6.399446            
3.763763            
6.733795            
7.394231            
3.241767            
5.413698            
5.228425            
6.313154            
3.652121            
6.453024            
4.793867            
6.429302            
3.766679            
3.434598            
6.765395            
5.752164            
4.532066            
5.497008            
4.825381            
6.056923            
6.721608            
5.144069            
4.021607            
4.391863            
3.421702            
4.741862            
3.833926            
6.094931            
4.889870            
5.546559            
4.988722            
4.156795            
5.851118            
4.323663            
3.541647            
4.067563            
4.724058            
5.510035            
5.864385            
5.055206            
5.822465            
5.501604            
4.733955            
4.379848            
10.212060           
4.806434            
3.998384            
3.895100            
6.854568            
5.358861            
5.487426            
7.708721            
5.433516            
6.107685            
7.008431            
3.569275            
3.872051            
5.142482            
4.374046            
7.445047            
4.393912            
5.563411            
5.559756            
5.511977            
5.156212            
4.013720            
5.197158            
7.781135            
4.526860            
5.771608            
6.392156            
6.396214            
4.108996            
4.028574            
6.510856            
4.978936            
3.989849            
4.126126            
4.800762            
4.700627            
3.673781            
4.563810            
7.088584            
4.967155            
4.276443            
3.376821            
4.652684            
5.078760            
3.607581            
4.651038            
4.005663            
3.650735            
3.603144            
