4.453164            
7.372240            
5.236933            
7.119286            
4.033531            
6.012624            
5.975490            
6.638167            
3.889574            
4.826455            
10.897451           
5.202227            
4.445629            
6.765130            
3.594766            
4.564192            
5.745820            
4.442681            
4.907295            
5.180466            
7.027208            
4.206937            
4.272246            
5.515720            
6.315421            
5.910755            
5.934229            
5.986995            
4.837778            
6.091151            
5.871513            
5.771701            
4.608748            
4.841515            
3.932241            
6.824601            
5.792842            
6.282641            
5.217789            
7.631358            
3.935199            
4.532027            
5.876296            
6.346931            
6.195302            
3.891584            
5.044041            
4.402706            
4.528101            
4.655057            
4.890870            
5.417149            
5.070218            
3.394805            
5.255768            
5.846359            
4.404651            
4.743671            
4.757926            
3.512305            
5.077223            
7.454211            
6.613462            
6.584691            
4.420741            
4.624813            
7.426611            
7.127520            
5.254938            
5.682225            
6.166321            
3.189162            
4.108141            
5.025830            
4.614444            
4.754527            
5.923037            
7.649035            
3.690977            
4.299322            
5.776351            
3.193510            
3.357843            
5.691883            
5.618002            
4.367889            
7.707574            
4.459017            
6.396181            
5.712539            
5.751969            
3.825028            
10.362597           
9.291555            
4.617094            
8.227457            
7.846011            
4.734062            
10.209368           
5.502106            
10.586255           
4.213915            
4.490844            
5.434418            
7.540607            
3.656584            
5.207393            
6.726750            
6.273426            
4.915620            
3.573351            
3.824308            
4.327591            
4.776270            
4.598110            
4.571729            
9.991339            
3.750945            
3.436950            
5.313425            
8.289672            
7.314113            
4.685581            
7.650030            
5.468018            
3.821106            
6.528789            
6.205648            
5.063050            
4.587870            
4.453164            
4.595018            
2.988231            
5.831937            
3.671038            
5.592406            
4.263503            
7.201208            
3.844102            
6.049355            
6.763404            
4.227001            
4.066222            
5.531158            
4.130559            
3.607571            
6.168680            
7.856282            
12.334592           
7.231680            
6.217972            
8.422928            
6.162362            
8.743969            
4.786259            
3.477131            
4.889253            
4.801744            
5.928968            
4.691665            
3.637951            
5.366955            
4.962343            
6.007167            
5.199121            
4.357069            
7.654152            
5.435807            
4.154070            
7.558287            
4.003156            
4.241972            
5.991080            
5.852273            
5.288674            
4.084257            
4.577527            
7.349535            
5.138726            
4.737000            
4.132491            
8.029447            
7.111587            
6.246044            
7.376072            
5.180125            
7.004223            
7.071882            
5.254938            
4.263503            
5.474540            
6.037250            
5.590071            
6.474461            
3.816319            
5.305373            
10.436085           
7.935239            
4.733068            
5.162333            
6.992715            
5.622872            
7.716641            
4.224636            
8.714518            
5.659232            
5.426098            
7.137497            
6.401839            
7.196221            
4.909531            
4.562873            
7.300047            
6.630770            
4.745387            
7.004722            
4.228851            
6.087922            
3.802394            
4.561007            
5.452626            
4.003688            
4.269741            
4.307028            
8.970361            
4.512080            
4.360769            
5.613424            
6.203924            
4.800226            
5.874000            
4.971278            
6.139207            
5.748055            
5.662860            
3.747541            
6.597623            
4.622761            
5.657936            
5.839135            
4.930499            
3.767378            
7.359328            
5.276018            
5.554573            
5.191696            
6.487687            
3.249256            
7.846289            
5.928968            
4.269744            
5.734074            
7.110093            
4.985201            
5.600033            
4.272668            
5.895241            
4.791611            
5.291779            
5.026222            
5.258152            
6.135959            
4.136670            
5.931281            
5.316669            
7.220727            
5.299413            
4.685191            
4.861662            
5.486366            
5.608947            
3.546270            
5.382424            
5.208593            
4.206187            
4.487325            
5.431777            
6.818923            
6.582088            
6.383687            
3.992171            
4.490844            
4.850950            
7.312725            
4.931387            
4.952148            
6.684144            
9.262317            
5.818514            
5.552540            
4.592358            
8.123067            
6.898237            
5.645344            
5.886071            
5.470221            
3.474830            
6.708854            
6.424304            
4.226796            
6.917887            
5.438821            
5.714254            
6.173447            
4.889656            
4.267358            
6.450616            
7.122122            
4.555669            
4.234910            
7.825137            
6.426514            
6.187354            
4.281994            
6.115787            
8.554468            
4.776602            
4.744387            
4.560685            
4.971278            
4.883545            
5.116602            
8.734822            
8.142522            
4.545937            
4.550150            
9.465434            
4.498105            
4.086615            
4.562873            
5.090927            
5.795825            
4.295532            
7.755473            
8.902667            
4.026845            
2.876959            
7.258130            
5.081299            
7.126575            
4.567324            
5.114713            
3.854646            
4.212893            
4.996417            
5.547636            
4.756686            
3.994972            
4.713995            
8.765899            
5.151869            
4.191518            
6.556569            
4.304011            
3.831565            
5.789835            
4.562839            
7.972998            
5.022878            
4.197309            
6.354769            
5.150881            
6.643520            
6.067822            
3.985673            
6.813863            
7.823238            
5.098968            
4.237657            
4.957262            
4.533922            
3.778518            
4.975325            
5.627977            
4.383424            
7.320509            
3.488802            
7.387068            
8.114497            
6.331510            
4.269744            
5.304451            
5.242385            
5.508410            
7.713388            
6.575704            
3.666230            
4.408933            
6.218414            
4.485432            
3.980892            
4.876074            
3.667118            
8.372560            
5.333291            
7.794311            
6.376745            
4.282728            
8.672288            
5.484557            
6.190493            
4.257509            
5.768354            
6.407717            
4.102347            
5.848635            
7.413417            
3.945808            
9.885739            
3.496802            
5.425645            
4.679943            
4.445356            
5.557814            
5.025724            
4.687371            
4.161492            
8.401832            
4.758191            
4.569881            
4.557555            
5.334768            
8.102437            
4.343172            
4.411466            
4.510819            
4.274530            
7.262773            
6.121894            
4.405843            
6.364449            
4.759051            
4.962267            
5.232277            
4.645847            
5.186750            
4.988395            
6.858078            
4.513044            
5.805078            
5.146195            
3.035156            
5.705505            
5.625177            
3.850878            
5.227579            
6.501034            
4.363849            
4.791611            
3.708516            
9.986023            
6.242524            
4.807711            
3.998392            
6.315421            
3.115310            
4.936486            
7.430769            
6.050442            
5.856044            
5.867890            
4.026959            
9.388711            
4.136599            
5.016723            
7.119286            
4.024889            
7.500014            
5.343464            
4.381217            
5.402333            
4.705342            
7.851352            
4.367889            
4.896312            
5.389502            
3.627209            
6.256361            
6.590142            
3.995817            
4.051733            
6.096516            
3.136368            
5.471597            
4.300739            
5.994007            
6.524108            
5.556428            
6.972723            
4.616540            
6.450249            
4.768240            
4.178480            
7.014225            
5.236574            
4.559078            
4.614874            
5.654243            
3.850492            
4.830759            
3.627209            
6.533483            
5.574503            
4.706724            
8.507944            
5.928167            
5.807759            
5.135160            
4.728631            
5.842380            
7.616438            
5.236628            
4.274812            
3.930825            
6.613031            
4.855968            
4.687343            
4.996532            
7.393210            
4.490844            
5.699306            
6.155833            
4.827306            
9.069224            
5.795487            
7.022271            
7.699698            
5.544370            
4.374444            
4.993993            
4.392338            
5.910341            
5.399515            
5.345591            
4.995137            
6.681526            
4.408933            
5.055617            
7.980110            
7.449759            
4.234910            
4.600791            
5.782459            
6.079046            
5.504415            
4.242253            
4.491998            
4.337866            
10.430645           
4.531008            
4.901356            
4.926698            
5.506783            
5.135076            
3.160291            
4.578457            
3.319117            
4.183895            
4.909182            
8.466333            
4.830166            
5.607756            
8.067341            
4.248308            
4.885883            
4.587870            
3.338127            
4.583972            
6.707542            
5.885903            
3.734726            
4.598519            
4.451405            
6.425819            
4.798113            
4.218981            
5.055617            
5.465429            
7.111398            
5.025830            
5.460948            
4.946390            
6.282378            
4.765552            
6.580716            
4.726331            
4.640902            
4.776877            
5.683337            
5.643504            
6.042989            
4.271942            
3.836202            
4.915892            
8.753308            
7.370086            
4.313583            
5.642731            
4.866832            
3.821106            
4.552729            
5.535670            
5.243281            
4.098087            
5.523435            
6.431946            
3.516361            
4.817926            
3.407639            
4.868015            
4.374742            
3.597451            
4.274831            
4.967508            
4.103301            
4.331920            
3.672363            
5.371051            
3.813620            
4.849004            
4.475199            
7.429546            
4.657281            
7.346682            
4.120421            
5.210344            
6.292435            
4.047759            
11.291555           
4.094271            
5.656144            
4.523083            
5.739386            
5.194169            
5.060889            
5.920803            
4.354892            
4.896813            
3.762251            
7.423865            
7.265815            
3.249256            
4.067106            
5.307425            
3.985039            
6.977999            
9.670750            
7.359328            
4.487325            
5.354002            
4.159518            
4.375600            
4.690429            
4.707920            
8.490330            
4.971875            
3.712295            
6.113150            
4.594148            
3.455736            
4.792483            
4.919704            
7.112965            
3.391851            
4.246676            
3.229485            
5.915648            
5.104909            
5.062202            
7.762171            
6.488801            
6.597195            
4.546298            
5.135076            
5.372287            
6.265261            
4.262128            
4.890870            
4.567381            
4.691880            
4.459144            
5.228364            
4.701034            
5.404937            
7.550477            
3.880523            
4.917245            
4.605465            
7.277633            
4.325770            
6.035663            
4.155098            
5.983139            
5.593176            
6.262449            
6.861471            
5.969425            
5.231884            
3.465600            
4.946390            
8.515303            
4.655872            
3.950099            
5.054651            
6.103103            
5.587582            
5.962379            
4.861662            
5.962379            
4.302952            
5.412744            
5.665646            
4.289404            
5.354013            
9.285074            
5.236933            
5.531388            
5.817543            
3.767228            
7.835199            
5.959687            
5.547636            
4.519821            
4.452974            
4.144063            
3.666230            
6.686743            
3.209975            
5.719271            
5.272171            
4.687343            
6.520247            
5.907258            
7.840412            
4.504562            
6.659570            
5.508141            
6.836120            
6.419279            
4.404409            
6.281452            
6.921174            
6.025073            
6.939047            
4.133992            
4.389405            
4.023783            
4.337186            
6.126290            
6.984925            
5.004133            
4.690944            
5.086191            
8.880377            
6.546543            
6.324461            
3.723714            
4.228851            
4.281560            
5.653186            
6.024272            
5.346962            
6.716675            
4.871271            
4.125585            
6.187558            
5.804541            
5.643313            
4.530412            
3.744205            
5.904968            
2.286283            
5.620909            
6.984455            
4.759412            
4.325770            
6.715141            
5.547636            
4.023746            
6.445358            
4.010213            
5.884221            
4.345598            
6.409608            
5.680301            
4.753045            
6.577011            
5.619105            
4.185844            
5.684868            
5.700069            
4.046626            
5.263835            
5.035248            
5.265310            
4.772726            
6.447703            
8.597764            
7.007089            
4.303514            
6.288855            
4.458597            
3.590357            
6.176010            
10.404640           
3.844381            
5.146720            
5.849834            
4.183895            
4.652220            
4.382715            
5.113248            
5.034888            
6.125465            
5.055191            
5.118622            
6.450770            
4.097015            
3.073167            
4.282824            
5.270816            
6.154750            
4.183777            
5.843960            
5.224939            
4.813361            
4.043198            
6.090338            
3.863470            
4.361661            
5.602463            
8.419926            
4.959269            
9.627744            
6.367556            
5.031777            
5.346721            
5.375087            
5.669689            
3.971024            
4.673096            
4.490463            
5.258388            
5.250876            
6.038942            
8.407218            
7.290364            
6.179151            
6.130706            
6.660281            
8.269240            
4.246454            
4.621460            
6.340222            
7.371691            
6.052317            
5.146491            
4.357990            
5.920457            
3.616823            
6.054273            
9.866404            
3.890733            
6.733961            
4.927566            
3.085916            
5.637527            
5.608512            
5.861018            
7.153260            
4.129490            
5.853472            
5.343464            
13.639116           
6.386521            
5.206110            
6.327406            
6.221055            
6.262767            
4.984332            
4.336329            
5.803869            
4.235407            
3.882046            
4.555172            
5.633688            
3.953567            
4.437451            
6.123977            
4.871271            
5.516723            
6.450810            
4.269236            
6.218118            
5.507424            
6.139073            
4.724617            
5.746991            
4.625188            
8.760399            
6.886232            
5.816798            
3.849404            
3.088283            
5.156308            
5.649618            
5.788652            
7.144912            
5.966367            
4.292071            
3.575194            
5.529083            
4.429052            
5.559305            
4.702382            
5.604960            
5.629850            
8.103018            
5.208592            
3.199531            
5.267200            
5.451355            
5.228353            
4.212452            
4.604510            
4.135233            
3.655362            
7.032995            
5.133116            
3.094240            
6.167328            
8.466333            
6.065026            
6.941601            
6.578761            
9.572376            
8.055238            
4.047101            
4.427450            
4.000231            
6.392474            
4.363904            
5.281820            
7.660527            
6.533560            
4.199594            
4.751407            
5.622235            
5.370606            
5.148057            
6.689393            
4.464020            
5.110420            
5.679667            
5.623436            
7.405779            
5.092928            
3.952847            
6.188393            
4.676807            
6.414710            
5.730964            
4.700363            
4.225106            
4.728631            
9.701269            
3.249256            
6.503676            
7.609991            
5.976078            
6.169328            
5.791307            
4.123629            
5.919017            
5.565405            
5.280337            
5.127830            
3.981378            
12.534633           
5.308526            
4.578273            
7.476975            
6.284632            
3.715582            
7.686494            
5.138503            
7.163399            
4.456645            
4.776270            
6.897164            
4.306982            
4.359138            
5.804432            
6.833498            
5.490785            
5.936703            
3.811458            
5.023391            
4.473873            
