219                             1                   1e-17               347                 72.99               4.75                21.04               3961619.00          0                   0.20                0                   0                   10857.00            22.479807           120.518056          F 
229                             1                   1e-17               347                 72.99               4.75                21.04               3961619.00          2                   0.35                5.74                5.77                18896.00            22.441421           120.512509          F 
221                             1                   1e-17               347                 72.99               4.75                21.04               3961619.00          0                   0.30                0                   0                   16155.00            22.515282           120.500660          F 
226                             1                   1e-17               347                 72.99               4.75                21.04               3961619.00          2                   0.89                2.26                2.26                48058.00            22.462656           120.475133          F 
216                             1                   1e-17               347                 72.99               4.75                21.04               3961619.00          1                   0.37                2.73                2.73                19905.00            22.429806           120.547612          F 
224                             1                   1e-17               347                 72.99               4.75                21.04               3961619.00          0                   0.19                0                   0                   10058.00            22.486763           120.584626          F 
232                             1                   1e-17               347                 72.99               4.75                21.04               3961619.00          3                   1.01                2.98                2.99                54719.00            22.536429           120.556806          F 
223                             1                   1e-17               347                 72.99               4.75                21.04               3961619.00          1                   0.67                1.50                1.50                36217.00            22.517190           120.450143          F 
227                             1                   1e-17               347                 72.99               4.75                21.04               3961619.00          3                   0.46                6.48                6.52                25120.00            22.403342           120.597584          F 
237                             1                   1e-17               347                 72.99               4.75                21.04               3961619.00          0                   0.32                0                   0                   17544.00            22.588556           120.526638          F 
284                             1                   1e-17               347                 72.99               4.75                21.04               3961619.00          7                   1.30                5.40                5.47                70401.00            22.508137           120.399052          F 
238                             1                   1e-17               347                 72.99               4.75                21.04               3961619.00          0                   0.95                0                   0                   51647.00            22.588495           120.476619          F 
239                             1                   1e-17               347                 72.99               4.75                21.04               3961619.00          0                   0.38                0                   0                   20765.00            22.582335           120.601817          F 
247                             1                   1e-17               347                 72.99               4.75                21.04               3961619.00          3                   2.06                1.46                1.46                111663.00           22.592836           120.411147          F 
217                             1                   1e-17               347                 72.99               4.75                21.04               3961619.00          0                   0.14                0                   0                   7570.00             22.501572           120.685723          F 
279                             1                   1e-17               347                 72.99               4.75                21.04               3961619.00          2                   2.88                0.69                0.69                156256.00           22.551402           120.359261          F 
246                             1                   1e-17               347                 72.99               4.75                21.04               3961619.00          0                   0.21                0                   0                   11231.00            22.648764           120.529969          F 
225                             1                   1e-17               347                 72.99               4.75                21.04               3961619.00          0                   0.089               0                   0                   4806.00             22.403998           120.697580          F 
218                             1                   1e-17               347                 72.99               4.75                21.04               3961619.00          0                   1.03                0                   0                   55644.00            22.651169           120.588822          F 
220                             1                   1e-17               347                 72.99               4.75                21.04               3961619.00          2                   3.73                0.54                0.53                202562.00           22.664738           120.479995          F 
235                             1                   1e-17               347                 72.99               4.75                21.04               3961619.00          0                   0.23                0                   0                   12517.00            22.340003           120.371047          F 
280                             1                   1e-17               347                 72.99               4.75                21.04               3961619.00          14                  6.56                2.13                2.17                356320.00           22.613793           120.355436          F 
230                             1                   1e-17               347                 72.99               4.75                21.04               3961619.00          1                   0.096               10.40               10.43               5217.00             22.604085           120.691793          F 
242                             1                   1e-17               347                 72.99               4.75                21.04               3961619.00          1                   0.56                1.79                1.79                30305.00            22.694550           120.555979          F 
251                             1                   1e-17               347                 72.99               4.75                21.04               3961619.00          3                   0.81                3.70                3.72                43965.00            22.662493           120.372778          F 
276                             1                   1e-17               347                 72.99               4.75                21.04               3961619.00          5                   3.22                1.56                1.56                174515.00           22.623594           120.320910          F 
277                             1                   1e-17               347                 72.99               4.75                21.04               3961619.00          15                  4.08                3.67                3.77                221601.00           22.585656           120.289154          F 
236                             1                   1e-17               347                 72.99               4.75                21.04               3961619.00          1                   0.15                6.79                6.80                7999.00             22.671078           120.679924          F 
228                             1                   1e-17               347                 72.99               4.75                21.04               3961619.00          1                   0.10                9.62                9.64                5644.00             22.270870           120.656767          F 
274                             1                   1e-17               347                 72.99               4.75                21.04               3961619.00          0                   0.96                0                   0                   51955.00            22.629929           120.306734          F 
248                             1                   1e-17               347                 72.99               4.75                21.04               3961619.00          5                   0.80                6.29                6.35                43161.00            22.711004           120.425407          F 
273                             1                   1e-17               347                 72.99               4.75                21.04               3961619.00          12                  6.38                1.88                1.91                346169.00           22.649899           120.317919          F 
275                             1                   1e-17               347                 72.99               4.75                21.04               3961619.00          1                   0.50                1.98                1.98                27388.00            22.626991           120.294422          F 
215                             1                   1e-17               347                 72.99               4.75                21.04               3961619.00          1                   0.41                2.46                2.46                22090.00            22.731668           120.484504          F 
269                             1                   1e-17               347                 72.99               4.75                21.04               3961619.00          0                   0.46                0                   0                   25032.00            22.624246           120.284233          F 
249                             1                   1e-17               347                 72.99               4.75                21.04               3961619.00          4                   0.64                6.28                6.33                34566.00            22.701208           120.360526          F 
245                             1                   1e-17               347                 72.99               4.75                21.04               3961619.00          1                   0.49                2.06                2.06                26361.00            22.742536           120.569394          F 
270                             1                   1e-17               347                 72.99               4.75                21.04               3961619.00          7                   2.52                2.78                2.81                136665.00           22.650195           120.274163          F 
271                             1                   1e-17               347                 72.99               4.75                21.04               3961619.00          48                  3.62                13.28               14.83               196244.00           22.683957           120.295159          F 
250                             1                   1e-17               347                 72.99               4.75                21.04               3961619.00          1                   1.52                0.66                0.66                82614.00            22.739835           120.370799          F 
234                             1                   1e-17               347                 72.99               4.75                21.04               3961619.00          2                   0.089               22.59               22.69               4806.00             22.260849           120.735645          F 
119                             1                   1e-17               347                 72.99               4.75                21.04               3961619.00          0                   0.066               0                   0                   3589.00             22.384307           120.835524          F 
272                             1                   1e-17               347                 72.99               4.75                21.04               3961619.00          45                  3.32                13.57               15.06               179931.00           22.721100           120.300758          F 
241                             1                   1e-17               347                 72.99               4.75                21.04               3961619.00          2                   0.50                4.01                4.03                27040.00            22.798548           120.506128          F 
120                             1                   1e-17               347                 72.99               4.75                21.04               3961619.00          0                   0.066               0                   0                   3586.00             22.581617           120.857038          F 
253                             1                   1e-17               347                 72.99               4.75                21.04               3961619.00          4                   0.56                7.21                7.27                30124.00            22.787696           120.370799          F 
252                             1                   1e-17               347                 72.99               4.75                21.04               3961619.00          3                   0.69                4.36                4.39                37317.00            22.752524           120.300653          F 
244                             1                   1e-17               347                 72.99               4.75                21.04               3961619.00          0                   0.46                0                   0                   25163.00            22.809920           120.601768          F 
214                             1                   1e-17               347                 72.99               4.75                21.04               3961619.00          1                   0.14                7.05                7.06                7701.00             22.797868           120.686522          F 
261                             1                   1e-17               347                 72.99               4.75                21.04               3961619.00          18                  0.67                26.82               27.96               36429.00            22.748209           120.259399          F 
110                             1                   1e-17               347                 72.99               4.75                21.04               3961619.00          0                   0.12                0                   0                   6324.00             22.383595           120.899170          F 
243                             1                   1e-17               347                 72.99               4.75                21.04               3961619.00          0                   0.061               0                   0                   3329.00             22.759905           120.800810          F 
281                             1                   1e-17               347                 72.99               4.75                21.04               3961619.00          6                   1.80                3.33                3.36                97827.00            22.805059           120.297891          F 
282                             1                   1e-17               347                 72.99               4.75                21.04               3961619.00          0                   0.70                0                   0                   37770.00            22.864970           120.475455          F 
260                             1                   1e-17               347                 72.99               4.75                21.04               3961619.00          2                   0.36                5.52                5.54                19655.00            22.779445           120.239457          F 
254                             1                   1e-17               347                 72.99               4.75                21.04               3961619.00          1                   0.14                7.26                7.28                7473.00             22.863943           120.395984          F 
283                             1                   1e-17               347                 72.99               4.75                21.04               3961619.00          1                   0.75                1.33                1.33                40810.00            22.900055           120.563463          F 
233                             1                   1e-17               347                 72.99               4.75                21.04               3961619.00          0                   0.088               0                   0                   4767.00             22.155529           120.817361          F 
255                             1                   1e-17               347                 72.99               4.75                21.04               3961619.00          1                   0.54                1.85                1.85                29319.00            22.870229           120.321097          F 
259                             1                   1e-17               347                 72.99               4.75                21.04               3961619.00          0                   0.26                0                   0                   14152.00            22.822246           120.228051          F 
111                             1                   1e-17               347                 72.99               4.75                21.04               3961619.00          0                   0.21                0                   0                   11374.00            22.590981           120.979764          F 
256                             1                   1e-17               347                 72.99               4.75                21.04               3961619.00          5                   0.98                5.12                5.17                53033.00            22.857242           120.265987          F 
240                             1                   1e-17               347                 72.99               4.75                21.04               3961619.00          10                  0.16                60.87               62.30               8917.00             22.079156           120.743263          F 
265                             1                   1e-17               347                 72.99               4.75                21.04               3961619.00          0                   0.28                0                   0                   14978.00            22.956688           120.471927          F 
173                             1                   1e-17               347                 72.99               4.75                21.04               3961619.00          0                   0.077               0                   0                   4196.00             22.954823           120.386937          F 
266                             1                   1e-17               347                 72.99               4.75                21.04               3961619.00          0                   0.035               0                   0                   1890.00             22.919933           120.752384          F 
257                             1                   1e-17               347                 72.99               4.75                21.04               3961619.00          4                   0.55                7.33                7.39                29615.00            22.893250           120.225937          F 
258                             1                   1e-17               347                 72.99               4.75                21.04               3961619.00          41                  0.56                72.84               80.47               30551.00            22.882414           120.198052          F 
170                             1                   1e-17               347                 72.99               4.75                21.04               3961619.00          0                   0.64                0                   0                   34719.00            22.955779           120.334282          F 
165                             1                   1e-17               347                 72.99               4.75                21.04               3961619.00          1                   1.25                0.80                0.80                67906.00            22.946795           120.293063          F 
264                             1                   1e-17               347                 72.99               4.75                21.04               3961619.00          1                   0.23                4.38                4.39                12383.00            22.996947           120.562197          F 
231                             1                   1e-17               347                 72.99               4.75                21.04               3961619.00          0                   0.15                0                   0                   7999.00             22.049300           120.843568          F 
140                             1                   1e-17               347                 72.99               4.75                21.04               3961619.00          14                  1.36                10.28               10.60               73887.00            22.941309           120.241879          F 
108                             1                   1e-17               347                 72.99               4.75                21.04               3961619.00          0                   0.32                0                   0                   17507.00            22.764945           121.001552          F 
222                             1                   1e-17               347                 72.99               4.75                21.04               3961619.00          6                   0.57                10.55               10.68               30874.00            21.985316           120.763254          F 
262                             1                   1e-17               347                 72.99               4.75                21.04               3961619.00          1                   0.25                4.03                4.04                13467.00            23.011954           120.658563          F 
156                             1                   1e-17               347                 72.99               4.75                21.04               3961619.00          0                   0.093               0                   0                   5071.00             23.026046           120.412392          F 
146                             1                   1e-17               347                 72.99               4.75                21.04               3961619.00          31                  2.32                13.38               14.35               125738.00           22.955619           120.190374          F 
259                             2                   1e-17               223                 18.82               11.85               23.70               1021728.00          0                   0.26                0                   0                   14152.00            22.822246           120.228051          T 
260                             2                   1e-17               223                 18.82               11.85               23.70               1021728.00          2                   0.36                5.52                5.54                19655.00            22.779445           120.239457          T 
256                             2                   1e-17               223                 18.82               11.85               23.70               1021728.00          5                   0.98                5.12                5.17                53033.00            22.857242           120.265987          T 
258                             2                   1e-17               223                 18.82               11.85               23.70               1021728.00          41                  0.56                72.84               80.47               30551.00            22.882414           120.198052          T 
281                             2                   1e-17               223                 18.82               11.85               23.70               1021728.00          6                   1.80                3.33                3.36                97827.00            22.805059           120.297891          T 
257                             2                   1e-17               223                 18.82               11.85               23.70               1021728.00          4                   0.55                7.33                7.39                29615.00            22.893250           120.225937          T 
261                             2                   1e-17               223                 18.82               11.85               23.70               1021728.00          18                  0.67                26.82               27.96               36429.00            22.748209           120.259399          T 
252                             2                   1e-17               223                 18.82               11.85               23.70               1021728.00          3                   0.69                4.36                4.39                37317.00            22.752524           120.300653          T 
255                             2                   1e-17               223                 18.82               11.85               23.70               1021728.00          1                   0.54                1.85                1.85                29319.00            22.870229           120.321097          T 
140                             2                   1e-17               223                 18.82               11.85               23.70               1021728.00          14                  1.36                10.28               10.60               73887.00            22.941309           120.241879          T 
272                             2                   1e-17               223                 18.82               11.85               23.70               1021728.00          45                  3.32                13.57               15.06               179931.00           22.721100           120.300758          T 
253                             2                   1e-17               223                 18.82               11.85               23.70               1021728.00          4                   0.56                7.21                7.27                30124.00            22.787696           120.370799          T 
146                             2                   1e-17               223                 18.82               11.85               23.70               1021728.00          31                  2.32                13.38               14.35               125738.00           22.955619           120.190374          T 
165                             2                   1e-17               223                 18.82               11.85               23.70               1021728.00          1                   1.25                0.80                0.80                67906.00            22.946795           120.293063          T 
271                             2                   1e-17               223                 18.82               11.85               23.70               1021728.00          48                  3.62                13.28               14.83               196244.00           22.683957           120.295159          T 
234                             3                   0.00000000000000600 119                 49.46               2.41                2.95                2684520.00          2                   0.089               22.59               22.69               4806.00             22.260849           120.735645          T 
228                             3                   0.00000000000000600 119                 49.46               2.41                2.95                2684520.00          1                   0.10                9.62                9.64                5644.00             22.270870           120.656767          T 
233                             3                   0.00000000000000600 119                 49.46               2.41                2.95                2684520.00          0                   0.088               0                   0                   4767.00             22.155529           120.817361          T 
225                             3                   0.00000000000000600 119                 49.46               2.41                2.95                2684520.00          0                   0.089               0                   0                   4806.00             22.403998           120.697580          T 
119                             3                   0.00000000000000600 119                 49.46               2.41                2.95                2684520.00          0                   0.066               0                   0                   3589.00             22.384307           120.835524          T 
240                             3                   0.00000000000000600 119                 49.46               2.41                2.95                2684520.00          10                  0.16                60.87               62.30               8917.00             22.079156           120.743263          T 
227                             3                   0.00000000000000600 119                 49.46               2.41                2.95                2684520.00          3                   0.46                6.48                6.52                25120.00            22.403342           120.597584          T 
110                             3                   0.00000000000000600 119                 49.46               2.41                2.95                2684520.00          0                   0.12                0                   0                   6324.00             22.383595           120.899170          T 
231                             3                   0.00000000000000600 119                 49.46               2.41                2.95                2684520.00          0                   0.15                0                   0                   7999.00             22.049300           120.843568          T 
216                             3                   0.00000000000000600 119                 49.46               2.41                2.95                2684520.00          1                   0.37                2.73                2.73                19905.00            22.429806           120.547612          T 
217                             3                   0.00000000000000600 119                 49.46               2.41                2.95                2684520.00          0                   0.14                0                   0                   7570.00             22.501572           120.685723          T 
224                             3                   0.00000000000000600 119                 49.46               2.41                2.95                2684520.00          0                   0.19                0                   0                   10058.00            22.486763           120.584626          T 
229                             3                   0.00000000000000600 119                 49.46               2.41                2.95                2684520.00          2                   0.35                5.74                5.77                18896.00            22.441421           120.512509          T 
222                             3                   0.00000000000000600 119                 49.46               2.41                2.95                2684520.00          6                   0.57                10.55               10.68               30874.00            21.985316           120.763254          T 
219                             3                   0.00000000000000600 119                 49.46               2.41                2.95                2684520.00          0                   0.20                0                   0                   10857.00            22.479807           120.518056          T 
226                             3                   0.00000000000000600 119                 49.46               2.41                2.95                2684520.00          2                   0.89                2.26                2.26                48058.00            22.462656           120.475133          T 
232                             3                   0.00000000000000600 119                 49.46               2.41                2.95                2684520.00          3                   1.01                2.98                2.99                54719.00            22.536429           120.556806          T 
221                             3                   0.00000000000000600 119                 49.46               2.41                2.95                2684520.00          0                   0.30                0                   0                   16155.00            22.515282           120.500660          T 
120                             3                   0.00000000000000600 119                 49.46               2.41                2.95                2684520.00          0                   0.066               0                   0                   3586.00             22.581617           120.857038          T 
239                             3                   0.00000000000000600 119                 49.46               2.41                2.95                2684520.00          0                   0.38                0                   0                   20765.00            22.582335           120.601817          T 
230                             3                   0.00000000000000600 119                 49.46               2.41                2.95                2684520.00          1                   0.096               10.40               10.43               5217.00             22.604085           120.691793          T 
235                             3                   0.00000000000000600 119                 49.46               2.41                2.95                2684520.00          0                   0.23                0                   0                   12517.00            22.340003           120.371047          T 
223                             3                   0.00000000000000600 119                 49.46               2.41                2.95                2684520.00          1                   0.67                1.50                1.50                36217.00            22.517190           120.450143          T 
237                             3                   0.00000000000000600 119                 49.46               2.41                2.95                2684520.00          0                   0.32                0                   0                   17544.00            22.588556           120.526638          T 
284                             3                   0.00000000000000600 119                 49.46               2.41                2.95                2684520.00          7                   1.30                5.40                5.47                70401.00            22.508137           120.399052          T 
111                             3                   0.00000000000000600 119                 49.46               2.41                2.95                2684520.00          0                   0.21                0                   0                   11374.00            22.590981           120.979764          T 
238                             3                   0.00000000000000600 119                 49.46               2.41                2.95                2684520.00          0                   0.95                0                   0                   51647.00            22.588495           120.476619          T 
218                             3                   0.00000000000000600 119                 49.46               2.41                2.95                2684520.00          0                   1.03                0                   0                   55644.00            22.651169           120.588822          T 
236                             3                   0.00000000000000600 119                 49.46               2.41                2.95                2684520.00          1                   0.15                6.79                6.80                7999.00             22.671078           120.679924          T 
246                             3                   0.00000000000000600 119                 49.46               2.41                2.95                2684520.00          0                   0.21                0                   0                   11231.00            22.648764           120.529969          T 
247                             3                   0.00000000000000600 119                 49.46               2.41                2.95                2684520.00          3                   2.06                1.46                1.46                111663.00           22.592836           120.411147          T 
279                             3                   0.00000000000000600 119                 49.46               2.41                2.95                2684520.00          2                   2.88                0.69                0.69                156256.00           22.551402           120.359261          T 
242                             3                   0.00000000000000600 119                 49.46               2.41                2.95                2684520.00          1                   0.56                1.79                1.79                30305.00            22.694550           120.555979          T 
220                             3                   0.00000000000000600 119                 49.46               2.41                2.95                2684520.00          2                   3.73                0.54                0.53                202562.00           22.664738           120.479995          T 
280                             3                   0.00000000000000600 119                 49.46               2.41                2.95                2684520.00          14                  6.56                2.13                2.17                356320.00           22.613793           120.355436          T 
243                             3                   0.00000000000000600 119                 49.46               2.41                2.95                2684520.00          0                   0.061               0                   0                   3329.00             22.759905           120.800810          T 
245                             3                   0.00000000000000600 119                 49.46               2.41                2.95                2684520.00          1                   0.49                2.06                2.06                26361.00            22.742536           120.569394          T 
251                             3                   0.00000000000000600 119                 49.46               2.41                2.95                2684520.00          3                   0.81                3.70                3.72                43965.00            22.662493           120.372778          T 
215                             3                   0.00000000000000600 119                 49.46               2.41                2.95                2684520.00          1                   0.41                2.46                2.46                22090.00            22.731668           120.484504          T 
277                             3                   0.00000000000000600 119                 49.46               2.41                2.95                2684520.00          15                  4.08                3.67                3.77                221601.00           22.585656           120.289154          T 
276                             3                   0.00000000000000600 119                 49.46               2.41                2.95                2684520.00          5                   3.22                1.56                1.56                174515.00           22.623594           120.320910          T 
248                             3                   0.00000000000000600 119                 49.46               2.41                2.95                2684520.00          5                   0.80                6.29                6.35                43161.00            22.711004           120.425407          T 
214                             3                   0.00000000000000600 119                 49.46               2.41                2.95                2684520.00          1                   0.14                7.05                7.06                7701.00             22.797868           120.686522          T 
274                             3                   0.00000000000000600 119                 49.46               2.41                2.95                2684520.00          0                   0.96                0                   0                   51955.00            22.629929           120.306734          T 
275                             3                   0.00000000000000600 119                 49.46               2.41                2.95                2684520.00          1                   0.50                1.98                1.98                27388.00            22.626991           120.294422          T 
273                             3                   0.00000000000000600 119                 49.46               2.41                2.95                2684520.00          12                  6.38                1.88                1.91                346169.00           22.649899           120.317919          T 
269                             3                   0.00000000000000600 119                 49.46               2.41                2.95                2684520.00          0                   0.46                0                   0                   25032.00            22.624246           120.284233          T 
249                             3                   0.00000000000000600 119                 49.46               2.41                2.95                2684520.00          4                   0.64                6.28                6.33                34566.00            22.701208           120.360526          T 
108                             3                   0.00000000000000600 119                 49.46               2.41                2.95                2684520.00          0                   0.32                0                   0                   17507.00            22.764945           121.001552          T 
244                             3                   0.00000000000000600 119                 49.46               2.41                2.95                2684520.00          0                   0.46                0                   0                   25163.00            22.809920           120.601768          T 
270                             3                   0.00000000000000600 119                 49.46               2.41                2.95                2684520.00          7                   2.52                2.78                2.81                136665.00           22.650195           120.274163          T 
241                             3                   0.00000000000000600 119                 49.46               2.41                2.95                2684520.00          2                   0.50                4.01                4.03                27040.00            22.798548           120.506128          T 
268                             4                   0.999               14                  7.16                1.95                1.99                388686.00           0                   0.058               0                   0                   3149.00             23.275008           120.741944          F 
267                             4                   0.999               14                  7.16                1.95                1.99                388686.00           0                   0.078               0                   0                   4239.00             23.224946           120.852338          F 
178                             4                   0.999               14                  7.16                1.95                1.99                388686.00           0                   0.28                0                   0                   15113.00            23.288484           120.589647          F 
192                             4                   0.999               14                  7.16                1.95                1.99                388686.00           0                   0.35                0                   0                   19258.00            23.440776           120.759617          F 
263                             4                   0.999               14                  7.16                1.95                1.99                388686.00           2                   0.12                17.26               17.33               6291.00             23.116550           120.623289          F 
189                             4                   0.999               14                  7.16                1.95                1.99                388686.00           0                   0.60                0                   0                   32797.00            23.427657           120.607534          F 
164                             4                   0.999               14                  7.16                1.95                1.99                388686.00           0                   0.18                0                   0                   10032.00            23.178859           120.517030          F 
176                             4                   0.999               14                  7.16                1.95                1.99                388686.00           0                   0.37                0                   0                   20010.00            23.404090           120.536531          F 
145                             4                   0.999               14                  7.16                1.95                1.99                388686.00           0                   0.16                0                   0                   8893.00             23.115111           120.544122          F 
190                             4                   0.999               14                  7.16                1.95                1.99                388686.00           0                   0.30                0                   0                   16119.00            23.503765           120.596577          F 
168                             4                   0.999               14                  7.16                1.95                1.99                388686.00           2                   0.54                3.71                3.72                29271.00            23.351321           120.457856          F 
162                             4                   0.999               14                  7.16                1.95                1.99                388686.00           0                   0.40                0                   0                   21603.00            23.278319           120.444121          F 
262                             4                   0.999               14                  7.16                1.95                1.99                388686.00           1                   0.25                4.03                4.04                13467.00            23.011954           120.658563          F 
185                             4                   0.999               14                  7.16                1.95                1.99                388686.00           0                   0.22                0                   0                   11865.00            23.555355           120.638746          F 
116                             4                   0.999               14                  7.16                1.95                1.99                388686.00           0                   0.080               0                   0                   4322.00             23.114785           121.017567          F 
167                             4                   0.999               14                  7.16                1.95                1.99                388686.00           2                   0.27                7.54                7.58                14388.00            23.114809           120.460962          F 
264                             4                   0.999               14                  7.16                1.95                1.99                388686.00           1                   0.23                4.38                4.39                12383.00            22.996947           120.562197          F 
174                             4                   0.999               14                  7.16                1.95                1.99                388686.00           4                   2.26                1.77                1.77                122900.00           23.481703           120.470624          F 
142                             4                   0.999               14                  7.16                1.95                1.99                388686.00           2                   0.42                4.81                4.82                22586.00            23.227267           120.380026          F 
