259                             1                   1e-17               150                 11.75               12.76               27.84               1006580.00          0                   0.17                0                   0                   14301.00            22.822246           120.228051          F 
260                             1                   1e-17               150                 11.75               12.76               27.84               1006580.00          1                   0.24                4.19                4.20                20433.00            22.779445           120.239457          F 
256                             1                   1e-17               150                 11.75               12.76               27.84               1006580.00          3                   0.63                4.78                4.82                53791.00            22.857242           120.265987          F 
258                             1                   1e-17               150                 11.75               12.76               27.84               1006580.00          35                  0.37                95.35               109.58              31433.00            22.882414           120.198052          F 
281                             1                   1e-17               150                 11.75               12.76               27.84               1006580.00          4                   1.13                3.53                3.57                97102.00            22.805059           120.297891          F 
257                             1                   1e-17               150                 11.75               12.76               27.84               1006580.00          4                   0.34                11.88               12.05               28827.00            22.893250           120.225937          F 
261                             1                   1e-17               150                 11.75               12.76               27.84               1006580.00          12                  0.43                27.98               29.25               36726.00            22.748209           120.259399          F 
252                             1                   1e-17               150                 11.75               12.76               27.84               1006580.00          2                   0.43                4.70                4.73                36415.00            22.752524           120.300653          F 
255                             1                   1e-17               150                 11.75               12.76               27.84               1006580.00          0                   0.35                0                   0                   30383.00            22.870229           120.321097          F 
140                             1                   1e-17               150                 11.75               12.76               27.84               1006580.00          14                  0.81                17.29               18.19               69343.00            22.941309           120.241879          F 
272                             1                   1e-17               150                 11.75               12.76               27.84               1006580.00          17                  2.02                8.41                8.92                173053.00           22.721100           120.300758          F 
253                             1                   1e-17               150                 11.75               12.76               27.84               1006580.00          1                   0.36                2.78                2.79                30790.00            22.787696           120.370799          F 
146                             1                   1e-17               150                 11.75               12.76               27.84               1006580.00          27                  1.47                18.32               20.27               126173.00           22.955619           120.190374          F 
165                             1                   1e-17               150                 11.75               12.76               27.84               1006580.00          1                   0.77                1.30                1.30                65819.00            22.946795           120.293063          F 
271                             1                   1e-17               150                 11.75               12.76               27.84               1006580.00          29                  2.24                12.93               14.39               191991.00           22.683957           120.295159          F 
259                             2                   1e-17               120                 8.74                13.72               24.11               748770.00           0                   0.17                0                   0                   14301.00            22.822246           120.228051          T 
260                             2                   1e-17               120                 8.74                13.72               24.11               748770.00           1                   0.24                4.19                4.20                20433.00            22.779445           120.239457          T 
256                             2                   1e-17               120                 8.74                13.72               24.11               748770.00           3                   0.63                4.78                4.82                53791.00            22.857242           120.265987          T 
258                             2                   1e-17               120                 8.74                13.72               24.11               748770.00           35                  0.37                95.35               109.58              31433.00            22.882414           120.198052          T 
281                             2                   1e-17               120                 8.74                13.72               24.11               748770.00           4                   1.13                3.53                3.57                97102.00            22.805059           120.297891          T 
257                             2                   1e-17               120                 8.74                13.72               24.11               748770.00           4                   0.34                11.88               12.05               28827.00            22.893250           120.225937          T 
261                             2                   1e-17               120                 8.74                13.72               24.11               748770.00           12                  0.43                27.98               29.25               36726.00            22.748209           120.259399          T 
252                             2                   1e-17               120                 8.74                13.72               24.11               748770.00           2                   0.43                4.70                4.73                36415.00            22.752524           120.300653          T 
255                             2                   1e-17               120                 8.74                13.72               24.11               748770.00           0                   0.35                0                   0                   30383.00            22.870229           120.321097          T 
140                             2                   1e-17               120                 8.74                13.72               24.11               748770.00           14                  0.81                17.29               18.19               69343.00            22.941309           120.241879          T 
272                             2                   1e-17               120                 8.74                13.72               24.11               748770.00           17                  2.02                8.41                8.92                173053.00           22.721100           120.300758          T 
253                             2                   1e-17               120                 8.74                13.72               24.11               748770.00           1                   0.36                2.78                2.79                30790.00            22.787696           120.370799          T 
146                             2                   1e-17               120                 8.74                13.72               24.11               748770.00           27                  1.47                18.32               20.27               126173.00           22.955619           120.190374          T 
165                             2                   1e-17               120                 8.74                13.72               24.11               748770.00           n/a                 n/a                 n/a                 n/a                 n/a                 22.946795           120.293063          T 
271                             2                   1e-17               120                 8.74                13.72               24.11               748770.00           n/a                 n/a                 n/a                 n/a                 n/a                 22.683957           120.295159          T 
270                             3                   0.00000000000197    33                  5.08                6.49                7.27                435264.00           3                   1.54                1.95                1.96                131728.00           22.650195           120.274163          T 
269                             3                   0.00000000000197    33                  5.08                6.49                7.27                435264.00           0                   0.32                0                   0                   27399.00            22.624246           120.284233          T 
275                             3                   0.00000000000197    33                  5.08                6.49                7.27                435264.00           1                   0.34                2.97                2.97                28859.00            22.626991           120.294422          T 
274                             3                   0.00000000000197    33                  5.08                6.49                7.27                435264.00           0                   0.65                0                   0                   55287.00            22.629929           120.306734          T 
271                             3                   0.00000000000197    33                  5.08                6.49                7.27                435264.00           29                  2.24                12.93               14.39               191991.00           22.683957           120.295159          T 
240                             4                   0.00000000558       8                   0.11                71.17               73.34               9625.00             8                   0.11                71.17               73.34               9625.00             22.079156           120.743263          T 
262                             5                   0.374               4                   0.40                10.10               10.24               33903.00            1                   0.17                5.77                5.79                14833.00            23.011954           120.658563          F 
264                             5                   0.374               4                   0.40                10.10               10.24               33903.00            1                   0.14                7.23                7.25                11842.00            22.996947           120.562197          F 
263                             5                   0.374               4                   0.40                10.10               10.24               33903.00            2                   0.084               23.69               23.87               7228.00             23.116550           120.623289          F 
216                             6                   0.580               5                   0.80                6.22                6.32                68859.00            1                   0.25                4.01                4.02                21377.00            22.429806           120.547612          F 
229                             6                   0.580               5                   0.80                6.22                6.32                68859.00            1                   0.24                4.11                4.12                20854.00            22.441421           120.512509          F 
227                             6                   0.580               5                   0.80                6.22                6.32                68859.00            3                   0.31                9.65                9.75                26628.00            22.403342           120.597584          F 
251                             7                   0.958               18                  9.00                2.00                2.07                770678.00           0                   0.50                0                   0                   42595.00            22.662493           120.372778          F 
249                             7                   0.958               18                  9.00                2.00                2.07                770678.00           2                   0.38                5.20                5.23                32941.00            22.701208           120.360526          F 
280                             7                   0.958               18                  9.00                2.00                2.07                770678.00           9                   3.98                2.26                2.30                341120.00           22.613793           120.355436          F 
273                             7                   0.958               18                  9.00                2.00                2.07                770678.00           7                   4.13                1.69                1.71                354022.00           22.649899           120.317919          F 
215                             8                   0.977               4                   0.78                5.13                5.19                66814.00            0                   0.27                0                   0                   22859.00            22.731668           120.484504          F 
248                             8                   0.977               4                   0.78                5.13                5.19                66814.00            4                   0.51                7.79                7.90                43955.00            22.711004           120.425407          F 
