6.323795            
5.984691            
4.369113            
4.120491            
6.190745            
4.025092            
6.380612            
6.216778            
5.617258            
4.900758            
3.680372            
4.056152            
4.478460            
5.079253            
3.549288            
5.772760            
5.693427            
3.942269            
5.140044            
5.193282            
4.751839            
5.153391            
5.342956            
4.666733            
5.271686            
3.762084            
5.119515            
5.143833            
3.609761            
5.140295            
5.746188            
5.742592            
6.013828            
7.009085            
5.756549            
6.800437            
7.244498            
5.971270            
5.311881            
6.835275            
5.526563            
4.120384            
5.561814            
6.517583            
3.673187            
4.577944            
3.830210            
4.629833            
4.127444            
2.856136            
3.984710            
9.740168            
4.640868            
4.215706            
5.714563            
8.321757            
4.373352            
5.969734            
6.769166            
3.645063            
3.852939            
6.340466            
7.286094            
5.896815            
5.897549            
5.259062            
5.377185            
4.981161            
4.147020            
5.034248            
6.192990            
4.942276            
5.361316            
6.157437            
4.354474            
7.302887            
5.471522            
4.306582            
4.037671            
6.132967            
5.454380            
5.950755            
3.683096            
6.104105            
5.545243            
4.080324            
7.306482            
3.711550            
5.393017            
4.417961            
6.780130            
5.298681            
8.683456            
6.373061            
7.946837            
5.126969            
3.624308            
4.259691            
4.369232            
5.576047            
5.197091            
4.978505            
5.617931            
7.137501            
5.811856            
5.780076            
5.392552            
6.858516            
4.083107            
3.895348            
6.318470            
8.397672            
6.848669            
6.452196            
3.798198            
4.900368            
7.914213            
3.836709            
6.350036            
4.586537            
4.809900            
5.411009            
3.924168            
5.827617            
5.326502            
6.451642            
7.347694            
5.360254            
6.687134            
3.609858            
4.377887            
5.397300            
4.751103            
4.820872            
4.878297            
3.800405            
4.908979            
4.891605            
5.106787            
5.160275            
6.414872            
5.342956            
3.607381            
6.203001            
4.149378            
6.858759            
5.254449            
5.448918            
3.465242            
4.215706            
7.061819            
4.685289            
4.312877            
7.128142            
5.533452            
5.015046            
3.368437            
3.268842            
6.124757            
4.234236            
5.660222            
6.443457            
4.288594            
5.399513            
5.611451            
4.828964            
6.689710            
3.300461            
4.418229            
6.016527            
3.782728            
4.847663            
5.532989            
6.271772            
6.851663            
4.344410            
3.997966            
3.725374            
4.440831            
4.380121            
5.409303            
4.055067            
7.493623            
4.356471            
5.199162            
4.271244            
5.350171            
3.149967            
4.355939            
5.712178            
5.242500            
6.376774            
7.242571            
5.349936            
5.589214            
7.654533            
6.102674            
6.921264            
5.365785            
15.167116           
5.346145            
7.608026            
4.901434            
9.342625            
4.318408            
4.746193            
3.878877            
4.308526            
6.203166            
5.077398            
5.019356            
4.368896            
8.846554            
4.554386            
4.970972            
8.675916            
7.528475            
4.462452            
6.018898            
5.625085            
5.895190            
5.351398            
4.635409            
2.668126            
4.933020            
5.536858            
4.963153            
7.805721            
6.180042            
4.215706            
5.298635            
8.710074            
4.322728            
5.200143            
3.850054            
5.471871            
6.417512            
6.667533            
6.610187            
6.276174            
6.243220            
4.193625            
7.397997            
8.382123            
4.332023            
4.369372            
4.872383            
7.004098            
4.868687            
5.422680            
6.025358            
4.111985            
3.949107            
6.034892            
4.780472            
7.956282            
3.892233            
4.113529            
3.975658            
5.345301            
5.882981            
4.847772            
5.517799            
6.511345            
4.582024            
7.572982            
3.822109            
6.192279            
6.376701            
4.400720            
9.662960            
7.220639            
5.533856            
11.437426           
4.560249            
6.128247            
6.074565            
6.498885            
4.476884            
4.144226            
5.536475            
5.349021            
3.721728            
6.491240            
7.215770            
7.588378            
4.843742            
5.983828            
5.984961            
6.045130            
5.617402            
4.595801            
7.198663            
5.247893            
6.992694            
7.449910            
3.340661            
5.002798            
5.312692            
3.892804            
5.250543            
5.894853            
7.571479            
6.473885            
4.924966            
6.020893            
3.433214            
5.390840            
7.146673            
4.149378            
4.787853            
5.236728            
4.333177            
5.038722            
5.718702            
5.827406            
6.738721            
4.766658            
4.601477            
4.682831            
3.990839            
8.307548            
7.636098            
5.353163            
3.534513            
5.895190            
6.645186            
5.950755            
4.043170            
4.302804            
4.725779            
5.676742            
5.871593            
5.890804            
4.269814            
5.658762            
4.858141            
5.112503            
6.875352            
5.769863            
5.277189            
7.824424            
7.285863            
6.916523            
5.328016            
5.466762            
4.979082            
6.029033            
5.440886            
7.968133            
5.207467            
5.185629            
4.532041            
3.503510            
5.740521            
4.395676            
6.872070            
5.102608            
4.508298            
8.105064            
5.169886            
5.846025            
4.750640            
5.267785            
4.942276            
8.541750            
6.865220            
5.894987            
5.358645            
4.286187            
4.846458            
4.153564            
4.766658            
4.825547            
4.310932            
4.067184            
5.673737            
5.822056            
6.320930            
5.658687            
4.743847            
3.896228            
5.558202            
3.660653            
4.034318            
6.661804            
3.172078            
12.423330           
6.358834            
5.355356            
4.419769            
6.202535            
4.034587            
7.387502            
4.549487            
3.783447            
6.715313            
4.449236            
6.002400            
4.977325            
8.484371            
3.662868            
5.140295            
4.479278            
7.562676            
4.897429            
4.135137            
4.655631            
5.978978            
5.333026            
5.852654            
4.172940            
7.211993            
5.626348            
5.512899            
5.406706            
6.477469            
6.351096            
9.325639            
4.875769            
4.456766            
5.962198            
5.120458            
3.491970            
5.871593            
5.486859            
5.140077            
4.123041            
4.729317            
4.108753            
5.839469            
2.856271            
7.278703            
5.099949            
3.972212            
5.471633            
3.441233            
4.049961            
7.283053            
6.895384            
5.071761            
6.938080            
5.241232            
3.321888            
5.938618            
4.350639            
5.265949            
4.709513            
5.307359            
4.123041            
3.599286            
5.410486            
4.262323            
3.967090            
6.157437            
3.963865            
5.866342            
5.594078            
7.689945            
4.777485            
6.281018            
4.365088            
6.192990            
4.385973            
8.605580            
5.573600            
5.798792            
7.766105            
5.987635            
4.314285            
4.502534            
5.061516            
5.280274            
3.870572            
4.282617            
5.766420            
4.457398            
4.766904            
6.657982            
4.479810            
3.870759            
5.413967            
3.468083            
4.318110            
6.591233            
8.109179            
5.516899            
5.074231            
7.987056            
3.697139            
7.328226            
4.872172            
7.082947            
5.200481            
6.349264            
6.536374            
3.971920            
4.601503            
7.819005            
5.187650            
6.439158            
6.939244            
6.823208            
5.613120            
10.344969           
4.954477            
6.648267            
4.384202            
6.592609            
5.772604            
4.155521            
4.793882            
5.683881            
3.883152            
3.843834            
4.239699            
5.064740            
6.294554            
3.788318            
8.146579            
5.600144            
4.872383            
5.511994            
8.564865            
6.616016            
2.816071            
4.694096            
6.983316            
4.206858            
5.127059            
6.601026            
4.567137            
8.395905            
4.631538            
6.417683            
5.351447            
5.454352            
5.473015            
4.792584            
4.479278            
3.539743            
7.975340            
3.612092            
5.349713            
7.174917            
4.374343            
5.943508            
5.107953            
4.751574            
5.582220            
4.882630            
5.959695            
3.482745            
3.559350            
3.840228            
6.903683            
5.550104            
6.134799            
4.677623            
6.713069            
4.410906            
6.381161            
4.955306            
4.132948            
4.529426            
5.632998            
7.308141            
4.065981            
4.858141            
6.312561            
4.350119            
4.766658            
5.656110            
5.590178            
5.584097            
3.997465            
5.791659            
4.206673            
4.798361            
4.222984            
5.844001            
4.781799            
5.805943            
5.936752            
6.966739            
6.728269            
5.106787            
4.636217            
6.195179            
6.085106            
4.439160            
6.635865            
4.400513            
9.754908            
7.243552            
8.167460            
4.072093            
3.132130            
5.940049            
9.443734            
6.422026            
9.885583            
5.769268            
3.942122            
5.317217            
7.631332            
4.958060            
6.155936            
4.578686            
6.070022            
4.727110            
4.432450            
5.915716            
3.994942            
5.486442            
7.718218            
4.418364            
4.354203            
7.078419            
8.016360            
5.743766            
5.107953            
4.521309            
5.284063            
6.896768            
4.413544            
7.143426            
5.072635            
5.470052            
6.044635            
4.704244            
5.593928            
5.552220            
8.297792            
7.258752            
3.304799            
4.290864            
4.247175            
3.347569            
3.814230            
4.299979            
5.521281            
7.073002            
5.889937            
7.273695            
5.431297            
8.813837            
3.355395            
5.489315            
7.215964            
7.014199            
6.395350            
5.006043            
5.791659            
3.753676            
4.608756            
6.692307            
5.223868            
5.094903            
6.055780            
4.605245            
5.822056            
4.149348            
5.687417            
4.639043            
3.501431            
7.390643            
3.978980            
6.601085            
7.145611            
4.716185            
5.400166            
3.251221            
4.894589            
4.370735            
4.759393            
5.470913            
4.196646            
5.833261            
4.888122            
7.342235            
6.037935            
5.773457            
5.998786            
5.474598            
6.262153            
7.047390            
4.999626            
4.681412            
4.772749            
5.123363            
5.249731            
8.433487            
6.432806            
5.769268            
4.911217            
5.600357            
4.266620            
5.516386            
6.128247            
6.407356            
6.495104            
8.526416            
5.072700            
4.895083            
2.736543            
4.772835            
4.950045            
3.840371            
4.322446            
7.208422            
5.059273            
6.492271            
5.571005            
4.570636            
5.167972            
4.049573            
5.573746            
5.226288            
5.135437            
4.016922            
3.697139            
5.552290            
3.072140            
4.838243            
3.736193            
4.086508            
8.017351            
7.294554            
4.023208            
3.930603            
4.297827            
5.460084            
6.240287            
5.981874            
5.321410            
4.031335            
4.813622            
4.951298            
5.620599            
7.608457            
3.318715            
7.671897            
7.547645            
5.483362            
4.663852            
4.303687            
7.029708            
5.432180            
4.375826            
6.922601            
4.884745            
3.622084            
4.460920            
5.072700            
7.275356            
4.124547            
5.455071            
4.543627            
6.674035            
5.199108            
5.140295            
4.608817            
3.485770            
5.047329            
9.350369            
5.167158            
4.906094            
4.234236            
3.362077            
4.808368            
5.695068            
5.265949            
3.999746            
6.299303            
4.610525            
5.771017            
5.972957            
6.847088            
8.666426            
3.743602            
4.985586            
4.869922            
5.036916            
7.964606            
3.593133            
6.134047            
6.159303            
3.874345            
5.516434            
6.519202            
4.163942            
5.060350            
3.474903            
4.549378            
5.644272            
4.906693            
7.764380            
4.374320            
4.963443            
3.705322            
4.332634            
5.590939            
6.263541            
6.145343            
5.667429            
4.541847            
8.033714            
6.280465            
6.190530            
3.844303            
4.685740            
6.408527            
4.517398            
5.831328            
5.872835            
3.911226            
6.406887            
3.689754            
5.712952            
3.524362            
8.372698            
6.039271            
4.737999            
5.001366            
4.853583            
4.239402            
5.171925            
4.156785            
5.399635            
5.449009            
5.700455            
7.083885            
9.045767            
9.402587            
5.699928            
7.611816            
5.072184            
7.153556            
6.843094            
3.998178            
6.791910            
4.581951            
3.188441            
4.753865            
6.624602            
7.111311            
4.393226            
4.479866            
5.576047            
5.044140            
3.833740            
4.568954            
7.351342            
6.392955            
5.187405            
4.111827            
3.663341            
5.701577            
5.535661            
5.206664            
6.593230            
4.155521            
5.108170            
4.847483            
5.187193            
5.461996            
5.422008            
4.409792            
4.982611            
5.130062            
6.190530            
5.540964            
4.648899            
4.932797            
5.229254            
4.640868            
5.557685            
6.142786            
4.259399            
5.056442            
5.017964            
3.865259            
3.902266            
6.147406            
5.512564            
7.009944            
7.480331            
6.265238            
7.790018            
5.884747            
4.618394            
5.115657            
4.187705            
5.092506            
6.111733            
5.757414            
5.572026            
3.843380            
8.831704            
6.640490            
3.647347            
6.457922            
6.211729            
7.163411            
4.361213            
4.988963            
4.817840            
3.481379            
5.679276            
7.725038            
4.817298            
7.850142            
6.797854            
5.142210            
8.369187            
4.350183            
8.836329            
5.389753            
4.910644            
5.372951            
6.511345            
5.702160            
3.875242            
3.245082            
3.951271            
3.696977            
6.168310            
5.576195            
5.693729            
5.255554            
6.445244            
7.578736            
6.186146            
9.016929            
4.591968            
5.733692            
5.311788            
7.471086            
5.669939            
3.935695            
6.809944            
8.784224            
5.047836            
9.917046            
4.332634            
4.836532            
7.450227            
5.255493            
4.726177            
6.035264            
5.433787            
5.185943            
4.426969            
6.927515            
3.288016            
6.156144            
6.336104            
6.935905            
4.490586            
4.044698            
7.780724            
4.449077            
4.016391            
4.297557            
4.982611            
4.896153            
4.676215            
3.978980            
4.410906            
5.207169            
4.653121            
5.689086            
4.621029            
3.896347            
5.284503            
4.623267            
5.758462            
4.409409            
4.850864            
7.297963            
5.152091            
5.579787            
4.304795            
8.125317            
5.167917            
5.354206            
5.800560            
3.982883            
5.755188            
4.924023            
6.028719            
6.255989            
8.506164            
4.482586            
5.375444            
6.640490            
7.156160            
4.998590            
