226                             1                   1e-17               449                 96.41               4.66                17.59               3898326.00          2                   1.17                1.71                1.72                47161.00            22.462656           120.475133          F 
229                             1                   1e-17               449                 96.41               4.66                17.59               3898326.00          2                   0.43                4.60                4.61                17583.00            22.441421           120.512509          F 
219                             1                   1e-17               449                 96.41               4.66                17.59               3898326.00          0                   0.26                0                   0                   10513.00            22.479807           120.518056          F 
221                             1                   1e-17               449                 96.41               4.66                17.59               3898326.00          1                   0.38                2.62                2.63                15419.00            22.515282           120.500660          F 
223                             1                   1e-17               449                 96.41               4.66                17.59               3898326.00          2                   0.85                2.35                2.35                34468.00            22.517190           120.450143          F 
216                             1                   1e-17               449                 96.41               4.66                17.59               3898326.00          1                   0.47                2.15                2.15                18846.00            22.429806           120.547612          F 
284                             1                   1e-17               449                 96.41               4.66                17.59               3898326.00          11                  1.72                6.39                6.49                69604.00            22.508137           120.399052          F 
224                             1                   1e-17               449                 96.41               4.66                17.59               3898326.00          0                   0.24                0                   0                   9737.00             22.486763           120.584626          F 
232                             1                   1e-17               449                 96.41               4.66                17.59               3898326.00          3                   1.33                2.25                2.26                53831.00            22.536429           120.556806          F 
238                             1                   1e-17               449                 96.41               4.66                17.59               3898326.00          1                   1.25                0.80                0.80                50427.00            22.588495           120.476619          F 
227                             1                   1e-17               449                 96.41               4.66                17.59               3898326.00          3                   0.59                5.05                5.07                24023.00            22.403342           120.597584          F 
237                             1                   1e-17               449                 96.41               4.66                17.59               3898326.00          0                   0.42                0                   0                   16863.00            22.588556           120.526638          F 
279                             1                   1e-17               449                 96.41               4.66                17.59               3898326.00          3                   3.90                0.77                0.77                157793.00           22.551402           120.359261          F 
247                             1                   1e-17               449                 96.41               4.66                17.59               3898326.00          4                   2.78                1.44                1.44                112259.00           22.592836           120.411147          F 
235                             1                   1e-17               449                 96.41               4.66                17.59               3898326.00          0                   0.30                0                   0                   12232.00            22.340003           120.371047          F 
239                             1                   1e-17               449                 96.41               4.66                17.59               3898326.00          0                   0.51                0                   0                   20473.00            22.582335           120.601817          F 
280                             1                   1e-17               449                 96.41               4.66                17.59               3898326.00          25                  8.90                2.81                2.89                359882.00           22.613793           120.355436          F 
246                             1                   1e-17               449                 96.41               4.66                17.59               3898326.00          0                   0.27                0                   0                   10906.00            22.648764           120.529969          F 
217                             1                   1e-17               449                 96.41               4.66                17.59               3898326.00          0                   0.18                0                   0                   7427.00             22.501572           120.685723          F 
220                             1                   1e-17               449                 96.41               4.66                17.59               3898326.00          4                   4.92                0.81                0.81                198990.00           22.664738           120.479995          F 
277                             1                   1e-17               449                 96.41               4.66                17.59               3898326.00          19                  5.33                3.56                3.65                215653.00           22.585656           120.289154          F 
225                             1                   1e-17               449                 96.41               4.66                17.59               3898326.00          1                   0.12                8.18                8.19                4944.00             22.403998           120.697580          F 
276                             1                   1e-17               449                 96.41               4.66                17.59               3898326.00          9                   4.18                2.16                2.17                168825.00           22.623594           120.320910          F 
218                             1                   1e-17               449                 96.41               4.66                17.59               3898326.00          0                   1.33                0                   0                   53583.00            22.651169           120.588822          F 
251                             1                   1e-17               449                 96.41               4.66                17.59               3898326.00          6                   1.11                5.40                5.44                44960.00            22.662493           120.372778          F 
274                             1                   1e-17               449                 96.41               4.66                17.59               3898326.00          1                   1.26                0.79                0.79                51014.00            22.629929           120.306734          F 
275                             1                   1e-17               449                 96.41               4.66                17.59               3898326.00          2                   0.66                3.01                3.02                26879.00            22.626991           120.294422          F 
273                             1                   1e-17               449                 96.41               4.66                17.59               3898326.00          17                  8.39                2.03                2.06                339269.00           22.649899           120.317919          F 
269                             1                   1e-17               449                 96.41               4.66                17.59               3898326.00          1                   0.59                1.69                1.69                23889.00            22.624246           120.284233          F 
242                             1                   1e-17               449                 96.41               4.66                17.59               3898326.00          2                   0.73                2.74                2.74                29536.00            22.694550           120.555979          F 
230                             1                   1e-17               449                 96.41               4.66                17.59               3898326.00          1                   0.13                7.48                7.49                5408.00             22.604085           120.691793          F 
248                             1                   1e-17               449                 96.41               4.66                17.59               3898326.00          10                  1.04                9.59                9.75                42142.00            22.711004           120.425407          F 
228                             1                   1e-17               449                 96.41               4.66                17.59               3898326.00          1                   0.13                7.56                7.57                5349.00             22.270870           120.656767          F 
249                             1                   1e-17               449                 96.41               4.66                17.59               3898326.00          7                   0.85                8.23                8.31                34410.00            22.701208           120.360526          F 
270                             1                   1e-17               449                 96.41               4.66                17.59               3898326.00          9                   3.49                2.58                2.60                141055.00           22.650195           120.274163          F 
215                             1                   1e-17               449                 96.41               4.66                17.59               3898326.00          1                   0.54                1.84                1.84                21989.00            22.731668           120.484504          F 
271                             1                   1e-17               449                 96.41               4.66                17.59               3898326.00          53                  4.89                10.84               11.84               197728.00           22.683957           120.295159          F 
236                             1                   1e-17               449                 96.41               4.66                17.59               3898326.00          1                   0.19                5.26                5.27                7686.00             22.671078           120.679924          F 
245                             1                   1e-17               449                 96.41               4.66                17.59               3898326.00          1                   0.63                1.60                1.60                25332.00            22.742536           120.569394          F 
250                             1                   1e-17               449                 96.41               4.66                17.59               3898326.00          1                   2.22                0.45                0.45                89595.00            22.739835           120.370799          F 
272                             1                   1e-17               449                 96.41               4.66                17.59               3898326.00          58                  4.65                12.47               13.76               187999.00           22.721100           120.300758          F 
234                             1                   1e-17               449                 96.41               4.66                17.59               3898326.00          2                   0.12                16.46               16.52               4912.00             22.260849           120.735645          F 
252                             1                   1e-17               449                 96.41               4.66                17.59               3898326.00          8                   0.95                8.46                8.56                38254.00            22.752524           120.300653          F 
241                             1                   1e-17               449                 96.41               4.66                17.59               3898326.00          2                   0.64                3.13                3.14                25853.00            22.798548           120.506128          F 
253                             1                   1e-17               449                 96.41               4.66                17.59               3898326.00          4                   0.73                5.45                5.48                29686.00            22.787696           120.370799          F 
119                             1                   1e-17               449                 96.41               4.66                17.59               3898326.00          0                   0.087               0                   0                   3499.00             22.384307           120.835524          F 
261                             1                   1e-17               449                 96.41               4.66                17.59               3898326.00          19                  0.88                21.49               22.19               35750.00            22.748209           120.259399          F 
244                             1                   1e-17               449                 96.41               4.66                17.59               3898326.00          0                   0.59                0                   0                   24006.00            22.809920           120.601768          F 
120                             1                   1e-17               449                 96.41               4.66                17.59               3898326.00          0                   0.092               0                   0                   3703.00             22.581617           120.857038          F 
281                             1                   1e-17               449                 96.41               4.66                17.59               3898326.00          7                   2.40                2.91                2.94                97127.00            22.805059           120.297891          F 
260                             1                   1e-17               449                 96.41               4.66                17.59               3898326.00          3                   0.47                6.37                6.40                19049.00            22.779445           120.239457          F 
214                             1                   1e-17               449                 96.41               4.66                17.59               3898326.00          1                   0.19                5.27                5.28                7673.00             22.797868           120.686522          F 
110                             1                   1e-17               449                 96.41               4.66                17.59               3898326.00          0                   0.14                0                   0                   5851.00             22.383595           120.899170          F 
282                             1                   1e-17               449                 96.41               4.66                17.59               3898326.00          0                   0.90                0                   0                   36313.00            22.864970           120.475455          F 
254                             1                   1e-17               449                 96.41               4.66                17.59               3898326.00          1                   0.17                5.74                5.75                7043.00             22.863943           120.395984          F 
243                             1                   1e-17               449                 96.41               4.66                17.59               3898326.00          0                   0.081               0                   0                   3259.00             22.759905           120.800810          F 
259                             1                   1e-17               449                 96.41               4.66                17.59               3898326.00          1                   0.34                2.93                2.94                13786.00            22.822246           120.228051          F 
255                             1                   1e-17               449                 96.41               4.66                17.59               3898326.00          2                   0.70                2.84                2.84                28489.00            22.870229           120.321097          F 
256                             1                   1e-17               449                 96.41               4.66                17.59               3898326.00          7                   1.29                5.42                5.48                52185.00            22.857242           120.265987          F 
233                             1                   1e-17               449                 96.41               4.66                17.59               3898326.00          0                   0.12                0                   0                   4867.00             22.155529           120.817361          F 
283                             1                   1e-17               449                 96.41               4.66                17.59               3898326.00          2                   0.97                2.07                2.07                39074.00            22.900055           120.563463          F 
240                             1                   1e-17               449                 96.41               4.66                17.59               3898326.00          13                  0.21                62.55               63.98               8403.00             22.079156           120.743263          F 
111                             1                   1e-17               449                 96.41               4.66                17.59               3898326.00          0                   0.27                0                   0                   10984.00            22.590981           120.979764          F 
257                             1                   1e-17               449                 96.41               4.66                17.59               3898326.00          4                   0.73                5.45                5.48                29684.00            22.893250           120.225937          F 
258                             1                   1e-17               449                 96.41               4.66                17.59               3898326.00          42                  0.74                56.60               60.97               30006.00            22.882414           120.198052          F 
265                             1                   1e-17               449                 96.41               4.66                17.59               3898326.00          0                   0.35                0                   0                   14195.00            22.956688           120.471927          F 
173                             1                   1e-17               449                 96.41               4.66                17.59               3898326.00          0                   0.096               0                   0                   3900.00             22.954823           120.386937          F 
170                             1                   1e-17               449                 96.41               4.66                17.59               3898326.00          0                   0.85                0                   0                   34202.00            22.955779           120.334282          F 
165                             1                   1e-17               449                 96.41               4.66                17.59               3898326.00          1                   1.69                0.59                0.59                68135.00            22.946795           120.293063          F 
266                             1                   1e-17               449                 96.41               4.66                17.59               3898326.00          0                   0.048               0                   0                   1937.00             22.919933           120.752384          F 
140                             1                   1e-17               449                 96.41               4.66                17.59               3898326.00          16                  1.88                8.50                8.72                76094.00            22.941309           120.241879          F 
231                             1                   1e-17               449                 96.41               4.66                17.59               3898326.00          0                   0.19                0                   0                   7686.00             22.049300           120.843568          F 
264                             1                   1e-17               449                 96.41               4.66                17.59               3898326.00          1                   0.29                3.46                3.47                11681.00            22.996947           120.562197          F 
222                             1                   1e-17               449                 96.41               4.66                17.59               3898326.00          15                  0.76                19.78               20.28               30662.00            21.985316           120.763254          F 
146                             1                   1e-17               449                 96.41               4.66                17.59               3898326.00          35                  3.08                11.35               12.02               124696.00           22.955619           120.190374          F 
259                             2                   1e-17               260                 25.44               10.22               17.81               1028668.00          1                   0.34                2.93                2.94                13786.00            22.822246           120.228051          T 
260                             2                   1e-17               260                 25.44               10.22               17.81               1028668.00          3                   0.47                6.37                6.40                19049.00            22.779445           120.239457          T 
256                             2                   1e-17               260                 25.44               10.22               17.81               1028668.00          7                   1.29                5.42                5.48                52185.00            22.857242           120.265987          T 
258                             2                   1e-17               260                 25.44               10.22               17.81               1028668.00          42                  0.74                56.60               60.97               30006.00            22.882414           120.198052          T 
281                             2                   1e-17               260                 25.44               10.22               17.81               1028668.00          7                   2.40                2.91                2.94                97127.00            22.805059           120.297891          T 
257                             2                   1e-17               260                 25.44               10.22               17.81               1028668.00          4                   0.73                5.45                5.48                29684.00            22.893250           120.225937          T 
261                             2                   1e-17               260                 25.44               10.22               17.81               1028668.00          19                  0.88                21.49               22.19               35750.00            22.748209           120.259399          T 
252                             2                   1e-17               260                 25.44               10.22               17.81               1028668.00          8                   0.95                8.46                8.56                38254.00            22.752524           120.300653          T 
255                             2                   1e-17               260                 25.44               10.22               17.81               1028668.00          2                   0.70                2.84                2.84                28489.00            22.870229           120.321097          T 
140                             2                   1e-17               260                 25.44               10.22               17.81               1028668.00          16                  1.88                8.50                8.72                76094.00            22.941309           120.241879          T 
272                             2                   1e-17               260                 25.44               10.22               17.81               1028668.00          58                  4.65                12.47               13.76               187999.00           22.721100           120.300758          T 
253                             2                   1e-17               260                 25.44               10.22               17.81               1028668.00          4                   0.73                5.45                5.48                29686.00            22.787696           120.370799          T 
146                             2                   1e-17               260                 25.44               10.22               17.81               1028668.00          35                  3.08                11.35               12.02               124696.00           22.955619           120.190374          T 
165                             2                   1e-17               260                 25.44               10.22               17.81               1028668.00          1                   1.69                0.59                0.59                68135.00            22.946795           120.293063          T 
271                             2                   1e-17               260                 25.44               10.22               17.81               1028668.00          53                  4.89                10.84               11.84               197728.00           22.683957           120.295159          T 
222                             3                   1e-17               28                  0.97                28.98               30.41               39065.00            15                  0.76                19.78               20.28               30662.00            21.985316           120.763254          T 
240                             3                   1e-17               28                  0.97                28.98               30.41               39065.00            13                  0.21                62.55               63.98               8403.00             22.079156           120.743263          T 
276                             4                   0.00000000000108    89                  33.92               2.62                2.92                1371426.00          9                   4.18                2.16                2.17                168825.00           22.623594           120.320910          T 
274                             4                   0.00000000000108    89                  33.92               2.62                2.92                1371426.00          1                   1.26                0.79                0.79                51014.00            22.629929           120.306734          T 
275                             4                   0.00000000000108    89                  33.92               2.62                2.92                1371426.00          2                   0.66                3.01                3.02                26879.00            22.626991           120.294422          T 
273                             4                   0.00000000000108    89                  33.92               2.62                2.92                1371426.00          17                  8.39                2.03                2.06                339269.00           22.649899           120.317919          T 
280                             4                   0.00000000000108    89                  33.92               2.62                2.92                1371426.00          25                  8.90                2.81                2.89                359882.00           22.613793           120.355436          T 
269                             4                   0.00000000000108    89                  33.92               2.62                2.92                1371426.00          1                   0.59                1.69                1.69                23889.00            22.624246           120.284233          T 
277                             4                   0.00000000000108    89                  33.92               2.62                2.92                1371426.00          19                  5.33                3.56                3.65                215653.00           22.585656           120.289154          T 
270                             4                   0.00000000000108    89                  33.92               2.62                2.92                1371426.00          9                   3.49                2.58                2.60                141055.00           22.650195           120.274163          T 
251                             4                   0.00000000000108    89                  33.92               2.62                2.92                1371426.00          6                   1.11                5.40                5.44                44960.00            22.662493           120.372778          T 
217                             5                   0.000426            58                  28.10               2.06                2.18                1136179.00          0                   0.18                0                   0                   7427.00             22.501572           120.685723          T 
224                             5                   0.000426            58                  28.10               2.06                2.18                1136179.00          0                   0.24                0                   0                   9737.00             22.486763           120.584626          T 
225                             5                   0.000426            58                  28.10               2.06                2.18                1136179.00          1                   0.12                8.18                8.19                4944.00             22.403998           120.697580          T 
230                             5                   0.000426            58                  28.10               2.06                2.18                1136179.00          1                   0.13                7.48                7.49                5408.00             22.604085           120.691793          T 
239                             5                   0.000426            58                  28.10               2.06                2.18                1136179.00          0                   0.51                0                   0                   20473.00            22.582335           120.601817          T 
232                             5                   0.000426            58                  28.10               2.06                2.18                1136179.00          3                   1.33                2.25                2.26                53831.00            22.536429           120.556806          T 
227                             5                   0.000426            58                  28.10               2.06                2.18                1136179.00          3                   0.59                5.05                5.07                24023.00            22.403342           120.597584          T 
216                             5                   0.000426            58                  28.10               2.06                2.18                1136179.00          1                   0.47                2.15                2.15                18846.00            22.429806           120.547612          T 
219                             5                   0.000426            58                  28.10               2.06                2.18                1136179.00          0                   0.26                0                   0                   10513.00            22.479807           120.518056          T 
236                             5                   0.000426            58                  28.10               2.06                2.18                1136179.00          1                   0.19                5.26                5.27                7686.00             22.671078           120.679924          T 
237                             5                   0.000426            58                  28.10               2.06                2.18                1136179.00          0                   0.42                0                   0                   16863.00            22.588556           120.526638          T 
229                             5                   0.000426            58                  28.10               2.06                2.18                1136179.00          2                   0.43                4.60                4.61                17583.00            22.441421           120.512509          T 
221                             5                   0.000426            58                  28.10               2.06                2.18                1136179.00          1                   0.38                2.62                2.63                15419.00            22.515282           120.500660          T 
218                             5                   0.000426            58                  28.10               2.06                2.18                1136179.00          0                   1.33                0                   0                   53583.00            22.651169           120.588822          T 
120                             5                   0.000426            58                  28.10               2.06                2.18                1136179.00          0                   0.092               0                   0                   3703.00             22.581617           120.857038          T 
119                             5                   0.000426            58                  28.10               2.06                2.18                1136179.00          0                   0.087               0                   0                   3499.00             22.384307           120.835524          T 
226                             5                   0.000426            58                  28.10               2.06                2.18                1136179.00          2                   1.17                1.71                1.72                47161.00            22.462656           120.475133          T 
246                             5                   0.000426            58                  28.10               2.06                2.18                1136179.00          0                   0.27                0                   0                   10906.00            22.648764           120.529969          T 
238                             5                   0.000426            58                  28.10               2.06                2.18                1136179.00          1                   1.25                0.80                0.80                50427.00            22.588495           120.476619          T 
223                             5                   0.000426            58                  28.10               2.06                2.18                1136179.00          2                   0.85                2.35                2.35                34468.00            22.517190           120.450143          T 
242                             5                   0.000426            58                  28.10               2.06                2.18                1136179.00          2                   0.73                2.74                2.74                29536.00            22.694550           120.555979          T 
110                             5                   0.000426            58                  28.10               2.06                2.18                1136179.00          0                   0.14                0                   0                   5851.00             22.383595           120.899170          T 
228                             5                   0.000426            58                  28.10               2.06                2.18                1136179.00          1                   0.13                7.56                7.57                5349.00             22.270870           120.656767          T 
234                             5                   0.000426            58                  28.10               2.06                2.18                1136179.00          2                   0.12                16.46               16.52               4912.00             22.260849           120.735645          T 
220                             5                   0.000426            58                  28.10               2.06                2.18                1136179.00          4                   4.92                0.81                0.81                198990.00           22.664738           120.479995          T 
245                             5                   0.000426            58                  28.10               2.06                2.18                1136179.00          1                   0.63                1.60                1.60                25332.00            22.742536           120.569394          T 
284                             5                   0.000426            58                  28.10               2.06                2.18                1136179.00          11                  1.72                6.39                6.49                69604.00            22.508137           120.399052          T 
247                             5                   0.000426            58                  28.10               2.06                2.18                1136179.00          4                   2.78                1.44                1.44                112259.00           22.592836           120.411147          T 
243                             5                   0.000426            58                  28.10               2.06                2.18                1136179.00          0                   0.081               0                   0                   3259.00             22.759905           120.800810          T 
111                             5                   0.000426            58                  28.10               2.06                2.18                1136179.00          0                   0.27                0                   0                   10984.00            22.590981           120.979764          T 
215                             5                   0.000426            58                  28.10               2.06                2.18                1136179.00          1                   0.54                1.84                1.84                21989.00            22.731668           120.484504          T 
214                             5                   0.000426            58                  28.10               2.06                2.18                1136179.00          1                   0.19                5.27                5.28                7673.00             22.797868           120.686522          T 
279                             5                   0.000426            58                  28.10               2.06                2.18                1136179.00          3                   3.90                0.77                0.77                157793.00           22.551402           120.359261          T 
244                             5                   0.000426            58                  28.10               2.06                2.18                1136179.00          0                   0.59                0                   0                   24006.00            22.809920           120.601768          T 
248                             5                   0.000426            58                  28.10               2.06                2.18                1136179.00          10                  1.04                9.59                9.75                42142.00            22.711004           120.425407          T 
263                             6                   0.253               3                   0.15                20.41               20.51               5943.00             3                   0.15                20.41               20.51               5943.00             23.116550           120.623289          F 
319                             7                   0.997               6                   1.87                3.21                3.23                75610.00            6                   1.87                3.21                3.23                75610.00            24.083927           120.629330          F 
