256                             1                   0.00000236          9                   0.52                17.42               35.90               689162.00           0                   0.041               0                   0                   54576.00            22.857242           120.265987          T 
259                             1                   0.00000236          9                   0.52                17.42               35.90               689162.00           0                   0.011               0                   0                   14223.00            22.822246           120.228051          T 
257                             1                   0.00000236          9                   0.52                17.42               35.90               689162.00           1                   0.021               46.64               49.49               28605.00            22.893250           120.225937          T 
255                             1                   0.00000236          9                   0.52                17.42               35.90               689162.00           0                   0.023               0                   0                   30907.00            22.870229           120.321097          T 
281                             1                   0.00000236          9                   0.52                17.42               35.90               689162.00           1                   0.072               13.88               14.68               96138.00            22.805059           120.297891          T 
258                             1                   0.00000236          9                   0.52                17.42               35.90               689162.00           2                   0.024               83.33               94.31               32021.00            22.882414           120.198052          T 
260                             1                   0.00000236          9                   0.52                17.42               35.90               689162.00           0                   0.016               0                   0                   20830.00            22.779445           120.239457          T 
140                             1                   0.00000236          9                   0.52                17.42               35.90               689162.00           2                   0.051               39.33               44.44               67838.00            22.941309           120.241879          T 
165                             1                   0.00000236          9                   0.52                17.42               35.90               689162.00           0                   0.049               0                   0                   65564.00            22.946795           120.293063          T 
261                             1                   0.00000236          9                   0.52                17.42               35.90               689162.00           1                   0.028               35.85               38.03               37218.00            22.748209           120.259399          T 
252                             1                   0.00000236          9                   0.52                17.42               35.90               689162.00           0                   0.027               0                   0                   36653.00            22.752524           120.300653          T 
170                             1                   0.00000236          9                   0.52                17.42               35.90               689162.00           0                   0.028               0                   0                   37036.00            22.955779           120.334282          T 
253                             1                   0.00000236          9                   0.52                17.42               35.90               689162.00           0                   0.023               0                   0                   31227.00            22.787696           120.370799          T 
254                             1                   0.00000236          9                   0.52                17.42               35.90               689162.00           0                   0.0064              0                   0                   8576.00             22.863943           120.395984          T 
146                             1                   0.00000236          9                   0.52                17.42               35.90               689162.00           2                   0.096               20.89               23.54               127750.00           22.955619           120.190374          T 
222                             2                   0.0920              2                   0.023               85.28               96.52               31288.00            2                   0.023               85.28               96.52               31288.00            21.985316           120.763254          F 
122                             3                   0.999               2                   0.37                5.38                5.96                495996.00           0                   0.0075              0                   0                   9987.00             23.037807           121.176620          F 
115                             3                   0.999               2                   0.37                5.38                5.96                495996.00           0                   0.0071              0                   0                   9478.00             23.092487           121.218450          F 
123                             3                   0.999               2                   0.37                5.38                5.96                495996.00           0                   0.0067              0                   0                   8940.00             22.951257           121.156038          F 
114                             3                   0.999               2                   0.37                5.38                5.96                495996.00           0                   0.0073              0                   0                   9729.00             22.980069           121.251792          F 
116                             3                   0.999               2                   0.37                5.38                5.96                495996.00           0                   0.0034              0                   0                   4576.00             23.114785           121.017567          F 
113                             3                   0.999               2                   0.37                5.38                5.96                495996.00           0                   0.012               0                   0                   16422.00            23.126637           121.353798          F 
128                             3                   0.999               2                   0.37                5.38                5.96                495996.00           0                   0.0092              0                   0                   12304.00            23.196721           121.298049          F 
112                             3                   0.999               2                   0.37                5.38                5.96                495996.00           0                   0.0027              0                   0                   3629.00             22.903432           120.983190          F 
109                             3                   0.999               2                   0.37                5.38                5.96                495996.00           0                   0.083               0                   0                   110204.00           22.751657           121.110365          F 
108                             3                   0.999               2                   0.37                5.38                5.96                495996.00           0                   0.014               0                   0                   18447.00            22.764945           121.001552          F 
267                             3                   0.999               2                   0.37                5.38                5.96                495996.00           0                   0.0036              0                   0                   4787.00             23.224946           120.852338          F 
125                             3                   0.999               2                   0.37                5.38                5.96                495996.00           0                   0.0049              0                   0                   6499.00             23.390629           121.180422          F 
130                             3                   0.999               2                   0.37                5.38                5.96                495996.00           0                   0.021               0                   0                   27855.00            23.371436           121.360448          F 
121                             3                   0.999               2                   0.37                5.38                5.96                495996.00           0                   0.0066              0                   0                   8839.00             23.334769           121.426173          F 
266                             3                   0.999               2                   0.37                5.38                5.96                495996.00           0                   0.0013              0                   0                   1756.00             22.919933           120.752384          F 
243                             3                   0.999               2                   0.37                5.38                5.96                495996.00           0                   0.0021              0                   0                   2737.00             22.759905           120.800810          F 
268                             3                   0.999               2                   0.37                5.38                5.96                495996.00           0                   0.0026              0                   0                   3483.00             23.275008           120.741944          F 
117                             3                   0.999               2                   0.37                5.38                5.96                495996.00           0                   0.0023              0                   0                   3093.00             22.660175           121.490195          F 
262                             3                   0.999               2                   0.37                5.38                5.96                495996.00           0                   0.012               0                   0                   15660.00            23.011954           120.658563          F 
111                             3                   0.999               2                   0.37                5.38                5.96                495996.00           0                   0.0092              0                   0                   12210.00            22.590981           120.979764          F 
214                             3                   0.999               2                   0.37                5.38                5.96                495996.00           0                   0.0054              0                   0                   7234.00             22.797868           120.686522          F 
263                             3                   0.999               2                   0.37                5.38                5.96                495996.00           0                   0.0062              0                   0                   8222.00             23.116550           120.623289          F 
131                             3                   0.999               2                   0.37                5.38                5.96                495996.00           0                   0.010               0                   0                   13382.00            23.515612           121.407347          F 
120                             3                   0.999               2                   0.37                5.38                5.96                495996.00           0                   0.0025              0                   0                   3322.00             22.581617           120.857038          F 
192                             3                   0.999               2                   0.37                5.38                5.96                495996.00           0                   0.0046              0                   0                   6165.00             23.440776           120.759617          F 
264                             3                   0.999               2                   0.37                5.38                5.96                495996.00           0                   0.0085              0                   0                   11390.00            22.996947           120.562197          F 
244                             3                   0.999               2                   0.37                5.38                5.96                495996.00           0                   0.021               0                   0                   27533.00            22.809920           120.601768          F 
283                             3                   0.999               2                   0.37                5.38                5.96                495996.00           0                   0.033               0                   0                   44130.00            22.900055           120.563463          F 
236                             3                   0.999               2                   0.37                5.38                5.96                495996.00           0                   0.0065              0                   0                   8675.00             22.671078           120.679924          F 
145                             3                   0.999               2                   0.37                5.38                5.96                495996.00           0                   0.0067              0                   0                   8982.00             23.115111           120.544122          F 
178                             3                   0.999               2                   0.37                5.38                5.96                495996.00           0                   0.0030              0                   0                   4011.00             23.288484           120.589647          F 
135                             3                   0.999               2                   0.37                5.38                5.96                495996.00           0                   0.0036              0                   0                   4848.00             23.585194           121.494233          F 
230                             3                   0.999               2                   0.37                5.38                5.96                495996.00           0                   0.0037              0                   0                   4918.00             22.604085           120.691793          F 
164                             3                   0.999               2                   0.37                5.38                5.96                495996.00           0                   0.0083              0                   0                   11024.00            23.178859           120.517030          F 
245                             3                   0.999               2                   0.37                5.38                5.96                495996.00           1                   0.021               48.03               50.97               27778.00            22.742536           120.569394          F 
287                             3                   0.999               2                   0.37                5.38                5.96                495996.00           1                   0.010               97.05               103.05              13747.00            23.655465           121.021287          F 
