5.829464            
5.318326            
4.045245            
3.999803            
4.770542            
5.673594            
3.659593            
6.126337            
4.223798            
4.331426            
4.105819            
2.016891            
7.448671            
4.021551            
4.425703            
3.501310            
3.994271            
6.868242            
3.388554            
4.309091            
3.062905            
4.071547            
4.829157            
4.161072            
7.232905            
7.037661            
6.559905            
5.937913            
6.512444            
12.025452           
4.449844            
11.497862           
4.774233            
3.496379            
3.436573            
5.670613            
3.130213            
12.586664           
3.482924            
8.559125            
3.455739            
3.886382            
5.787856            
5.154881            
4.284947            
6.467306            
3.656089            
3.877532            
3.337570            
4.409687            
5.810478            
4.116603            
5.955895            
5.611141            
2.385778            
5.050682            
4.054917            
4.324078            
5.188500            
5.330618            
6.706079            
4.567402            
7.388620            
5.404410            
4.071427            
4.737707            
4.309091            
5.520172            
4.235882            
6.555930            
9.290773            
3.458305            
5.213491            
3.254560            
5.990816            
2.887839            
7.625788            
6.148234            
3.741511            
6.111557            
4.749004            
6.606861            
3.801771            
3.652633            
3.782523            
6.661121            
2.833150            
5.611141            
6.419771            
6.207516            
4.298719            
3.290455            
5.341696            
6.505005            
5.856190            
4.728448            
3.664122            
6.999107            
5.948123            
4.216976            
10.619571           
5.711823            
3.153147            
7.647317            
4.538093            
7.546916            
2.633230            
3.058545            
5.231199            
3.896086            
4.183427            
3.918375            
4.227396            
4.865537            
4.015980            
4.284915            
6.550029            
6.777843            
4.066116            
5.454171            
6.840873            
4.183048            
4.574173            
4.896795            
4.301650            
8.844429            
4.507872            
3.512851            
4.998611            
5.586897            
3.006411            
3.513452            
5.949417            
4.430176            
6.941876            
5.947693            
5.441183            
3.983767            
5.700532            
4.245817            
6.696696            
3.356299            
6.751608            
6.372177            
5.455006            
5.387177            
4.265545            
3.596088            
4.770938            
6.349942            
5.199624            
5.201084            
3.272743            
4.713313            
6.220992            
6.889779            
7.186420            
4.274377            
8.036407            
4.573870            
3.568741            
4.354807            
4.245817            
5.617313            
4.952532            
6.491025            
4.663769            
4.297856            
5.162951            
5.255513            
4.038628            
5.143827            
4.164898            
4.449816            
3.381340            
3.602856            
7.204369            
5.345342            
4.409687            
3.309701            
4.936747            
4.848644            
4.510031            
5.502527            
4.708861            
4.184016            
3.337570            
4.006646            
5.902052            
7.230094            
3.241669            
7.687935            
3.988523            
3.802965            
4.290487            
4.284044            
5.311866            
3.110539            
4.291236            
4.123692            
4.352471            
3.148050            
6.524938            
3.979749            
5.667886            
3.603541            
5.117364            
6.918348            
4.619265            
4.899482            
3.950984            
2.563898            
3.512851            
5.913457            
3.355195            
6.430182            
5.159830            
3.128934            
5.155172            
7.845203            
4.574114            
4.020613            
4.843042            
2.895449            
6.008381            
4.197264            
4.713313            
7.906653            
4.484991            
6.473582            
7.536267            
3.359134            
4.220308            
4.566496            
3.628593            
7.774219            
6.196633            
4.855682            
4.097622            
5.061342            
5.908966            
4.552356            
9.442114            
4.691441            
4.713313            
4.865881            
5.155538            
9.162391            
4.166178            
6.075885            
5.406231            
5.930228            
6.230026            
4.833998            
5.231245            
4.862277            
6.270567            
5.207909            
4.439647            
5.052122            
9.915959            
6.260397            
3.446906            
4.066116            
4.030842            
6.961690            
5.665015            
5.106040            
6.463532            
3.801771            
7.014937            
4.952945            
4.467319            
4.233620            
3.690385            
7.367981            
4.421068            
4.773784            
7.170093            
3.602300            
4.071547            
2.295907            
4.820946            
3.401384            
3.617719            
8.867336            
4.777735            
4.396641            
4.808224            
3.975554            
5.396383            
3.872660            
4.120488            
3.805666            
3.580378            
4.308089            
6.344271            
3.175832            
4.806494            
3.130213            
4.582080            
5.341148            
7.039789            
4.459100            
7.532446            
6.486023            
2.912084            
5.309286            
4.567402            
4.368112            
6.020473            
3.230894            
4.059404            
5.083887            
6.793038            
6.924870            
4.409507            
2.736693            
5.212435            
5.868310            
5.143827            
7.536267            
4.375666            
5.396383            
3.158668            
4.456008            
4.527404            
4.845152            
3.825391            
5.230592            
9.377828            
3.922847            
4.398528            
3.102188            
2.834225            
6.806328            
4.865881            
3.840798            
4.449696            
5.066525            
2.606037            
4.932309            
5.715317            
5.183672            
4.566669            
3.412353            
3.302963            
6.485909            
5.951028            
4.956916            
3.496379            
7.086529            
8.202963            
8.800804            
10.023105           
3.695030            
4.882634            
3.482129            
2.884742            
12.313726           
9.509424            
4.194006            
3.386908            
5.937352            
5.097419            
4.046803            
4.969000            
3.264796            
4.833111            
3.878215            
5.339878            
4.399039            
2.629693            
4.071547            
5.364623            
4.043898            
3.753991            
6.687795            
4.616450            
5.066525            
3.840798            
8.669835            
5.840211            
3.067157            
3.362138            
3.687869            
4.274377            
4.641959            
6.299488            
8.536186            
4.915407            
3.170228            
4.976248            
7.731915            
4.384520            
2.664352            
5.877384            
5.636096            
3.015058            
3.484214            
3.429830            
3.186805            
3.285836            
4.773784            
3.570708            
6.026303            
3.128934            
5.517903            
4.312401            
8.231564            
3.437300            
4.407292            
3.780531            
5.309286            
6.021609            
5.287486            
6.965381            
4.412752            
5.812367            
2.442127            
4.166136            
4.415716            
8.844153            
4.465841            
6.840302            
6.167027            
2.565911            
6.390198            
6.929266            
3.845137            
4.049249            
4.737439            
3.254560            
6.784761            
4.227396            
7.670333            
5.856190            
5.585642            
6.246754            
6.372718            
3.569943            
2.799456            
4.818764            
3.633749            
3.576527            
5.934215            
4.964671            
6.326079            
3.769588            
4.622294            
4.508952            
3.938415            
4.489513            
8.508465            
6.644029            
4.279509            
6.471367            
4.465841            
6.020473            
5.356755            
5.104587            
3.411660            
2.666245            
5.669527            
4.030623            
5.365356            
5.163004            
3.079452            
5.316917            
3.824987            
5.903383            
5.438051            
4.900823            
3.552734            
5.384821            
4.787874            
6.650156            
4.068670            
3.309184            
7.443135            
9.709397            
4.023984            
5.676581            
2.748215            
4.914877            
5.159830            
4.279509            
4.594708            
4.401744            
6.433050            
4.981512            
6.067024            
3.726022            
5.185304            
5.588034            
4.825155            
4.816557            
4.626726            
3.845137            
6.766495            
4.194243            
3.846414            
4.251594            
6.551744            
2.609938            
7.357664            
6.179134            
3.503123            
3.737366            
5.273749            
6.675156            
7.051527            
6.531751            
4.013353            
3.358501            
5.316327            
4.020535            
3.749549            
4.949796            
4.866506            
4.391973            
5.374595            
3.401738            
4.465841            
4.813554            
4.846477            
5.726583            
4.023999            
3.085182            
2.271234            
3.744764            
4.383840            
4.968852            
4.560829            
4.088099            
6.064945            
3.600670            
8.609554            
4.523059            
3.093150            
4.713313            
4.445996            
5.962174            
3.624228            
2.536140            
3.531161            
3.062652            
4.160732            
4.706987            
4.833998            
4.141690            
4.807548            
5.043371            
2.630702            
7.257410            
3.128141            
6.410930            
5.986153            
3.592082            
5.182294            
7.881932            
4.858192            
2.999923            
3.730030            
4.380662            
4.223508            
6.483303            
3.354230            
4.146127            
3.775765            
3.508713            
7.265121            
2.891626            
4.552959            
2.316447            
3.398032            
4.734923            
6.485909            
3.891447            
5.400219            
7.459031            
7.833549            
3.625746            
7.012824            
3.464953            
5.644149            
3.801771            
8.986881            
5.486628            
3.316938            
8.436709            
6.004637            
5.139788            
3.978074            
5.151762            
4.049249            
3.617968            
4.143084            
6.660269            
5.539439            
4.652292            
4.186798            
10.600076           
2.557261            
2.857095            
7.549739            
4.229561            
7.638908            
3.456897            
3.970116            
2.406478            
5.891951            
5.117219            
3.811059            
4.694166            
3.509238            
5.054371            
4.308089            
6.381029            
5.571515            
10.221555           
4.981338            
4.059159            
3.396311            
4.174448            
5.708543            
4.797819            
2.867114            
4.193341            
4.518635            
4.753990            
4.285541            
4.099394            
2.643842            
4.569359            
3.496379            
8.840418            
3.983767            
5.132208            
3.459074            
5.228362            
3.563906            
4.401744            
6.239103            
7.273116            
2.896674            
5.934546            
2.798573            
3.652689            
4.045245            
2.728827            
3.834547            
4.383157            
2.906731            
4.101510            
4.430533            
8.529926            
5.537151            
2.959186            
5.744233            
3.664877            
3.597230            
3.079452            
5.061342            
6.354759            
3.150856            
2.436386            
3.533045            
4.035567            
5.816863            
4.516056            
6.064806            
5.584014            
5.588606            
5.484155            
2.468151            
4.308378            
6.045649            
3.110608            
4.696195            
4.865835            
4.981338            
5.811469            
7.518858            
4.009981            
3.195227            
4.103473            
4.563686            
4.824806            
3.678839            
4.396641            
3.756394            
3.159576            
7.677653            
3.811059            
3.322323            
4.903179            
5.065067            
6.065558            
3.539157            
5.281582            
5.149897            
2.966143            
5.770359            
4.448880            
6.246754            
4.185161            
4.221452            
4.371526            
3.885977            
4.508952            
4.441278            
4.841387            
4.248396            
4.038052            
3.964518            
5.180235            
3.902909            
4.672592            
3.634327            
3.455236            
7.062203            
4.025894            
4.180841            
5.113381            
6.222922            
3.601100            
2.914365            
8.188130            
8.144309            
4.261189            
4.864110            
9.959214            
3.544859            
4.524852            
6.026303            
4.948972            
4.940280            
7.129322            
1.632899            
2.985063            
3.634862            
2.603676            
7.677188            
7.745103            
2.548311            
4.663769            
3.224009            
5.380350            
3.480278            
4.417805            
6.260168            
6.562355            
4.616425            
5.640303            
4.359495            
2.638334            
3.028018            
3.526105            
4.274377            
5.015178            
9.694378            
4.855682            
3.512851            
3.681819            
5.727039            
9.708539            
3.520870            
3.059660            
4.824912            
5.803588            
2.923122            
4.383840            
2.667690            
6.511371            
4.343547            
3.014365            
5.486628            
7.625901            
4.833654            
5.701412            
6.983863            
2.940886            
4.857803            
5.726583            
3.064519            
5.290662            
1.928032            
5.648618            
6.800685            
3.076900            
4.391973            
3.896086            
4.776266            
3.317444            
5.912817            
3.801771            
2.606037            
3.404561            
5.262616            
5.317326            
6.325759            
2.823481            
5.061695            
6.810442            
5.199012            
5.514192            
7.122177            
3.095154            
4.144564            
3.992112            
5.423817            
6.141511            
4.519457            
3.500341            
3.770163            
3.316646            
4.035957            
4.566438            
5.995598            
4.754508            
5.602663            
3.941089            
4.064548            
4.603323            
3.709796            
2.636938            
4.408145            
4.878077            
5.866183            
6.485909            
4.253164            
5.129157            
6.477144            
6.020473            
5.072485            
6.937116            
4.663769            
3.594240            
5.182513            
4.903179            
3.802080            
3.975554            
3.385995            
5.155172            
6.485590            
4.342936            
3.674853            
5.735034            
3.350182            
5.276960            
7.204369            
4.948972            
3.294271            
3.496379            
3.429830            
5.679894            
5.214551            
4.091510            
4.301926            
5.722046            
3.343671            
6.722234            
4.986029            
4.244406            
3.234658            
3.102426            
4.919128            
6.345448            
3.645812            
6.234338            
9.106894            
5.969247            
6.092291            
6.151686            
5.920794            
4.083112            
3.863512            
4.562114            
3.363199            
4.310824            
4.226994            
5.706500            
4.770938            
5.408739            
4.132600            
4.016956            
3.656005            
7.348656            
5.316082            
4.313820            
4.223754            
4.248359            
3.718792            
4.087167            
5.047010            
2.407572            
3.413892            
3.655864            
6.026303            
4.574728            
2.594407            
4.537242            
3.994271            
3.979427            
3.591233            
4.154721            
2.908686            
4.308393            
5.624304            
4.569858            
6.882987            
3.397681            
2.813166            
4.197029            
3.221385            
8.472079            
5.654518            
4.794262            
5.921111            
3.341743            
6.973747            
3.534240            
4.805300            
5.504202            
4.963361            
5.342004            
2.652817            
8.227619            
3.802965            
7.143533            
3.306274            
6.521581            
3.512851            
3.374774            
3.669685            
4.654422            
4.258971            
3.157664            
4.021878            
3.239770            
6.358850            
5.132208            
4.375666            
4.188351            
4.318606            
2.985990            
4.865881            
4.071673            
6.594581            
4.659451            
4.326541            
3.575539            
4.274710            
6.295792            
6.432677            
4.224474            
2.630170            
3.607241            
8.205842            
4.655052            
3.648449            
3.927787            
3.599309            
5.676587            
6.680557            
8.367184            
5.047010            
7.454525            
3.868095            
3.866467            
5.512977            
5.932565            
7.474854            
3.756394            
5.634012            
4.449773            
4.422399            
5.213914            
9.697194            
5.194107            
6.613677            
3.204833            
5.708443            
4.945318            
8.753361            
3.805666            
3.086428            
5.906389            
4.752314            
5.674554            
7.417781            
4.666206            
5.162754            
5.017061            
4.266749            
3.173877            
2.706742            
5.191544            
