5.964507            
5.891280            
4.513436            
6.262793            
5.384309            
4.206972            
6.885907            
4.761845            
4.562789            
4.820940            
3.909046            
9.388332            
7.272567            
5.867223            
5.051218            
4.595486            
6.116660            
6.414225            
4.238689            
5.098640            
4.364804            
4.572950            
4.748171            
4.264903            
5.851002            
4.277413            
5.639683            
4.590276            
7.820196            
6.891669            
6.031475            
6.156720            
4.480624            
5.145808            
5.348577            
5.851002            
6.850434            
5.700368            
4.740156            
5.631399            
4.585668            
4.065921            
4.775415            
5.564614            
3.833456            
3.856447            
5.134907            
6.815406            
6.196992            
4.634676            
4.648159            
7.066967            
4.141450            
7.386527            
4.005861            
4.621546            
5.155015            
4.876280            
4.039115            
6.468677            
3.913814            
5.172523            
5.638840            
6.726197            
4.150351            
3.425430            
4.983642            
6.490039            
4.153956            
4.151452            
7.197232            
5.728586            
6.073767            
4.843229            
5.614131            
7.008854            
5.809011            
3.865690            
5.166251            
4.357512            
4.526619            
5.365715            
3.838525            
6.608257            
9.698970            
4.553274            
4.169963            
5.334021            
5.821008            
3.829633            
6.212139            
3.491223            
8.022446            
4.449891            
5.885115            
5.986030            
4.738017            
4.059687            
4.343998            
4.487744            
4.154443            
4.276828            
4.315325            
4.740257            
6.100156            
4.436015            
6.403085            
4.153956            
6.077422            
4.392964            
4.287293            
4.310707            
5.214061            
5.384309            
6.314115            
5.078190            
7.395241            
5.367362            
4.696995            
5.261157            
5.845648            
4.334817            
5.259674            
5.161138            
7.292345            
8.071915            
4.408408            
4.047069            
6.231990            
5.691961            
5.542616            
8.753158            
4.497973            
4.374144            
5.099057            
6.746241            
3.067037            
5.198016            
3.716298            
6.575963            
4.694235            
4.890217            
4.922097            
5.457924            
6.677810            
4.636971            
5.495693            
4.860594            
5.926088            
6.504011            
8.016925            
5.717806            
7.414796            
4.980453            
3.457183            
8.881900            
8.202156            
3.744957            
5.743273            
4.622464            
6.604080            
6.443489            
5.523780            
5.323328            
4.089917            
4.790119            
9.068403            
6.081660            
4.248894            
4.397415            
5.013537            
5.526346            
8.512762            
4.401882            
5.262114            
3.689911            
3.208803            
3.640589            
5.362371            
4.235000            
5.654960            
5.252945            
6.300821            
4.983381            
6.200478            
6.598769            
4.903920            
5.345588            
4.194611            
5.018101            
4.995050            
4.393663            
6.393746            
8.695292            
3.866198            
6.442601            
7.610259            
4.661682            
4.127737            
4.175193            
6.927518            
6.916710            
3.794101            
6.354440            
5.270143            
4.654096            
4.225706            
6.172567            
8.058314            
8.701571            
3.735688            
5.717998            
5.183213            
5.704751            
3.942674            
9.864059            
6.212139            
4.325878            
5.047859            
3.909046            
5.779349            
4.626949            
5.273035            
5.592259            
7.274372            
8.954201            
6.507050            
7.036405            
4.273479            
6.467296            
4.003446            
4.259793            
4.849869            
5.299759            
6.258246            
3.938640            
6.632958            
4.027722            
4.259332            
5.740219            
3.739534            
5.082677            
10.631508           
7.569578            
5.932745            
5.955726            
7.645208            
6.538807            
6.867410            
3.970345            
5.981056            
4.890217            
6.067336            
3.676390            
5.424096            
5.447991            
9.367084            
5.499310            
5.720931            
4.991012            
3.871441            
8.216515            
3.935524            
3.469481            
6.077599            
4.530557            
4.156791            
4.201043            
4.596912            
4.730802            
5.048923            
3.646806            
6.495458            
6.237379            
9.034773            
7.953868            
5.682707            
7.100893            
4.710129            
4.052345            
4.894898            
5.201411            
4.147769            
4.785045            
3.509283            
5.125700            
4.434290            
6.204247            
4.339681            
5.598641            
3.739534            
3.563036            
7.598671            
5.266522            
8.074506            
5.165373            
5.731165            
6.787083            
8.283957            
5.286174            
4.777404            
7.999954            
4.803626            
6.747232            
5.837397            
8.767357            
5.180955            
5.122388            
6.598189            
5.693969            
8.596205            
4.779436            
3.835726            
4.741359            
4.898330            
4.475645            
11.913069           
4.731908            
4.131381            
4.391945            
4.675278            
5.835423            
9.171815            
2.950780            
3.673184            
4.019634            
4.230370            
4.592019            
4.750135            
3.039235            
4.696415            
6.762423            
4.042664            
4.054491            
5.334352            
5.485887            
6.556643            
5.180955            
6.490627            
3.167877            
3.835262            
5.203662            
5.439542            
4.512752            
6.190723            
6.045022            
3.764102            
4.199724            
6.229522            
5.910113            
4.615124            
5.035461            
6.172857            
5.863726            
5.051218            
4.525912            
4.341022            
5.654468            
7.597494            
6.518654            
6.932802            
5.767812            
4.528454            
5.067046            
6.658860            
5.007746            
7.142956            
4.930779            
4.647268            
5.439395            
6.084451            
5.144152            
4.036298            
4.026607            
7.020014            
4.252677            
4.304811            
4.846272            
4.724280            
6.956632            
7.984324            
5.441998            
4.465845            
4.055956            
4.053228            
7.444436            
5.057494            
7.987333            
7.142308            
5.338321            
4.576484            
5.439977            
3.758126            
5.910113            
7.075246            
4.551740            
5.378076            
8.313470            
4.141450            
4.945004            
5.655016            
8.322918            
4.089617            
5.566728            
6.437376            
4.756447            
6.547562            
5.083096            
5.543893            
2.699027            
7.959201            
6.740134            
6.092185            
4.802677            
7.026816            
3.760589            
9.402390            
10.102567           
5.175823            
6.083118            
4.370271            
6.385660            
5.814271            
5.885551            
6.207848            
5.688643            
5.400866            
4.579829            
4.171912            
4.870551            
5.523780            
4.156840            
5.516631            
3.238623            
3.844804            
3.417285            
5.283185            
4.877925            
5.300801            
3.932419            
7.277413            
6.101447            
7.072018            
4.434290            
7.839337            
6.893575            
6.085161            
3.993748            
5.910113            
7.790808            
6.567094            
5.192699            
4.480624            
3.552504            
3.962952            
4.491029            
6.446084            
5.841715            
5.720931            
4.138612            
4.206507            
6.045047            
6.484265            
9.096968            
12.002219           
6.089767            
6.896277            
6.539353            
4.678495            
5.106885            
4.867350            
4.967455            
3.645365            
8.763606            
6.231467            
3.314108            
6.401496            
6.437753            
4.814897            
3.884467            
4.368383            
5.285543            
5.161138            
3.987513            
3.448641            
7.604442            
4.991890            
4.328708            
3.751873            
7.606475            
7.263715            
3.760617            
2.566455            
6.418126            
7.671245            
6.871449            
5.016027            
5.542559            
3.844882            
5.246873            
5.048303            
7.213037            
5.183889            
4.412227            
3.991197            
7.786704            
5.662349            
5.523467            
7.544757            
6.329620            
3.717789            
7.633100            
8.280045            
4.630657            
4.433274            
6.053484            
5.640245            
7.833793            
6.002594            
6.893470            
6.437632            
5.026905            
5.367353            
4.633852            
5.194030            
3.275543            
10.326402           
4.784101            
4.358274            
5.618129            
5.263561            
4.341669            
7.425724            
3.848011            
8.815509            
3.899897            
4.606060            
3.832633            
4.273479            
5.253108            
4.814997            
4.511493            
5.100459            
8.153697            
4.563185            
4.384295            
4.246995            
4.981383            
5.021171            
4.159654            
4.516189            
4.467640            
4.223385            
4.033650            
5.137371            
6.873117            
4.612949            
5.638035            
4.642773            
5.396193            
4.125984            
7.208806            
5.140965            
4.347112            
3.896713            
5.196497            
5.600902            
8.970235            
4.512500            
6.150138            
5.252277            
3.912004            
5.007524            
3.148806            
4.624166            
4.672211            
6.301759            
6.010506            
4.729080            
5.687349            
4.511638            
8.454056            
5.011148            
4.633456            
4.118243            
6.034379            
5.856994            
3.683940            
8.036658            
5.285317            
4.165926            
5.534144            
4.404441            
5.566943            
5.270752            
9.120170            
4.543169            
4.395453            
3.856447            
4.624093            
7.948184            
7.200339            
8.300286            
6.338082            
3.598821            
6.187140            
5.907680            
6.814697            
6.366517            
4.263737            
4.046747            
5.999555            
6.349129            
4.278389            
5.478379            
5.640909            
3.214683            
6.244542            
4.373815            
5.838196            
3.218059            
5.263561            
4.118243            
4.398688            
4.077933            
6.065921            
5.624223            
6.519420            
3.330913            
7.911205            
8.521569            
6.400704            
3.653987            
5.670623            
3.588126            
6.266079            
8.078804            
5.206095            
4.157271            
3.931779            
6.094403            
5.875076            
4.617575            
4.864364            
4.247493            
2.957174            
5.503464            
4.588915            
5.255161            
4.449540            
5.396897            
7.799541            
7.900721            
3.169136            
5.047859            
4.122831            
5.188397            
4.103380            
4.380612            
8.379278            
5.558279            
5.309194            
7.371699            
4.125984            
3.720297            
6.780320            
5.443807            
4.923178            
4.368421            
6.477685            
5.402931            
6.470889            
4.933544            
3.511793            
5.208393            
4.315216            
5.035461            
4.093976            
6.092645            
6.327192            
5.143238            
4.186373            
5.067846            
5.564614            
6.530715            
5.625750            
4.354863            
5.415442            
7.001396            
7.982312            
5.333034            
3.795868            
6.554075            
3.888806            
7.142537            
5.430588            
6.016681            
4.317020            
4.720502            
4.765541            
3.809904            
4.397330            
4.864423            
5.565542            
5.252508            
7.891105            
4.193394            
9.114616            
4.139791            
4.508042            
4.756255            
5.788269            
4.194182            
3.967502            
7.140318            
6.073767            
8.292528            
5.759157            
6.318073            
4.431757            
4.228020            
4.696415            
4.328614            
6.972031            
6.202556            
3.835726            
5.552487            
4.826315            
4.282975            
4.305900            
7.707966            
6.147309            
5.204686            
5.461028            
11.226249           
4.259013            
4.315216            
3.980343            
6.038718            
5.542606            
4.365437            
9.274638            
6.650942            
5.133494            
4.518336            
4.526155            
4.315216            
4.197164            
4.551784            
3.366626            
4.226107            
4.775462            
5.714011            
4.717489            
5.819560            
4.352986            
3.867439            
3.903814            
7.408470            
5.771012            
4.320220            
5.004431            
4.617410            
5.365715            
4.960230            
5.927330            
7.541988            
4.061073            
6.236433            
4.503177            
6.286115            
4.765075            
6.183623            
4.047913            
7.216935            
3.671290            
5.837413            
6.330089            
4.804139            
9.717712            
3.913076            
8.495412            
6.954286            
7.053536            
4.767783            
5.028286            
5.131406            
5.278256            
5.991361            
9.204318            
4.415717            
5.134907            
5.055257            
10.753429           
5.300801            
4.617782            
5.180545            
5.227820            
4.798416            
7.416437            
6.976995            
7.508648            
5.483008            
5.005900            
8.571932            
3.698359            
4.301640            
4.833887            
5.300488            
5.420605            
7.019572            
5.689981            
4.291043            
5.760186            
2.775882            
6.917782            
4.889631            
5.404989            
5.963327            
3.858419            
5.942946            
6.325895            
3.416827            
6.500109            
4.092513            
4.617575            
9.280956            
6.879062            
5.236079            
4.907903            
3.240491            
6.055785            
6.365283            
6.477140            
6.714181            
5.543893            
7.694499            
6.415378            
5.672186            
11.217858           
4.991012            
4.775415            
5.748042            
5.061083            
6.553800            
6.395240            
6.873064            
5.155485            
5.048266            
4.669871            
7.060804            
4.431750            
3.414809            
5.230671            
6.024063            
5.126862            
7.710124            
3.759491            
5.708965            
4.592005            
3.918521            
5.207108            
3.725906            
6.547562            
5.115975            
8.022389            
5.993726            
3.117982            
5.699366            
2.888313            
5.255296            
4.620555            
8.437689            
8.028509            
4.226085            
4.604894            
6.466366            
5.219044            
5.991420            
7.234367            
6.803988            
7.823921            
4.486803            
5.937976            
3.846517            
5.046715            
5.321059            
5.687992            
4.448916            
3.856447            
5.851826            
5.070399            
3.483848            
5.289724            
6.940468            
3.505202            
6.611945            
5.471933            
4.711575            
6.533747            
4.468697            
4.789833            
3.563036            
3.958292            
6.858470            
10.299434           
6.612721            
7.718353            
8.404852            
4.824716            
5.736394            
4.801731            
7.870898            
9.234554            
5.840230            
4.782877            
6.154517            
5.187776            
4.030657            
3.815574            
4.880681            
5.925528            
6.164124            
4.479920            
4.665203            
4.847458            
7.637893            
4.785721            
6.377133            
6.043442            
3.296135            
3.130460            
7.392253            
4.122371            
4.165926            
6.144079            
4.991906            
2.969280            
6.021430            
4.856377            
6.083931            
5.240822            
4.989792            
5.035461            
5.337706            
3.831614            
7.438155            
4.837086            
3.925978            
4.428632            
5.520784            
4.009569            
8.972038            
4.987458            
9.553170            
5.377981            
4.226953            
4.194320            
4.516369            
4.451421            
4.280379            
4.141384            
4.562609            
4.945004            
4.331319            
5.230786            
8.500298            
5.250226            
5.526150            
4.440830            
5.723996            
4.861644            
4.146427            
5.180545            
3.910200            
4.337103            
4.995471            
4.991012            
3.414390            
4.392680            
6.443489            
5.587363            
3.859734            
6.118067            
7.048349            
5.374063            
4.182966            
4.496442            
4.860573            
5.869043            
6.606406            
9.189720            
5.000281            
8.810660            
5.274786            
5.729534            
7.856773            
5.723986            
6.275211            
