1                               0                   1.70                0                   0                   
10                              0                   0.62                0                   0                   
100                             0                   0.093               0                   0                   
101                             0                   0.15                0                   0                   
102                             0                   0.26                0                   0                   
103                             0                   2.31                0                   0                   
104                             0                   0.16                0                   0                   
105                             0                   0.26                0                   0                   
106                             0                   0.11                0                   0                   
107                             0                   1.01                0                   0                   
108                             0                   0.21                0                   0                   
109                             1                   1.27                0.79                0.79                
11                              0                   0.17                0                   0                   
110                             0                   0.082               0                   0                   
111                             0                   0.14                0                   0                   
112                             0                   0.042               0                   0                   
113                             0                   0.18                0                   0                   
114                             0                   0.11                0                   0                   
115                             0                   0.11                0                   0                   
116                             0                   0.053               0                   0                   
117                             0                   0.039               0                   0                   
118                             0                   0.053               0                   0                   
119                             0                   0.048               0                   0                   
12                              0                   0.88                0                   0                   
120                             0                   0.042               0                   0                   
121                             0                   0.097               0                   0                   
122                             0                   0.11                0                   0                   
123                             0                   0.10                0                   0                   
124                             0                   0.16                0                   0                   
125                             0                   0.074               0                   0                   
126                             0                   0.93                0                   0                   
127                             0                   0.22                0                   0                   
128                             0                   0.14                0                   0                   
129                             0                   0.23                0                   0                   
13                              1                   1.66                0.60                0.60                
130                             0                   0.31                0                   0                   
131                             0                   0.15                0                   0                   
132                             1                   0.17                5.72                5.74                
133                             0                   1.28                0                   0                   
134                             0                   0.080               0                   0                   
135                             0                   0.055               0                   0                   
136                             0                   0.14                0                   0                   
137                             0                   0.29                0                   0                   
138                             0                   0.31                0                   0                   
139                             2                   0.93                2.16                2.17                
14                              0                   1.13                0                   0                   
140                             14                  0.81                17.29               18.19               
141                             0                   0.69                0                   0                   
142                             2                   0.28                7.23                7.28                
143                             0                   1.54                0                   0                   
144                             0                   0.15                0                   0                   
145                             0                   0.10                0                   0                   
146                             27                  1.47                18.32               20.27               
147                             0                   0.51                0                   0                   
148                             0                   0.13                0                   0                   
149                             0                   0.33                0                   0                   
15                              0                   0.24                0                   0                   
150                             3                   2.08                1.44                1.45                
151                             0                   0.35                0                   0                   
152                             1                   0.73                1.37                1.37                
153                             0                   0.26                0                   0                   
154                             0                   0.25                0                   0                   
155                             0                   0.092               0                   0                   
156                             0                   0.064               0                   0                   
157                             0                   0.30                0                   0                   
158                             1                   0.51                1.94                1.95                
159                             1                   0.41                2.46                2.47                
16                              0                   0.37                0                   0                   
160                             0                   0.91                0                   0                   
161                             1                   2.27                0.44                0.44                
162                             0                   0.27                0                   0                   
163                             0                   0.27                0                   0                   
164                             0                   0.12                0                   0                   
165                             1                   0.77                1.30                1.30                
166                             3                   2.53                1.19                1.19                
167                             1                   0.18                5.56                5.57                
168                             1                   0.37                2.73                2.73                
169                             0                   0.29                0                   0                   
17                              1                   4.32                0.23                0.23                
170                             0                   0.42                0                   0                   
171                             0                   0.32                0                   0                   
172                             0                   0.53                0                   0                   
173                             0                   0.051               0                   0                   
174                             1                   1.46                0.68                0.68                
175                             0                   1.72                0                   0                   
176                             0                   0.56                0                   0                   
177                             0                   0.31                0                   0                   
178                             0                   0.054               0                   0                   
179                             0                   0.39                0                   0                   
18                              2                   2.07                0.97                0.97                
180                             0                   0.43                0                   0                   
181                             0                   0.35                0                   0                   
182                             0                   0.40                0                   0                   
183                             0                   0.51                0                   0                   
184                             0                   0.32                0                   0                   
185                             0                   0.25                0                   0                   
186                             0                   0.85                0                   0                   
187                             0                   0.61                0                   0                   
188                             0                   0.19                0                   0                   
189                             0                   0.14                0                   0                   
19                              0                   0.96                0                   0                   
190                             0                   0.45                0                   0                   
191                             1                   0.25                4.05                4.06                
192                             0                   0.073               0                   0                   
193                             0                   0.20                0                   0                   
194                             0                   0.35                0                   0                   
195                             0                   0.34                0                   0                   
196                             0                   0.50                0                   0                   
197                             0                   0.35                0                   0                   
198                             0                   0.40                0                   0                   
199                             1                   0.31                3.27                3.27                
2                               0                   2.25                0                   0                   
20                              0                   1.08                0                   0                   
200                             0                   0.31                0                   0                   
201                             0                   0.36                0                   0                   
202                             0                   0.25                0                   0                   
203                             0                   0.32                0                   0                   
204                             0                   1.25                0                   0                   
205                             1                   0.55                1.82                1.82                
206                             0                   0.20                0                   0                   
207                             0                   0.23                0                   0                   
208                             0                   0.34                0                   0                   
209                             0                   0.36                0                   0                   
21                              0                   2.42                0                   0                   
210                             0                   0.82                0                   0                   
211                             0                   0.17                0                   0                   
212                             0                   0.57                0                   0                   
213                             0                   0.43                0                   0                   
214                             0                   0.088               0                   0                   
215                             0                   0.27                0                   0                   
216                             1                   0.25                4.01                4.02                
217                             0                   0.091               0                   0                   
218                             0                   0.68                0                   0                   
219                             0                   0.14                0                   0                   
22                              0                   0.12                0                   0                   
220                             2                   2.46                0.81                0.81                
221                             0                   0.20                0                   0                   
222                             3                   0.36                8.24                8.33                
223                             1                   0.45                2.24                2.24                
224                             0                   0.13                0                   0                   
225                             0                   0.056               0                   0                   
226                             1                   0.59                1.71                1.71                
227                             3                   0.31                9.65                9.75                
228                             0                   0.071               0                   0                   
229                             1                   0.24                4.11                4.12                
23                              0                   0.57                0                   0                   
230                             0                   0.060               0                   0                   
231                             0                   0.099               0                   0                   
232                             1                   0.65                1.54                1.55                
233                             0                   0.058               0                   0                   
234                             1                   0.057               17.55               17.62               
235                             0                   0.14                0                   0                   
236                             1                   0.099               10.13               10.16               
237                             0                   0.22                0                   0                   
238                             0                   0.63                0                   0                   
239                             0                   0.26                0                   0                   
24                              0                   4.75                0                   0                   
240                             8                   0.11                71.17               73.34               
241                             2                   0.30                6.61                6.65                
242                             1                   0.36                2.77                2.77                
243                             0                   0.035               0                   0                   
244                             0                   0.31                0                   0                   
245                             1                   0.32                3.13                3.14                
246                             0                   0.13                0                   0                   
247                             1                   1.27                0.79                0.78                
248                             4                   0.51                7.79                7.90                
249                             2                   0.38                5.20                5.23                
25                              1                   1.76                0.57                0.57                
250                             0                   0.84                0                   0                   
251                             0                   0.50                0                   0                   
252                             2                   0.43                4.70                4.73                
253                             1                   0.36                2.78                2.79                
254                             0                   0.096               0                   0                   
255                             0                   0.35                0                   0                   
256                             3                   0.63                4.78                4.82                
257                             4                   0.34                11.88               12.05               
258                             35                  0.37                95.35               109.58              
259                             0                   0.17                0                   0                   
26                              0                   1.66                0                   0                   
260                             1                   0.24                4.19                4.20                
261                             12                  0.43                27.98               29.25               
262                             1                   0.17                5.77                5.79                
263                             2                   0.084               23.69               23.87               
264                             1                   0.14                7.23                7.25                
265                             0                   0.19                0                   0                   
266                             0                   0.022               0                   0                   
267                             0                   0.056               0                   0                   
268                             0                   0.040               0                   0                   
269                             0                   0.32                0                   0                   
27                              0                   0.71                0                   0                   
270                             3                   1.54                1.95                1.96                
271                             29                  2.24                12.93               14.39               
272                             17                  2.02                8.41                8.92                
273                             7                   4.13                1.69                1.71                
274                             0                   0.65                0                   0                   
275                             1                   0.34                2.97                2.97                
276                             4                   2.15                1.86                1.88                
277 et al                       3                   2.68                1.12                1.12                
279                             1                   1.80                0.55                0.55                
28                              0                   1.34                0                   0                   
280                             9                   3.98                2.26                2.30                
281                             4                   1.13                3.53                3.57                
282                             0                   0.47                0                   0                   
283                             0                   0.50                0                   0                   
284                             3                   0.82                3.64                3.67                
285                             0                   0.17                0                   0                   
286                             0                   0.15                0                   0                   
287                             1                   0.17                6.04                6.06                
288                             0                   1.02                0                   0                   
289                             0                   0.41                0                   0                   
29                              0                   1.61                0                   0                   
290                             0                   0.21                0                   0                   
291                             0                   0.84                0                   0                   
292                             0                   0.20                0                   0                   
293                             0                   0.58                0                   0                   
294                             0                   0.98                0                   0                   
295                             0                   0.12                0                   0                   
296                             0                   0.18                0                   0                   
297                             0                   0.20                0                   0                   
298                             0                   0.26                0                   0                   
299                             1                   1.72                0.58                0.58                
3                               0                   0.85                0                   0                   
30                              0                   0.085               0                   0                   
300                             1                   2.88                0.35                0.34                
301                             1                   1.33                0.75                0.75                
302                             2                   1.80                1.11                1.11                
303                             0                   0.63                0                   0                   
304                             0                   0.13                0                   0                   
305                             0                   0.37                0                   0                   
306                             0                   0.24                0                   0                   
307                             0                   0.92                0                   0                   
308                             0                   0.65                0                   0                   
309                             1                   2.31                0.43                0.43                
31                              0                   0.20                0                   0                   
310                             1                   1.05                0.95                0.95                
311                             1                   2.02                0.50                0.49                
312                             0                   0.30                0                   0                   
313                             0                   0.62                0                   0                   
314                             0                   0.86                0                   0                   
315                             0                   0.65                0                   0                   
316                             0                   0.95                0                   0                   
317                             0                   1.00                0                   0                   
318                             0                   1.17                0                   0                   
319                             0                   0.80                0                   0                   
32                              0                   0.41                0                   0                   
320                             0                   0.19                0                   0                   
321                             0                   0.74                0                   0                   
322                             2                   1.37                1.46                1.46                
323                             0                   2.41                0                   0                   
324                             1                   1.93                0.52                0.52                
325                             0                   0.75                0                   0                   
326                             0                   0.87                0                   0                   
327                             0                   0.63                0                   0                   
328                             0                   0.19                0                   0                   
329                             0                   0.42                0                   0                   
33                              0                   0.22                0                   0                   
330                             0                   0.39                0                   0                   
331                             0                   1.05                0                   0                   
332                             0                   1.47                0                   0                   
333                             0                   0.41                0                   0                   
334                             0                   0.40                0                   0                   
335                             0                   0.37                0                   0                   
336                             0                   0.22                0                   0                   
337                             0                   0.43                0                   0                   
338                             2                   2.76                0.72                0.72                
339                             0                   0.46                0                   0                   
34                              0                   0.13                0                   0                   
340                             1                   0.37                2.71                2.72                
341                             0                   0.66                0                   0                   
342                             0                   0.51                0                   0                   
343                             0                   0.33                0                   0                   
344                             0                   0.52                0                   0                   
345                             0                   0.57                0                   0                   
346                             0                   0.46                0                   0                   
347                             0                   0.19                0                   0                   
348                             0                   0.20                0                   0                   
349                             0                   0.29                0                   0                   
35                              0                   0.19                0                   0                   
350                             0                   0.54                0                   0                   
351                             0                   0.42                0                   0                   
352                             0                   1.00                0                   0                   
36                              0                   0.46                0                   0                   
37                              0                   0.070               0                   0                   
38                              0                   0.058               0                   0                   
39                              0                   0.92                0                   0                   
4                               0                   0.054               0                   0                   
40                              0                   0.57                0                   0                   
41                              0                   1.06                0                   0                   
42                              0                   0.092               0                   0                   
43                              0                   0.44                0                   0                   
44                              0                   0.16                0                   0                   
45                              0                   0.23                0                   0                   
46                              0                   1.13                0                   0                   
47                              0                   0.14                0                   0                   
48                              0                   2.55                0                   0                   
49                              0                   1.85                0                   0                   
5                               0                   0.12                0                   0                   
50                              0                   2.63                0                   0                   
51                              0                   3.13                0                   0                   
52                              0                   2.90                0                   0                   
53                              0                   1.32                0                   0                   
54                              0                   3.31                0                   0                   
55                              0                   1.44                0                   0                   
56                              0                   3.64                0                   0                   
57                              0                   3.05                0                   0                   
58                              0                   2.43                0                   0                   
59                              0                   2.20                0                   0                   
6                               0                   0.16                0                   0                   
60                              1                   0.64                1.55                1.55                
61                              0                   0.59                0                   0                   
62                              0                   0.65                0                   0                   
63                              0                   0.58                0                   0                   
64                              0                   0.60                0                   0                   
65                              0                   0.98                0                   0                   
66                              0                   0.44                0                   0                   
67                              0                   0.25                0                   0                   
68                              0                   0.45                0                   0                   
69                              0                   0.61                0                   0                   
7                               0                   0.099               0                   0                   
70                              0                   0.070               0                   0                   
71                              0                   0.38                0                   0                   
72                              0                   0.29                0                   0                   
73                              0                   0.070               0                   0                   
74                              0                   1.12                0                   0                   
75                              0                   0.42                0                   0                   
76                              0                   0.85                0                   0                   
77                              0                   0.50                0                   0                   
78                              0                   0.36                0                   0                   
79                              0                   1.21                0                   0                   
8                               0                   0.070               0                   0                   
80                              0                   0.27                0                   0                   
81                              0                   4.55                0                   0                   
82                              0                   4.84                0                   0                   
83                              1                   0.93                1.07                1.07                
84                              0                   0.41                0                   0                   
85                              0                   2.78                0                   0                   
86                              0                   0.076               0                   0                   
87                              0                   0.062               0                   0                   
88                              0                   3.46                0                   0                   
89                              1                   4.70                0.21                0.21                
9                               0                   0.41                0                   0                   
90                              1                   6.48                0.15                0.15                
91                              0                   0.97                0                   0                   
92                              0                   2.06                0                   0                   
93                              2                   2.74                0.73                0.73                
94                              0                   2.21                0                   0                   
95                              0                   0.89                0                   0                   
96                              0                   1.68                0                   0                   
97                              0                   0.27                0                   0                   
98                              0                   0.068               0                   0                   
99                              0                   0.50                0                   0                   
