1                               0                   3.11                0                   0                   
10                              0                   1.17                0                   0                   
100                             0                   0.16                0                   0                   
101                             0                   0.26                0                   0                   
102                             0                   0.47                0                   0                   
103                             0                   4.17                0                   0                   
104                             0                   0.26                0                   0                   
105                             0                   0.46                0                   0                   
106                             0                   0.19                0                   0                   
107                             0                   1.81                0                   0                   
108                             0                   0.36                0                   0                   
109                             2                   2.21                0.91                0.91                
11                              0                   0.28                0                   0                   
110                             0                   0.13                0                   0                   
111                             0                   0.23                0                   0                   
112                             0                   0.073               0                   0                   
113                             0                   0.30                0                   0                   
114                             0                   0.18                0                   0                   
115                             0                   0.17                0                   0                   
116                             0                   0.089               0                   0                   
117                             0                   0.077               0                   0                   
118                             0                   0.11                0                   0                   
119                             0                   0.073               0                   0                   
12                              0                   1.61                0                   0                   
120                             0                   0.075               0                   0                   
121                             0                   0.15                0                   0                   
122                             0                   0.18                0                   0                   
123                             0                   0.17                0                   0                   
124                             0                   0.27                0                   0                   
125                             0                   0.13                0                   0                   
126                             0                   1.74                0                   0                   
127                             1                   0.38                2.66                2.66                
128                             0                   0.22                0                   0                   
129                             0                   0.42                0                   0                   
13                              1                   3.67                0.27                0.27                
130                             0                   0.51                0                   0                   
131                             0                   0.24                0                   0                   
132                             1                   0.33                3.05                3.05                
133                             0                   2.18                0                   0                   
134                             0                   0.13                0                   0                   
135                             0                   0.092               0                   0                   
136                             0                   0.23                0                   0                   
137                             1                   0.48                2.08                2.08                
138                             2                   0.51                3.93                3.94                
139                             2                   1.60                1.25                1.25                
14                              0                   2.01                0                   0                   
140                             16                  1.55                10.33               10.65               
141                             0                   1.23                0                   0                   
142                             2                   0.47                4.30                4.31                
143                             0                   2.76                0                   0                   
144                             0                   0.24                0                   0                   
145                             0                   0.18                0                   0                   
146                             32                  2.61                12.26               13.06               
147                             0                   0.99                0                   0                   
148                             0                   0.21                0                   0                   
149                             0                   0.55                0                   0                   
15                              0                   0.42                0                   0                   
150                             4                   3.97                1.01                1.01                
151                             0                   0.63                0                   0                   
152                             1                   1.37                0.73                0.73                
153                             0                   0.45                0                   0                   
154                             0                   0.42                0                   0                   
155                             0                   0.15                0                   0                   
156                             0                   0.10                0                   0                   
157                             0                   0.50                0                   0                   
158                             1                   0.91                1.10                1.10                
159                             1                   0.75                1.33                1.33                
16                              1                   0.61                1.64                1.64                
160                             0                   1.62                0                   0                   
161                             2                   3.90                0.51                0.51                
162                             0                   0.44                0                   0                   
163                             0                   0.45                0                   0                   
164                             0                   0.21                0                   0                   
165                             1                   1.41                0.71                0.71                
166                             7                   4.82                1.45                1.46                
167                             2                   0.30                6.75                6.77                
168                             2                   0.60                3.34                3.35                
169                             0                   0.52                0                   0                   
17                              2                   8.23                0.24                0.24                
170                             0                   0.72                0                   0                   
171                             0                   0.54                0                   0                   
172                             0                   0.93                0                   0                   
173                             0                   0.085               0                   0                   
174                             4                   2.54                1.57                1.58                
175                             2                   3.06                0.65                0.65                
176                             0                   0.41                0                   0                   
177                             0                   1.49                0                   0                   
178                             0                   0.31                0                   0                   
179                             0                   0.49                0                   0                   
18                              2                   4.00                0.50                0.50                
180                             0                   0.65                0                   0                   
181                             0                   0.94                0                   0                   
182                             0                   0.57                0                   0                   
183                             0                   0.096               0                   0                   
184                             0                   0.88                0                   0                   
185                             0                   0.24                0                   0                   
186                             0                   0.78                0                   0                   
187                             0                   0.12                0                   0                   
188                             0                   1.04                0                   0                   
189                             0                   0.67                0                   0                   
19                              0                   1.81                0                   0                   
190                             0                   0.33                0                   0                   
191                             2                   0.75                2.66                2.67                
192                             0                   0.39                0                   0                   
193                             0                   0.53                0                   0                   
194                             0                   0.57                0                   0                   
195                             0                   0.55                0                   0                   
196                             0                   0.84                0                   0                   
197                             1                   0.58                1.72                1.72                
198                             0                   0.66                0                   0                   
199                             1                   0.50                1.99                1.99                
2                               0                   4.35                0                   0                   
20                              0                   1.95                0                   0                   
200                             0                   0.50                0                   0                   
201                             0                   0.61                0                   0                   
202                             0                   0.40                0                   0                   
203                             0                   0.52                0                   0                   
204                             0                   2.25                0                   0                   
205                             1                   0.94                1.07                1.07                
206                             0                   0.31                0                   0                   
207                             0                   0.38                0                   0                   
208                             0                   0.54                0                   0                   
209                             0                   0.60                0                   0                   
21                              0                   4.60                0                   0                   
210                             0                   1.47                0                   0                   
211                             0                   0.27                0                   0                   
212                             0                   0.97                0                   0                   
213                             0                   0.94                0                   0                   
214                             1                   0.16                6.29                6.30                
215                             1                   0.46                2.18                2.18                
216                             1                   0.41                2.45                2.45                
217                             0                   0.16                0                   0                   
218                             0                   1.15                0                   0                   
219                             0                   0.22                0                   0                   
22                              0                   0.23                0                   0                   
220                             2                   4.18                0.48                0.48                
221                             1                   0.33                3.03                3.03                
222                             11                  0.64                17.22               17.60               
223                             1                   0.74                1.35                1.35                
224                             0                   0.21                0                   0                   
225                             0                   0.10                0                   0                   
226                             2                   1.00                2.00                2.01                
227                             3                   0.52                5.82                5.85                
228                             1                   0.11                8.71                8.72                
229                             2                   0.38                5.26                5.28                
23                              0                   1.01                0                   0                   
230                             1                   0.11                9.16                9.17                
231                             0                   0.16                0                   0                   
232                             3                   1.14                2.64                2.65                
233                             0                   0.10                0                   0                   
234                             2                   0.10                19.96               20.04               
235                             0                   0.26                0                   0                   
236                             1                   0.16                6.14                6.15                
237                             0                   0.36                0                   0                   
238                             1                   1.06                0.94                0.94                
239                             0                   0.43                0                   0                   
24                              0                   9.01                0                   0                   
240                             10                  0.18                55.12               56.27               
241                             2                   0.56                3.57                3.58                
242                             1                   0.63                1.60                1.60                
243                             0                   0.068               0                   0                   
244                             0                   0.52                0                   0                   
245                             1                   0.54                1.84                1.84                
246                             0                   0.23                0                   0                   
247                             3                   2.33                1.29                1.29                
248                             9                   0.89                10.07               10.24               
249                             7                   0.72                9.74                9.87                
25                              2                   3.40                0.59                0.59                
250                             1                   1.75                0.57                0.57                
251                             5                   0.92                5.44                5.49                
252                             5                   0.78                6.43                6.49                
253                             4                   0.62                6.43                6.48                
254                             1                   0.15                6.56                6.58                
255                             1                   0.60                1.66                1.66                
256                             7                   1.10                6.36                6.44                
257                             4                   0.62                6.45                6.50                
258                             41                  0.63                64.96               70.90               
259                             0                   0.29                0                   0                   
26                              0                   3.30                0                   0                   
260                             2                   0.41                4.93                4.94                
261                             19                  0.75                25.25               26.25               
262                             1                   0.27                3.65                3.65                
263                             2                   0.13                15.51               15.57               
264                             1                   0.25                3.95                3.96                
265                             0                   0.31                0                   0                   
266                             0                   0.039               0                   0                   
267                             0                   0.088               0                   0                   
268                             0                   0.065               0                   0                   
269                             0                   0.51                0                   0                   
27                              0                   1.36                0                   0                   
270                             7                   2.87                2.44                2.46                
271                             51                  4.09                12.48               13.84               
272                             47                  3.77                12.45               13.69               
273                             14                  7.16                1.96                1.98                
274                             1                   1.07                0.94                0.94                
275                             2                   0.56                3.55                3.56                
276                             7                   3.59                1.95                1.96                
277 et al                       17                  4.57                3.72                3.82                
279                             3                   3.26                0.92                0.92                
28                              1                   2.49                0.40                0.40                
280                             17                  7.43                2.29                2.34                
281                             6                   2.03                2.96                2.99                
282                             0                   0.77                0                   0                   
283                             2                   0.84                2.39                2.39                
284                             9                   1.46                6.18                6.28                
285                             0                   0.28                0                   0                   
286                             0                   0.27                0                   0                   
287                             1                   0.28                3.52                3.52                
288                             0                   1.81                0                   0                   
289                             0                   0.71                0                   0                   
29                              0                   3.17                0                   0                   
290                             0                   0.35                0                   0                   
291                             0                   1.47                0                   0                   
292                             0                   0.34                0                   0                   
293                             0                   1.01                0                   0                   
294                             3                   1.77                1.69                1.70                
295                             0                   0.20                0                   0                   
296                             0                   0.30                0                   0                   
297                             0                   0.34                0                   0                   
298                             0                   0.39                0                   0                   
299                             1                   3.06                0.33                0.33                
3                               0                   1.61                0                   0                   
30                              0                   0.14                0                   0                   
300                             1                   5.61                0.18                0.18                
301                             1                   2.56                0.39                0.39                
302                             2                   3.46                0.58                0.58                
303                             0                   1.13                0                   0                   
304                             1                   0.22                4.46                4.47                
305                             0                   0.66                0                   0                   
306                             0                   0.40                0                   0                   
307                             0                   1.61                0                   0                   
308                             2                   1.19                1.68                1.69                
309                             1                   4.36                0.23                0.23                
31                              0                   0.35                0                   0                   
310                             1                   1.96                0.51                0.51                
311                             1                   3.87                0.26                0.26                
312                             0                   0.52                0                   0                   
313                             1                   1.06                0.95                0.95                
314                             0                   1.56                0                   0                   
315                             0                   1.20                0                   0                   
316                             0                   1.90                0                   0                   
317                             0                   1.79                0                   0                   
318                             0                   2.23                0                   0                   
319                             1                   1.53                0.65                0.65                
32                              0                   0.71                0                   0                   
320                             0                   0.31                0                   0                   
321                             0                   1.36                0                   0                   
322                             2                   2.40                0.83                0.83                
323                             1                   4.66                0.21                0.21                
324                             1                   3.46                0.29                0.29                
325                             0                   1.35                0                   0                   
326                             1                   1.60                0.62                0.62                
327                             0                   1.07                0                   0                   
328                             0                   0.32                0                   0                   
329                             0                   0.76                0                   0                   
33                              0                   0.37                0                   0                   
330                             0                   0.69                0                   0                   
331                             0                   1.89                0                   0                   
332                             0                   2.59                0                   0                   
333                             0                   0.72                0                   0                   
334                             0                   0.68                0                   0                   
335                             1                   0.64                1.56                1.57                
336                             0                   0.36                0                   0                   
337                             0                   0.76                0                   0                   
338                             2                   4.87                0.41                0.41                
339                             0                   0.78                0                   0                   
34                              0                   0.22                0                   0                   
340                             1                   0.63                1.59                1.59                
341                             0                   1.16                0                   0                   
342                             0                   0.87                0                   0                   
343                             0                   0.57                0                   0                   
344                             1                   0.90                1.11                1.11                
345                             0                   0.99                0                   0                   
346                             0                   0.82                0                   0                   
347                             0                   0.32                0                   0                   
348                             0                   0.35                0                   0                   
349                             0                   0.50                0                   0                   
35                              0                   0.31                0                   0                   
350                             0                   0.96                0                   0                   
351                             0                   0.71                0                   0                   
352                             0                   1.80                0                   0                   
36                              0                   0.77                0                   0                   
37                              0                   0.12                0                   0                   
38                              0                   0.093               0                   0                   
39                              0                   1.76                0                   0                   
4                               0                   0.095               0                   0                   
40                              0                   0.98                0                   0                   
41                              0                   1.87                0                   0                   
42                              0                   0.15                0                   0                   
43                              0                   0.74                0                   0                   
44                              0                   0.27                0                   0                   
45                              0                   0.38                0                   0                   
46                              0                   2.14                0                   0                   
47                              0                   0.23                0                   0                   
48                              0                   4.80                0                   0                   
49                              1                   3.33                0.30                0.30                
5                               0                   0.20                0                   0                   
50                              0                   4.73                0                   0                   
51                              0                   5.97                0                   0                   
52                              0                   5.34                0                   0                   
53                              0                   2.54                0                   0                   
54                              0                   6.02                0                   0                   
55                              0                   2.70                0                   0                   
56                              0                   6.47                0                   0                   
57                              1                   5.71                0.18                0.17                
58                              0                   4.32                0                   0                   
59                              0                   4.02                0                   0                   
6                               0                   0.30                0                   0                   
60                              1                   1.12                0.89                0.89                
61                              1                   1.00                1.00                1.00                
62                              0                   1.09                0                   0                   
63                              0                   0.93                0                   0                   
64                              0                   1.08                0                   0                   
65                              0                   1.70                0                   0                   
66                              0                   0.80                0                   0                   
67                              0                   0.44                0                   0                   
68                              0                   0.82                0                   0                   
69                              0                   1.11                0                   0                   
7                               0                   0.20                0                   0                   
70                              0                   0.12                0                   0                   
71                              0                   0.67                0                   0                   
72                              0                   0.50                0                   0                   
73                              0                   0.13                0                   0                   
74                              0                   1.99                0                   0                   
75                              0                   0.75                0                   0                   
76                              0                   1.50                0                   0                   
77                              0                   0.84                0                   0                   
78                              0                   0.62                0                   0                   
79                              0                   2.37                0                   0                   
8                               0                   0.12                0                   0                   
80                              0                   0.49                0                   0                   
81                              1                   8.06                0.12                0.12                
82                              1                   8.60                0.12                0.11                
83                              1                   1.75                0.57                0.57                
84                              0                   0.79                0                   0                   
85                              0                   4.95                0                   0                   
86                              0                   0.14                0                   0                   
87                              0                   0.099               0                   0                   
88                              0                   6.25                0                   0                   
89                              1                   8.60                0.12                0.11                
9                               0                   0.70                0                   0                   
90                              1                   11.46               0.087               0.085               
91                              0                   2.14                0                   0                   
92                              0                   3.83                0                   0                   
93                              2                   4.65                0.43                0.43                
94                              0                   4.10                0                   0                   
95                              0                   1.64                0                   0                   
96                              0                   3.44                0                   0                   
97                              0                   0.49                0                   0                   
98                              0                   0.13                0                   0                   
99                              0                   0.84                0                   0                   
