1                               0                   2.75                0                   0                   
10                              0                   1.03                0                   0                   
100                             0                   0.14                0                   0                   
101                             0                   0.23                0                   0                   
102                             0                   0.42                0                   0                   
103                             0                   3.69                0                   0                   
104                             0                   0.24                0                   0                   
105                             0                   0.41                0                   0                   
106                             0                   0.17                0                   0                   
107                             0                   1.62                0                   0                   
108                             0                   0.32                0                   0                   
109                             2                   1.97                1.02                1.02                
11                              0                   0.25                0                   0                   
110                             0                   0.12                0                   0                   
111                             0                   0.21                0                   0                   
112                             0                   0.066               0                   0                   
113                             0                   0.27                0                   0                   
114                             0                   0.16                0                   0                   
115                             0                   0.16                0                   0                   
116                             0                   0.080               0                   0                   
117                             0                   0.070               0                   0                   
118                             0                   0.093               0                   0                   
119                             0                   0.066               0                   0                   
12                              0                   1.42                0                   0                   
120                             0                   0.066               0                   0                   
121                             0                   0.14                0                   0                   
122                             0                   0.16                0                   0                   
123                             0                   0.15                0                   0                   
124                             0                   0.24                0                   0                   
125                             0                   0.11                0                   0                   
126                             0                   1.53                0                   0                   
127                             1                   0.34                2.98                2.99                
128                             0                   0.20                0                   0                   
129                             0                   0.37                0                   0                   
13                              1                   3.15                0.32                0.32                
130                             0                   0.46                0                   0                   
131                             0                   0.22                0                   0                   
132                             1                   0.29                3.46                3.47                
133                             0                   1.95                0                   0                   
134                             0                   0.12                0                   0                   
135                             0                   0.084               0                   0                   
136                             0                   0.20                0                   0                   
137                             1                   0.43                2.32                2.33                
138                             1                   0.46                2.19                2.19                
139                             2                   1.43                1.40                1.40                
14                              0                   1.77                0                   0                   
140                             14                  1.36                10.28               10.60               
141                             0                   1.10                0                   0                   
142                             2                   0.42                4.81                4.82                
143                             0                   2.44                0                   0                   
144                             0                   0.21                0                   0                   
145                             0                   0.16                0                   0                   
146                             31                  2.32                13.38               14.35               
147                             0                   0.86                0                   0                   
148                             0                   0.19                0                   0                   
149                             0                   0.49                0                   0                   
15                              0                   0.37                0                   0                   
150                             4                   3.49                1.14                1.15                
151                             0                   0.56                0                   0                   
152                             1                   1.20                0.83                0.83                
153                             0                   0.40                0                   0                   
154                             0                   0.37                0                   0                   
155                             0                   0.14                0                   0                   
156                             0                   0.093               0                   0                   
157                             0                   0.45                0                   0                   
158                             1                   0.81                1.24                1.24                
159                             1                   0.66                1.51                1.52                
16                              0                   0.55                0                   0                   
160                             0                   1.44                0                   0                   
161                             2                   3.48                0.57                0.57                
162                             0                   0.40                0                   0                   
163                             0                   0.40                0                   0                   
164                             0                   0.18                0                   0                   
165                             1                   1.25                0.80                0.80                
166                             5                   4.25                1.18                1.18                
167                             2                   0.27                7.54                7.58                
168                             2                   0.54                3.71                3.72                
169                             0                   0.46                0                   0                   
17                              1                   7.18                0.14                0.14                
170                             0                   0.64                0                   0                   
171                             0                   0.48                0                   0                   
172                             0                   0.83                0                   0                   
173                             0                   0.077               0                   0                   
174                             4                   2.26                1.77                1.77                
175                             0                   2.72                0                   0                   
176                             0                   0.37                0                   0                   
177                             0                   1.32                0                   0                   
178                             0                   0.28                0                   0                   
179                             0                   0.45                0                   0                   
18                              2                   3.45                0.58                0.58                
180                             0                   0.58                0                   0                   
181                             0                   0.84                0                   0                   
182                             0                   0.52                0                   0                   
183                             0                   0.085               0                   0                   
184                             0                   0.79                0                   0                   
185                             0                   0.22                0                   0                   
186                             0                   0.69                0                   0                   
187                             0                   0.11                0                   0                   
188                             0                   0.93                0                   0                   
189                             0                   0.60                0                   0                   
19                              0                   1.58                0                   0                   
190                             0                   0.30                0                   0                   
191                             2                   0.67                2.97                2.98                
192                             0                   0.35                0                   0                   
193                             0                   0.47                0                   0                   
194                             0                   0.51                0                   0                   
195                             0                   0.49                0                   0                   
196                             0                   0.76                0                   0                   
197                             1                   0.52                1.91                1.91                
198                             0                   0.60                0                   0                   
199                             1                   0.45                2.21                2.21                
2                               0                   3.83                0                   0                   
20                              0                   1.72                0                   0                   
200                             0                   0.46                0                   0                   
201                             0                   0.54                0                   0                   
202                             0                   0.36                0                   0                   
203                             0                   0.47                0                   0                   
204                             0                   2.00                0                   0                   
205                             1                   0.84                1.19                1.19                
206                             0                   0.28                0                   0                   
207                             0                   0.34                0                   0                   
208                             0                   0.49                0                   0                   
209                             0                   0.54                0                   0                   
21                              0                   4.01                0                   0                   
210                             0                   1.30                0                   0                   
211                             0                   0.25                0                   0                   
212                             0                   0.86                0                   0                   
213                             0                   0.82                0                   0                   
214                             1                   0.14                7.05                7.06                
215                             1                   0.41                2.46                2.46                
216                             1                   0.37                2.73                2.73                
217                             0                   0.14                0                   0                   
218                             0                   1.03                0                   0                   
219                             0                   0.20                0                   0                   
22                              0                   0.20                0                   0                   
220                             2                   3.73                0.54                0.53                
221                             0                   0.30                0                   0                   
222                             6                   0.57                10.55               10.68               
223                             1                   0.67                1.50                1.50                
224                             0                   0.19                0                   0                   
225                             0                   0.089               0                   0                   
226                             2                   0.89                2.26                2.26                
227                             3                   0.46                6.48                6.52                
228                             1                   0.10                9.62                9.64                
229                             2                   0.35                5.74                5.77                
23                              0                   0.89                0                   0                   
230                             1                   0.096               10.40               10.43               
231                             0                   0.15                0                   0                   
232                             3                   1.01                2.98                2.99                
233                             0                   0.088               0                   0                   
234                             2                   0.089               22.59               22.69               
235                             0                   0.23                0                   0                   
236                             1                   0.15                6.79                6.80                
237                             0                   0.32                0                   0                   
238                             0                   0.95                0                   0                   
239                             0                   0.38                0                   0                   
24                              0                   7.87                0                   0                   
240                             10                  0.16                60.87               62.30               
241                             2                   0.50                4.01                4.03                
242                             1                   0.56                1.79                1.79                
243                             0                   0.061               0                   0                   
244                             0                   0.46                0                   0                   
245                             1                   0.49                2.06                2.06                
246                             0                   0.21                0                   0                   
247                             3                   2.06                1.46                1.46                
248                             5                   0.80                6.29                6.35                
249                             4                   0.64                6.28                6.33                
25                              1                   2.97                0.34                0.34                
250                             1                   1.52                0.66                0.66                
251                             3                   0.81                3.70                3.72                
252                             3                   0.69                4.36                4.39                
253                             4                   0.56                7.21                7.27                
254                             1                   0.14                7.26                7.28                
255                             1                   0.54                1.85                1.85                
256                             5                   0.98                5.12                5.17                
257                             4                   0.55                7.33                7.39                
258                             41                  0.56                72.84               80.47               
259                             0                   0.26                0                   0                   
26                              0                   2.86                0                   0                   
260                             2                   0.36                5.52                5.54                
261                             18                  0.67                26.82               27.96               
262                             1                   0.25                4.03                4.04                
263                             2                   0.12                17.26               17.33               
264                             1                   0.23                4.38                4.39                
265                             0                   0.28                0                   0                   
266                             0                   0.035               0                   0                   
267                             0                   0.078               0                   0                   
268                             0                   0.058               0                   0                   
269                             0                   0.46                0                   0                   
27                              0                   1.19                0                   0                   
270                             7                   2.52                2.78                2.81                
271                             48                  3.62                13.28               14.83               
272                             45                  3.32                13.57               15.06               
273                             12                  6.38                1.88                1.91                
274                             0                   0.96                0                   0                   
275                             1                   0.50                1.98                1.98                
276                             5                   3.22                1.56                1.56                
277 et al                       15                  4.08                3.67                3.77                
279                             2                   2.88                0.69                0.69                
28                              1                   2.18                0.46                0.46                
280                             14                  6.56                2.13                2.17                
281                             6                   1.80                3.33                3.36                
282                             0                   0.70                0                   0                   
283                             1                   0.75                1.33                1.33                
284                             7                   1.30                5.40                5.47                
285                             0                   0.25                0                   0                   
286                             0                   0.24                0                   0                   
287                             1                   0.25                3.96                3.96                
288                             0                   1.60                0                   0                   
289                             0                   0.63                0                   0                   
29                              0                   2.68                0                   0                   
290                             0                   0.32                0                   0                   
291                             0                   1.31                0                   0                   
292                             0                   0.30                0                   0                   
293                             0                   0.90                0                   0                   
294                             2                   1.57                1.28                1.28                
295                             0                   0.18                0                   0                   
296                             0                   0.26                0                   0                   
297                             0                   0.30                0                   0                   
298                             0                   0.35                0                   0                   
299                             1                   2.72                0.37                0.37                
3                               0                   1.41                0                   0                   
30                              0                   0.13                0                   0                   
300                             1                   4.89                0.20                0.20                
301                             1                   2.24                0.45                0.44                
302                             2                   3.03                0.66                0.66                
303                             0                   1.00                0                   0                   
304                             0                   0.20                0                   0                   
305                             0                   0.59                0                   0                   
306                             0                   0.36                0                   0                   
307                             0                   1.43                0                   0                   
308                             2                   1.04                1.92                1.92                
309                             1                   3.84                0.26                0.26                
31                              0                   0.31                0                   0                   
310                             1                   1.73                0.58                0.58                
311                             1                   3.39                0.30                0.29                
312                             0                   0.46                0                   0                   
313                             1                   0.95                1.06                1.06                
314                             0                   1.39                0                   0                   
315                             0                   1.05                0                   0                   
316                             0                   1.65                0                   0                   
317                             0                   1.59                0                   0                   
318                             0                   1.96                0                   0                   
319                             1                   1.34                0.75                0.75                
32                              0                   0.64                0                   0                   
320                             0                   0.28                0                   0                   
321                             0                   1.20                0                   0                   
322                             2                   2.13                0.94                0.94                
323                             1                   4.09                0.24                0.24                
324                             1                   3.07                0.33                0.32                
325                             0                   1.19                0                   0                   
326                             1                   1.41                0.71                0.71                
327                             0                   0.96                0                   0                   
328                             0                   0.29                0                   0                   
329                             0                   0.67                0                   0                   
33                              0                   0.33                0                   0                   
330                             0                   0.61                0                   0                   
331                             0                   1.68                0                   0                   
332                             0                   2.30                0                   0                   
333                             0                   0.64                0                   0                   
334                             0                   0.61                0                   0                   
335                             1                   0.57                1.76                1.76                
336                             0                   0.32                0                   0                   
337                             0                   0.67                0                   0                   
338                             2                   4.33                0.46                0.46                
339                             0                   0.70                0                   0                   
34                              0                   0.19                0                   0                   
340                             1                   0.56                1.78                1.78                
341                             0                   1.03                0                   0                   
342                             0                   0.78                0                   0                   
343                             0                   0.51                0                   0                   
344                             1                   0.80                1.25                1.25                
345                             0                   0.88                0                   0                   
346                             0                   0.73                0                   0                   
347                             0                   0.29                0                   0                   
348                             0                   0.31                0                   0                   
349                             0                   0.44                0                   0                   
35                              0                   0.28                0                   0                   
350                             0                   0.85                0                   0                   
351                             0                   0.63                0                   0                   
352                             0                   1.59                0                   0                   
36                              0                   0.70                0                   0                   
37                              0                   0.11                0                   0                   
38                              0                   0.085               0                   0                   
39                              0                   1.56                0                   0                   
4                               0                   0.085               0                   0                   
40                              0                   0.88                0                   0                   
41                              0                   1.67                0                   0                   
42                              0                   0.14                0                   0                   
43                              0                   0.67                0                   0                   
44                              0                   0.25                0                   0                   
45                              0                   0.34                0                   0                   
46                              0                   1.90                0                   0                   
47                              0                   0.21                0                   0                   
48                              0                   4.26                0                   0                   
49                              1                   2.99                0.33                0.33                
5                               0                   0.18                0                   0                   
50                              0                   4.22                0                   0                   
51                              0                   5.30                0                   0                   
52                              0                   4.75                0                   0                   
53                              0                   2.25                0                   0                   
54                              0                   5.36                0                   0                   
55                              0                   2.41                0                   0                   
56                              0                   5.77                0                   0                   
57                              1                   5.07                0.20                0.20                
58                              0                   3.86                0                   0                   
59                              0                   3.58                0                   0                   
6                               0                   0.26                0                   0                   
60                              1                   1.00                1.00                1.00                
61                              1                   0.89                1.12                1.12                
62                              0                   0.97                0                   0                   
63                              0                   0.84                0                   0                   
64                              0                   0.95                0                   0                   
65                              0                   1.50                0                   0                   
66                              0                   0.71                0                   0                   
67                              0                   0.40                0                   0                   
68                              0                   0.73                0                   0                   
69                              0                   0.99                0                   0                   
7                               0                   0.17                0                   0                   
70                              0                   0.11                0                   0                   
71                              0                   0.59                0                   0                   
72                              0                   0.45                0                   0                   
73                              0                   0.11                0                   0                   
74                              0                   1.77                0                   0                   
75                              0                   0.66                0                   0                   
76                              0                   1.33                0                   0                   
77                              0                   0.75                0                   0                   
78                              0                   0.55                0                   0                   
79                              0                   2.08                0                   0                   
8                               0                   0.10                0                   0                   
80                              0                   0.43                0                   0                   
81                              1                   7.16                0.14                0.14                
82                              0                   7.63                0                   0                   
83                              1                   1.53                0.65                0.65                
84                              0                   0.69                0                   0                   
85                              0                   4.40                0                   0                   
86                              0                   0.12                0                   0                   
87                              0                   0.090               0                   0                   
88                              0                   5.53                0                   0                   
89                              1                   7.61                0.13                0.13                
9                               0                   0.63                0                   0                   
90                              1                   10.21               0.098               0.096               
91                              0                   1.85                0                   0                   
92                              0                   3.39                0                   0                   
93                              2                   4.15                0.48                0.48                
94                              0                   3.61                0                   0                   
95                              0                   1.45                0                   0                   
96                              0                   2.99                0                   0                   
97                              0                   0.43                0                   0                   
98                              0                   0.11                0                   0                   
99                              0                   0.75                0                   0                   
