259                             1                   1e-17               122                 9.80                12.44               26.27               1004493.00          0                   0.14                0                   0                   14253.00            22.822246           120.228051          T 
260                             1                   1e-17               122                 9.80                12.44               26.27               1004493.00          0                   0.20                0                   0                   20613.00            22.779445           120.239457          T 
256                             1                   1e-17               122                 9.80                12.44               26.27               1004493.00          3                   0.53                5.68                5.74                54137.00            22.857242           120.265987          T 
258                             1                   1e-17               122                 9.80                12.44               26.27               1004493.00          34                  0.31                110.30              129.96              31583.00            22.882414           120.198052          T 
281                             1                   1e-17               122                 9.80                12.44               26.27               1004493.00          2                   0.95                2.11                2.12                97095.00            22.805059           120.297891          T 
257                             1                   1e-17               122                 9.80                12.44               26.27               1004493.00          3                   0.28                10.71               10.84               28697.00            22.893250           120.225937          T 
261                             1                   1e-17               122                 9.80                12.44               26.27               1004493.00          9                   0.36                25.01               26.02               36867.00            22.748209           120.259399          T 
252                             1                   1e-17               122                 9.80                12.44               26.27               1004493.00          1                   0.35                2.82                2.83                36284.00            22.752524           120.300653          T 
255                             1                   1e-17               122                 9.80                12.44               26.27               1004493.00          0                   0.30                0                   0                   30613.00            22.870229           120.321097          T 
140                             1                   1e-17               122                 9.80                12.44               26.27               1004493.00          14                  0.67                20.80               22.13               68947.00            22.941309           120.241879          T 
272                             1                   1e-17               122                 9.80                12.44               26.27               1004493.00          9                   1.68                5.36                5.55                171906.00           22.721100           120.300758          T 
253                             1                   1e-17               122                 9.80                12.44               26.27               1004493.00          1                   0.30                3.30                3.31                31059.00            22.787696           120.370799          T 
146                             1                   1e-17               122                 9.80                12.44               26.27               1004493.00          25                  1.24                20.24               22.67               126571.00           22.955619           120.190374          T 
165                             1                   1e-17               122                 9.80                12.44               26.27               1004493.00          1                   0.64                1.55                1.56                65924.00            22.946795           120.293063          T 
271                             1                   1e-17               122                 9.80                12.44               26.27               1004493.00          20                  1.85                10.79               11.75               189944.00           22.683957           120.295159          T 
240                             2                   0.00000000114       8                   0.098               81.97               84.99               9999.00             8                   0.098               81.97               84.99               9999.00             22.079156           120.743263          T 
262                             3                   0.214               4                   0.33                12.03               12.23               34072.00            1                   0.15                6.67                6.70                15354.00            23.011954           120.658563          F 
264                             3                   0.214               4                   0.33                12.03               12.23               34072.00            1                   0.11                9.23                9.27                11102.00            22.996947           120.562197          F 
263                             3                   0.214               4                   0.33                12.03               12.23               34072.00            2                   0.074               26.91               27.14               7616.00             23.116550           120.623289          F 
229                             4                   0.285               11                  3.18                3.46                3.58                325994.00           1                   0.21                4.85                4.86                21143.00            22.441421           120.512509          F 
216                             4                   0.285               11                  3.18                3.46                3.58                325994.00           1                   0.21                4.72                4.73                21715.00            22.429806           120.547612          F 
219                             4                   0.285               11                  3.18                3.46                3.58                325994.00           0                   0.12                0                   0                   11919.00            22.479807           120.518056          F 
226                             4                   0.285               11                  3.18                3.46                3.58                325994.00           1                   0.49                2.04                2.04                50234.00            22.462656           120.475133          F 
221                             4                   0.285               11                  3.18                3.46                3.58                325994.00           0                   0.17                0                   0                   17365.00            22.515282           120.500660          F 
224                             4                   0.285               11                  3.18                3.46                3.58                325994.00           0                   0.11                0                   0                   10913.00            22.486763           120.584626          F 
227                             4                   0.285               11                  3.18                3.46                3.58                325994.00           3                   0.26                11.39               11.53               26986.00            22.403342           120.597584          F 
223                             4                   0.285               11                  3.18                3.46                3.58                325994.00           1                   0.38                2.63                2.64                38980.00            22.517190           120.450143          F 
232                             4                   0.285               11                  3.18                3.46                3.58                325994.00           1                   0.55                1.83                1.83                55969.00            22.536429           120.556806          F 
284                             4                   0.285               11                  3.18                3.46                3.58                325994.00           3                   0.69                4.34                4.39                70770.00            22.508137           120.399052          F 
251                             5                   0.750               20                  9.75                2.05                2.15                999243.00           0                   0.41                0                   0                   42135.00            22.662493           120.372778          F 
249                             5                   0.750               20                  9.75                2.05                2.15                999243.00           1                   0.32                3.12                3.13                32808.00            22.701208           120.360526          F 
280                             5                   0.750               20                  9.75                2.05                2.15                999243.00           6                   3.32                1.81                1.83                339952.00           22.613793           120.355436          F 
273                             5                   0.750               20                  9.75                2.05                2.15                999243.00           6                   3.47                1.73                1.75                355097.00           22.649899           120.317919          F 
276                             5                   0.750               20                  9.75                2.05                2.15                999243.00           3                   1.81                1.66                1.67                185021.00           22.623594           120.320910          F 
248                             5                   0.750               20                  9.75                2.05                2.15                999243.00           4                   0.43                9.27                9.42                44230.00            22.711004           120.425407          F 
