4.420382            
5.549015            
4.660837            
4.531014            
3.580994            
5.316208            
5.418714            
3.675453            
11.839298           
4.336827            
6.135803            
5.278045            
3.920061            
5.879771            
4.494469            
4.064553            
4.379621            
5.077452            
4.749653            
5.326111            
4.060988            
5.117981            
3.856143            
4.873039            
7.142505            
6.097592            
4.335110            
4.230288            
5.190280            
3.844622            
6.094544            
3.257804            
4.840294            
5.962635            
3.745100            
6.405555            
5.411252            
7.111576            
5.876357            
7.917774            
6.424243            
3.860740            
4.434136            
6.701796            
3.849140            
5.668413            
3.960693            
5.862373            
6.172625            
5.109523            
6.174134            
3.242462            
3.514028            
4.194258            
3.719982            
4.274219            
4.526452            
4.011862            
6.729860            
4.628786            
4.903827            
6.452880            
7.817904            
3.956229            
4.619846            
5.549092            
6.924858            
4.969943            
6.747000            
4.216501            
5.454993            
4.454100            
5.959758            
8.760945            
4.357169            
4.926329            
4.015339            
5.073333            
5.437642            
4.404537            
5.674641            
5.432068            
3.010394            
4.332831            
4.688415            
2.944448            
6.577736            
6.666138            
4.026993            
7.956585            
6.136530            
5.140518            
7.418182            
6.482573            
7.146052            
3.694682            
5.384619            
5.732826            
5.508713            
4.637494            
4.351389            
3.965527            
4.186350            
3.794630            
5.293488            
6.416804            
3.660653            
5.858292            
3.509018            
3.831963            
4.410497            
4.833420            
8.671503            
6.183680            
4.432416            
4.817478            
4.688415            
4.045134            
6.573679            
3.131034            
4.274485            
6.196662            
3.973161            
5.227523            
5.618532            
7.412395            
3.819308            
5.579452            
6.818059            
6.149846            
5.490276            
4.992078            
5.227257            
3.514746            
4.416289            
4.606229            
4.065270            
3.673941            
3.879642            
5.678869            
3.439067            
6.307179            
3.691004            
5.411165            
4.793293            
4.331642            
9.556707            
7.319510            
3.430435            
6.238137            
8.582023            
4.683125            
3.554240            
6.016569            
5.187645            
4.417283            
7.604671            
5.754931            
5.879771            
4.641387            
5.072801            
7.832546            
3.823427            
6.345679            
4.636945            
3.096188            
6.279812            
2.947420            
3.891789            
5.983394            
4.106987            
4.325260            
7.048285            
4.739967            
5.212028            
6.155532            
4.000587            
4.216797            
3.782060            
5.995373            
5.268058            
4.676676            
7.531114            
5.576270            
4.153259            
4.378884            
4.467000            
8.217316            
3.010573            
2.849991            
5.014914            
7.101207            
4.402254            
6.674243            
9.908542            
5.036694            
4.142915            
5.542389            
3.854571            
9.526552            
4.770854            
4.252514            
5.444001            
5.977226            
5.868632            
4.329933            
7.625004            
10.327421           
6.328759            
3.753729            
6.703295            
6.607756            
6.437086            
5.227752            
5.299274            
4.826675            
3.382392            
5.037628            
3.072712            
5.453248            
3.966927            
3.810344            
3.831364            
5.278045            
4.765812            
4.928104            
4.035843            
5.499930            
5.803431            
5.552104            
7.827371            
4.114925            
5.291615            
3.561279            
6.043575            
3.386742            
4.746456            
8.869120            
3.899845            
5.546041            
4.338320            
2.756125            
6.043575            
6.873800            
8.061909            
6.640231            
3.970200            
7.379326            
4.680452            
6.105628            
5.697098            
3.784499            
3.879642            
5.146507            
6.170661            
5.868187            
4.511150            
6.887649            
4.683125            
4.377617            
3.785919            
7.593763            
4.106273            
9.469046            
4.839784            
5.925135            
3.417222            
5.672278            
5.587384            
3.840631            
5.280085            
4.432660            
4.638098            
7.755852            
5.855010            
4.921960            
4.643884            
6.311889            
7.675223            
5.104416            
3.260055            
2.779712            
5.342736            
5.484199            
5.233566            
3.794630            
6.131557            
7.026287            
5.019880            
3.339950            
4.109693            
4.392249            
5.388773            
6.299379            
5.200067            
5.000710            
6.665472            
4.095581            
4.575211            
6.627009            
9.043696            
3.636931            
6.639610            
4.152277            
7.016363            
9.365775            
5.121717            
4.129851            
7.205984            
4.190267            
5.027227            
4.220005            
4.920641            
6.673215            
4.588190            
5.453973            
4.761557            
4.749511            
5.179739            
5.524154            
3.947298            
6.338175            
7.083262            
3.260436            
3.258794            
4.432450            
5.072682            
5.345026            
4.363873            
4.905461            
5.675156            
3.226683            
3.122209            
5.042422            
5.571546            
10.149343           
5.764745            
5.963650            
6.964557            
3.855406            
5.940274            
4.982737            
4.218487            
6.019110            
4.629497            
4.816544            
4.267812            
4.829028            
5.422228            
9.466035            
5.218885            
6.624191            
4.219541            
6.083562            
5.351956            
4.889200            
4.567608            
5.655931            
6.670648            
5.054246            
7.505130            
5.739503            
4.763445            
4.464510            
5.459922            
3.837402            
4.746456            
9.167734            
3.250045            
6.177115            
6.780744            
3.838425            
6.348476            
5.109466            
5.293489            
6.084630            
3.477843            
3.242462            
5.042524            
4.592556            
4.249974            
4.233904            
4.319562            
5.249038            
3.765502            
5.840277            
4.111950            
6.223564            
6.814413            
5.775317            
6.422461            
5.674355            
3.806493            
7.330988            
5.897363            
6.547230            
4.423890            
3.813620            
4.442613            
4.681796            
7.778582            
4.261681            
5.615533            
6.603124            
4.797056            
6.291210            
6.071873            
7.189911            
5.782590            
4.359365            
5.820718            
4.504817            
4.852890            
4.558242            
4.139424            
5.331502            
5.979519            
5.464089            
7.147157            
4.815711            
5.230695            
4.366829            
5.711164            
5.978840            
5.509461            
6.332550            
6.246711            
5.582637            
3.242462            
4.688415            
4.874474            
4.145026            
8.317708            
5.446959            
2.941789            
3.936930            
5.762910            
3.893822            
5.937406            
5.049421            
4.606923            
4.633520            
7.825014            
6.420904            
5.187452            
4.904897            
6.591292            
8.019949            
5.475340            
4.763651            
4.666664            
5.238152            
5.404323            
3.753882            
6.342784            
4.673811            
5.984945            
5.512755            
5.449865            
5.231979            
4.292089            
4.210691            
4.939937            
5.398563            
6.014884            
7.142470            
6.641181            
6.450319            
5.278045            
4.678696            
5.822668            
4.202948            
7.081825            
5.489118            
5.011127            
6.558917            
6.113392            
4.600770            
6.518196            
8.562765            
5.334686            
6.366345            
6.303111            
5.086098            
4.781292            
9.593278            
5.075951            
5.696471            
4.221880            
4.141956            
5.273423            
5.093107            
3.455315            
5.418435            
6.926737            
6.968893            
4.746526            
4.524252            
7.117042            
7.038960            
5.531941            
11.723273           
5.512568            
3.457738            
10.392721           
12.327477           
5.403674            
3.721854            
3.461492            
7.102862            
7.342870            
5.236085            
4.793293            
4.230288            
4.759180            
3.789651            
5.505866            
5.461868            
4.139758            
3.467718            
5.347842            
8.191501            
3.128688            
5.621318            
3.809652            
3.405351            
5.131224            
4.618978            
3.350659            
4.849990            
3.372347            
7.378801            
5.794765            
4.438833            
6.696482            
5.438499            
4.528865            
5.254130            
3.457223            
5.949031            
4.168730            
4.456173            
4.496150            
4.523626            
7.347881            
5.519263            
5.447672            
4.666664            
4.550593            
4.461434            
4.835958            
6.896827            
5.281461            
7.811211            
4.687532            
4.272617            
5.187105            
5.170615            
4.987177            
5.429394            
5.557267            
5.278739            
5.490276            
6.710856            
5.645628            
6.399609            
7.525915            
5.544920            
5.973972            
6.765992            
3.972254            
3.837283            
5.949104            
7.163113            
5.515614            
4.091579            
6.089606            
5.552746            
5.397348            
5.521328            
4.731393            
7.338056            
4.917234            
4.662913            
4.252186            
4.569396            
6.382526            
5.349091            
7.994820            
6.772526            
7.981984            
4.194070            
4.540308            
5.661250            
5.908271            
4.191974            
5.557267            
3.880073            
3.823427            
3.580044            
5.421816            
7.876179            
5.455816            
5.998393            
6.195089            
6.636617            
4.626657            
5.451806            
5.519955            
5.071597            
5.072801            
3.986443            
5.830888            
5.963115            
4.418081            
5.512413            
3.017074            
5.713232            
5.162346            
5.127366            
8.366355            
5.067564            
4.504158            
6.653688            
9.947269            
4.796744            
6.979182            
3.822860            
6.109008            
6.392017            
5.107099            
4.542788            
3.227608            
3.512154            
4.132206            
7.374001            
5.114727            
6.462091            
3.459916            
6.961406            
4.496150            
7.171364            
3.017074            
7.422478            
5.902248            
3.524473            
6.112085            
3.009566            
6.631469            
3.542610            
4.416891            
4.936723            
5.633241            
4.587366            
3.776580            
6.364632            
6.101811            
5.311607            
4.611562            
4.475837            
4.185601            
4.901442            
8.981974            
5.187022            
4.691560            
3.864590            
3.379869            
3.651252            
6.328579            
6.177619            
8.064135            
4.749511            
4.240693            
4.907043            
5.901717            
6.968893            
4.970803            
5.673710            
4.295234            
4.964549            
3.280637            
4.025335            
4.796744            
4.261537            
5.415129            
6.071956            
7.326827            
4.751995            
7.047788            
4.234035            
5.209898            
5.633029            
7.034201            
7.592064            
5.905395            
5.039177            
8.260677            
5.062271            
6.395740            
5.454600            
6.722644            
6.224137            
4.386743            
8.844779            
8.000518            
6.649034            
4.010508            
6.447546            
6.271179            
3.406700            
7.294038            
5.677812            
5.306777            
5.090255            
10.320188           
6.040716            
4.695357            
5.403443            
6.935757            
5.373976            
4.509734            
5.089400            
5.324355            
6.206774            
4.697089            
6.930904            
6.613820            
5.238152            
3.995237            
4.799386            
4.335110            
5.406494            
4.414339            
5.029664            
5.281674            
6.132456            
4.793246            
5.535716            
6.382363            
5.499930            
4.769538            
3.956229            
5.432068            
5.639483            
4.416951            
6.257674            
6.545384            
5.374266            
4.754608            
4.910741            
6.039397            
6.851814            
3.316954            
5.339789            
5.637214            
4.243274            
4.103941            
4.382377            
3.772312            
6.201800            
6.624191            
5.816965            
4.298616            
7.770563            
6.695738            
5.636512            
8.509459            
7.036391            
3.459251            
4.914930            
4.490165            
4.669584            
6.414042            
5.225303            
7.718635            
4.028953            
5.934717            
7.576029            
3.644114            
4.154010            
4.613910            
4.551994            
3.919537            
7.774489            
3.477088            
5.445884            
3.611103            
4.116094            
5.589043            
4.145905            
9.525064            
4.908506            
6.625720            
5.675769            
4.513800            
5.697653            
3.618870            
4.883081            
4.177974            
4.657384            
4.033015            
5.689063            
4.600982            
3.753597            
5.746546            
4.170486            
5.509399            
7.350578            
3.883865            
5.070287            
7.779691            
6.244150            
6.342784            
5.493961            
4.296545            
6.275906            
5.303966            
5.193865            
6.201167            
4.140011            
7.654309            
4.216216            
4.593314            
4.313439            
4.382377            
6.565567            
8.880701            
5.457614            
9.042697            
4.296363            
6.661175            
5.436740            
5.659125            
7.869214            
5.257918            
6.184361            
6.246660            
4.435700            
4.130335            
5.350650            
10.613528           
4.748078            
6.686302            
6.348764            
5.920203            
4.155534            
4.616131            
7.124743            
4.083929            
8.693474            
5.991273            
5.105948            
5.821476            
7.285839            
3.879642            
4.235073            
5.011736            
3.984787            
5.707620            
4.462468            
5.578254            
5.824627            
3.189830            
4.723448            
3.902181            
5.864518            
5.253938            
6.148338            
6.259159            
3.603136            
3.343975            
4.634973            
6.494889            
5.225648            
3.589218            
5.264447            
5.611451            
4.280666            
4.832962            
4.530256            
5.572721            
5.842053            
4.441731            
4.382453            
13.014488           
5.002396            
3.788095            
6.212617            
5.629907            
5.357418            
8.210118            
6.639196            
3.746316            
3.275192            
7.181767            
5.990878            
6.345379            
6.259370            
5.588591            
5.008860            
4.846034            
4.108726            
5.282211            
5.545298            
4.943538            
4.495256            
3.740623            
5.555010            
5.110786            
4.470652            
5.732982            
5.732551            
4.704055            
4.272874            
4.248760            
6.483810            
3.548344            
6.485411            
6.255659            
5.822419            
5.736035            
5.504531            
5.226397            
6.562287            
4.238849            
4.494938            
4.187130            
5.219045            
5.455644            
6.880301            
6.196640            
4.255386            
6.826861            
3.964149            
6.514603            
5.045919            
7.803438            
6.003077            
4.588064            
5.150634            
4.375723            
3.849419            
6.419234            
3.677051            
4.028214            
4.629004            
3.935605            
6.643396            
4.494255            
5.726810            
5.829621            
8.864578            
5.179412            
4.197065            
9.285585            
7.090873            
6.133963            
5.849556            
5.429742            
7.967504            
2.679238            
5.418714            
4.279140            
4.645437            
4.512783            
5.170519            
5.724697            
7.493419            
3.546241            
5.478582            
5.186836            
3.545735            
5.192904            
5.674220            
5.822393            
4.280946            
3.393900            
3.991910            
4.770854            
4.635278            
6.043575            
5.383388            
5.423624            
3.528913            
4.281523            
8.921060            
7.235348            
7.943091            
4.795526            
5.411046            
8.175273            
5.846772            
6.314967            
5.603431            
6.352661            
5.339052            
4.301076            
6.036784            
4.542788            
