1                               0                   1.41                0                   0                   
10                              0                   0.51                0                   0                   
100                             0                   0.078               0                   0                   
101                             0                   0.12                0                   0                   
102                             0                   0.21                0                   0                   
103                             0                   1.92                0                   0                   
104                             0                   0.14                0                   0                   
105                             0                   0.22                0                   0                   
106                             0                   0.096               0                   0                   
107                             0                   0.85                0                   0                   
108                             0                   0.18                0                   0                   
109                             0                   1.07                0                   0                   
11                              0                   0.14                0                   0                   
110                             0                   0.070               0                   0                   
111                             0                   0.12                0                   0                   
112                             0                   0.035               0                   0                   
113                             0                   0.16                0                   0                   
114                             0                   0.093               0                   0                   
115                             0                   0.091               0                   0                   
116                             0                   0.044               0                   0                   
117                             0                   0.033               0                   0                   
118                             0                   0.042               0                   0                   
119                             0                   0.040               0                   0                   
12                              0                   0.74                0                   0                   
120                             0                   0.034               0                   0                   
121                             0                   0.083               0                   0                   
122                             0                   0.096               0                   0                   
123                             0                   0.085               0                   0                   
124                             0                   0.14                0                   0                   
125                             0                   0.062               0                   0                   
126                             0                   0.77                0                   0                   
127                             0                   0.18                0                   0                   
128                             0                   0.12                0                   0                   
129                             0                   0.20                0                   0                   
13                              1                   1.35                0.74                0.74                
130                             0                   0.26                0                   0                   
131                             0                   0.13                0                   0                   
132                             1                   0.15                6.89                6.92                
133                             0                   1.08                0                   0                   
134                             0                   0.068               0                   0                   
135                             0                   0.047               0                   0                   
136                             0                   0.12                0                   0                   
137                             0                   0.24                0                   0                   
138                             0                   0.26                0                   0                   
139                             2                   0.78                2.56                2.57                
14                              0                   0.95                0                   0                   
140                             14                  0.67                20.80               22.13               
141                             0                   0.58                0                   0                   
142                             2                   0.23                8.54                8.61                
143                             0                   1.28                0                   0                   
144                             0                   0.12                0                   0                   
145                             0                   0.088               0                   0                   
146                             25                  1.24                20.24               22.67               
147                             0                   0.42                0                   0                   
148                             0                   0.11                0                   0                   
149                             0                   0.27                0                   0                   
15                              0                   0.20                0                   0                   
150                             3                   1.73                1.74                1.75                
151                             0                   0.29                0                   0                   
152                             1                   0.60                1.66                1.66                
153                             0                   0.22                0                   0                   
154                             0                   0.21                0                   0                   
155                             0                   0.078               0                   0                   
156                             0                   0.055               0                   0                   
157                             0                   0.26                0                   0                   
158                             0                   0.43                0                   0                   
159                             0                   0.34                0                   0                   
16                              0                   0.32                0                   0                   
160                             0                   0.76                0                   0                   
161                             1                   1.90                0.53                0.52                
162                             0                   0.23                0                   0                   
163                             0                   0.22                0                   0                   
164                             0                   0.11                0                   0                   
165                             1                   0.64                1.55                1.56                
166                             3                   2.09                1.43                1.44                
167                             1                   0.15                6.58                6.60                
168                             0                   0.31                0                   0                   
169                             0                   0.25                0                   0                   
17                              1                   3.56                0.28                0.28                
170                             0                   0.36                0                   0                   
171                             0                   0.27                0                   0                   
172                             0                   0.45                0                   0                   
173                             0                   0.043               0                   0                   
174                             1                   1.25                0.80                0.80                
175                             0                   1.43                0                   0                   
176                             0                   0.47                0                   0                   
177                             0                   0.26                0                   0                   
178                             0                   0.045               0                   0                   
179                             0                   0.33                0                   0                   
18                              2                   1.71                1.17                1.17                
180                             0                   0.35                0                   0                   
181                             0                   0.30                0                   0                   
182                             0                   0.34                0                   0                   
183                             0                   0.43                0                   0                   
184                             0                   0.28                0                   0                   
185                             0                   0.22                0                   0                   
186                             0                   0.71                0                   0                   
187                             0                   0.51                0                   0                   
188                             0                   0.16                0                   0                   
189                             0                   0.11                0                   0                   
19                              0                   0.79                0                   0                   
190                             0                   0.38                0                   0                   
191                             0                   0.21                0                   0                   
192                             0                   0.061               0                   0                   
193                             0                   0.17                0                   0                   
194                             0                   0.29                0                   0                   
195                             0                   0.29                0                   0                   
196                             0                   0.42                0                   0                   
197                             0                   0.30                0                   0                   
198                             0                   0.34                0                   0                   
199                             1                   0.26                3.86                3.87                
2                               0                   1.86                0                   0                   
20                              0                   0.90                0                   0                   
200                             0                   0.27                0                   0                   
201                             0                   0.30                0                   0                   
202                             0                   0.21                0                   0                   
203                             0                   0.27                0                   0                   
204                             0                   1.04                0                   0                   
205                             1                   0.46                2.16                2.16                
206                             0                   0.17                0                   0                   
207                             0                   0.20                0                   0                   
208                             0                   0.29                0                   0                   
209                             0                   0.30                0                   0                   
21                              0                   2.02                0                   0                   
210                             0                   0.69                0                   0                   
211                             0                   0.14                0                   0                   
212                             0                   0.48                0                   0                   
213                             0                   0.34                0                   0                   
214                             0                   0.074               0                   0                   
215                             0                   0.22                0                   0                   
216                             1                   0.21                4.72                4.73                
217                             0                   0.077               0                   0                   
218                             0                   0.57                0                   0                   
219                             0                   0.12                0                   0                   
22                              0                   0.10                0                   0                   
220                             2                   2.08                0.96                0.96                
221                             0                   0.17                0                   0                   
222                             3                   0.30                9.86                9.98                
223                             1                   0.38                2.63                2.64                
224                             0                   0.11                0                   0                   
225                             0                   0.047               0                   0                   
226                             1                   0.49                2.04                2.04                
227                             3                   0.26                11.39               11.53               
228                             0                   0.060               0                   0                   
229                             1                   0.21                4.85                4.86                
23                              0                   0.48                0                   0                   
230                             0                   0.050               0                   0                   
231                             0                   0.085               0                   0                   
232                             1                   0.55                1.83                1.83                
233                             0                   0.049               0                   0                   
234                             1                   0.049               20.56               20.65               
235                             0                   0.12                0                   0                   
236                             1                   0.085               11.80               11.85               
237                             0                   0.18                0                   0                   
238                             0                   0.53                0                   0                   
239                             0                   0.22                0                   0                   
24                              0                   3.91                0                   0                   
240                             8                   0.098               81.97               84.99               
241                             2                   0.26                7.81                7.87                
242                             0                   0.30                0                   0                   
243                             0                   0.028               0                   0                   
244                             0                   0.27                0                   0                   
245                             1                   0.27                3.73                3.74                
246                             0                   0.11                0                   0                   
247                             0                   1.07                0                   0                   
248                             4                   0.43                9.27                9.42                
249                             1                   0.32                3.12                3.13                
25                              0                   1.45                0                   0                   
250                             0                   0.69                0                   0                   
251                             0                   0.41                0                   0                   
252                             1                   0.35                2.82                2.83                
253                             1                   0.30                3.30                3.31                
254                             0                   0.081               0                   0                   
255                             0                   0.30                0                   0                   
256                             3                   0.53                5.68                5.74                
257                             3                   0.28                10.71               10.84               
258                             34                  0.31                110.30              129.96              
259                             0                   0.14                0                   0                   
26                              0                   1.35                0                   0                   
260                             0                   0.20                0                   0                   
261                             9                   0.36                25.01               26.02               
262                             1                   0.15                6.67                6.70                
263                             2                   0.074               26.91               27.14               
264                             1                   0.11                9.23                9.27                
265                             0                   0.16                0                   0                   
266                             0                   0.018               0                   0                   
267                             0                   0.047               0                   0                   
268                             0                   0.034               0                   0                   
269                             0                   0.27                0                   0                   
27                              0                   0.59                0                   0                   
270                             3                   1.26                2.37                2.39                
271                             20                  1.85                10.79               11.75               
272                             9                   1.68                5.36                5.55                
273                             6                   3.47                1.73                1.75                
274                             0                   0.54                0                   0                   
275                             0                   0.29                0                   0                   
276                             3                   1.81                1.66                1.67                
277 et al                       3                   2.24                1.34                1.34                
279                             1                   1.50                0.67                0.66                
28                              0                   1.12                0                   0                   
280                             6                   3.32                1.81                1.83                
281                             2                   0.95                2.11                2.12                
282                             0                   0.39                0                   0                   
283                             0                   0.42                0                   0                   
284                             3                   0.69                4.34                4.39                
285                             0                   0.14                0                   0                   
286                             0                   0.12                0                   0                   
287                             1                   0.14                7.27                7.30                
288                             0                   0.85                0                   0                   
289                             0                   0.35                0                   0                   
29                              0                   1.32                0                   0                   
290                             0                   0.18                0                   0                   
291                             0                   0.70                0                   0                   
292                             0                   0.17                0                   0                   
293                             0                   0.49                0                   0                   
294                             0                   0.82                0                   0                   
295                             0                   0.10                0                   0                   
296                             0                   0.15                0                   0                   
297                             0                   0.17                0                   0                   
298                             0                   0.23                0                   0                   
299                             1                   1.44                0.69                0.69                
3                               0                   0.70                0                   0                   
30                              0                   0.072               0                   0                   
300                             1                   2.38                0.42                0.42                
301                             1                   1.10                0.91                0.91                
302                             2                   1.47                1.36                1.36                
303                             0                   0.53                0                   0                   
304                             0                   0.10                0                   0                   
305                             0                   0.31                0                   0                   
306                             0                   0.20                0                   0                   
307                             0                   0.77                0                   0                   
308                             0                   0.55                0                   0                   
309                             1                   1.91                0.52                0.52                
31                              0                   0.17                0                   0                   
310                             1                   0.87                1.14                1.15                
311                             1                   1.68                0.59                0.59                
312                             0                   0.25                0                   0                   
313                             0                   0.52                0                   0                   
314                             0                   0.72                0                   0                   
315                             0                   0.54                0                   0                   
316                             0                   0.79                0                   0                   
317                             0                   0.84                0                   0                   
318                             0                   0.97                0                   0                   
319                             0                   0.67                0                   0                   
32                              0                   0.34                0                   0                   
320                             0                   0.16                0                   0                   
321                             0                   0.62                0                   0                   
322                             2                   1.15                1.75                1.75                
323                             0                   1.99                0                   0                   
324                             1                   1.61                0.62                0.62                
325                             0                   0.62                0                   0                   
326                             0                   0.72                0                   0                   
327                             0                   0.53                0                   0                   
328                             0                   0.16                0                   0                   
329                             0                   0.35                0                   0                   
33                              0                   0.18                0                   0                   
330                             0                   0.33                0                   0                   
331                             0                   0.87                0                   0                   
332                             0                   1.23                0                   0                   
333                             0                   0.35                0                   0                   
334                             0                   0.34                0                   0                   
335                             0                   0.31                0                   0                   
336                             0                   0.19                0                   0                   
337                             0                   0.36                0                   0                   
338                             1                   2.31                0.43                0.43                
339                             0                   0.39                0                   0                   
34                              0                   0.11                0                   0                   
340                             1                   0.31                3.22                3.23                
341                             0                   0.55                0                   0                   
342                             0                   0.43                0                   0                   
343                             0                   0.28                0                   0                   
344                             0                   0.44                0                   0                   
345                             0                   0.48                0                   0                   
346                             0                   0.38                0                   0                   
347                             0                   0.16                0                   0                   
348                             0                   0.17                0                   0                   
349                             0                   0.24                0                   0                   
35                              0                   0.16                0                   0                   
350                             0                   0.45                0                   0                   
351                             0                   0.36                0                   0                   
352                             0                   0.83                0                   0                   
36                              0                   0.39                0                   0                   
37                              0                   0.058               0                   0                   
38                              0                   0.049               0                   0                   
39                              0                   0.75                0                   0                   
4                               0                   0.046               0                   0                   
40                              0                   0.48                0                   0                   
41                              0                   0.89                0                   0                   
42                              0                   0.077               0                   0                   
43                              0                   0.38                0                   0                   
44                              0                   0.13                0                   0                   
45                              0                   0.19                0                   0                   
46                              0                   0.94                0                   0                   
47                              0                   0.11                0                   0                   
48                              0                   2.14                0                   0                   
49                              0                   1.55                0                   0                   
5                               0                   0.10                0                   0                   
50                              0                   2.22                0                   0                   
51                              0                   2.60                0                   0                   
52                              0                   2.44                0                   0                   
53                              0                   1.11                0                   0                   
54                              0                   2.79                0                   0                   
55                              0                   1.22                0                   0                   
56                              0                   3.06                0                   0                   
57                              0                   2.55                0                   0                   
58                              0                   2.05                0                   0                   
59                              0                   1.86                0                   0                   
6                               0                   0.14                0                   0                   
60                              1                   0.54                1.85                1.85                
61                              0                   0.50                0                   0                   
62                              0                   0.55                0                   0                   
63                              0                   0.49                0                   0                   
64                              0                   0.50                0                   0                   
65                              0                   0.83                0                   0                   
66                              0                   0.37                0                   0                   
67                              0                   0.21                0                   0                   
68                              0                   0.38                0                   0                   
69                              0                   0.51                0                   0                   
7                               0                   0.082               0                   0                   
70                              0                   0.059               0                   0                   
71                              0                   0.32                0                   0                   
72                              0                   0.25                0                   0                   
73                              0                   0.059               0                   0                   
74                              0                   0.94                0                   0                   
75                              0                   0.35                0                   0                   
76                              0                   0.71                0                   0                   
77                              0                   0.42                0                   0                   
78                              0                   0.30                0                   0                   
79                              0                   0.98                0                   0                   
8                               0                   0.060               0                   0                   
80                              0                   0.23                0                   0                   
81                              0                   3.79                0                   0                   
82                              0                   4.05                0                   0                   
83                              1                   0.77                1.29                1.30                
84                              0                   0.33                0                   0                   
85                              0                   2.33                0                   0                   
86                              0                   0.064               0                   0                   
87                              0                   0.053               0                   0                   
88                              0                   2.88                0                   0                   
89                              1                   3.91                0.26                0.25                
9                               0                   0.35                0                   0                   
90                              1                   5.40                0.19                0.18                
91                              0                   0.77                0                   0                   
92                              0                   1.68                0                   0                   
93                              2                   2.31                0.87                0.86                
94                              0                   1.82                0                   0                   
95                              0                   0.75                0                   0                   
96                              0                   1.37                0                   0                   
97                              0                   0.23                0                   0                   
98                              0                   0.056               0                   0                   
99                              0                   0.42                0                   0                   
