4.892344            
9.622419            
5.986017            
6.553483            
4.933594            
4.308823            
7.962336            
10.482457           
6.851905            
4.008733            
5.211282            
5.446419            
10.480007           
6.292822            
5.593744            
5.501502            
10.036160           
8.597924            
3.921963            
5.847062            
5.197848            
3.159175            
4.405673            
4.998928            
4.400856            
4.674231            
5.482020            
5.892728            
4.611378            
5.588996            
9.934110            
6.205521            
4.057029            
5.249362            
3.329440            
6.989897            
5.435332            
4.988641            
6.588091            
5.715850            
6.207811            
3.274451            
5.881000            
5.720904            
4.899183            
5.590979            
8.002514            
4.984583            
6.622544            
3.582280            
3.791006            
4.992686            
4.685264            
7.759901            
4.651410            
5.438566            
4.813133            
6.019600            
7.156733            
3.760641            
3.936110            
6.271315            
7.083298            
4.182652            
4.310484            
5.181733            
5.087184            
4.391044            
5.762972            
3.168013            
7.608684            
3.453902            
7.636862            
6.620184            
5.895092            
5.133854            
7.251824            
4.669841            
3.180779            
5.387779            
3.066334            
6.908624            
5.169090            
6.943271            
4.573214            
4.914607            
7.462162            
12.892061           
4.400856            
3.859555            
5.229827            
4.339804            
4.732113            
5.506667            
5.140475            
7.540565            
2.900615            
3.791006            
6.532874            
5.638043            
5.835711            
5.099426            
5.998087            
4.066821            
6.540929            
4.625720            
5.011190            
9.178438            
5.722229            
5.307572            
6.641547            
4.646190            
4.170318            
5.888912            
5.385687            
3.974629            
3.512728            
4.267888            
4.857164            
5.260784            
4.235549            
8.014552            
4.869941            
5.040908            
5.664771            
9.609559            
6.529828            
5.345216            
5.914725            
4.489930            
3.421796            
6.699366            
7.154334            
5.576640            
3.885429            
3.434014            
5.796792            
5.479974            
4.688901            
7.517192            
5.813884            
4.765823            
5.310278            
5.221716            
4.251226            
5.599223            
6.026582            
10.254459           
3.205404            
7.394039            
6.692675            
4.334695            
3.718462            
5.734658            
5.643954            
4.174065            
4.573740            
5.332645            
5.211010            
4.447652            
4.174065            
4.527033            
4.514318            
8.143879            
6.525610            
3.636965            
5.055369            
4.986751            
4.129906            
3.769914            
4.605385            
5.009804            
6.431436            
6.707145            
5.859608            
5.137832            
4.050474            
5.107110            
9.770174            
5.700402            
5.164286            
6.711263            
4.975820            
3.796014            
6.340708            
4.459663            
5.103529            
4.781103            
3.199245            
3.858686            
6.950122            
8.531605            
4.833246            
4.646107            
6.271812            
4.152425            
6.858095            
6.210447            
6.080459            
5.038027            
6.921128            
5.449946            
5.506189            
4.712717            
4.267532            
4.125986            
4.693223            
6.224140            
5.952275            
3.185441            
4.665258            
6.130535            
3.249687            
6.888083            
3.783193            
6.421663            
4.773681            
4.425504            
4.585622            
4.607152            
5.113913            
4.783673            
3.965871            
5.528259            
7.906300            
5.108610            
6.026521            
3.954059            
5.820115            
5.778788            
5.747039            
5.529988            
6.720832            
6.974011            
5.586618            
4.586508            
7.462629            
4.669579            
3.768865            
5.011570            
7.021672            
5.581048            
4.882100            
5.141196            
3.729384            
4.492467            
5.197590            
5.308412            
7.187108            
6.783254            
6.162403            
2.984631            
4.812228            
6.842635            
6.586741            
7.173248            
7.599162            
4.462974            
4.985370            
5.060611            
3.865542            
6.005288            
6.130272            
5.292898            
7.178294            
4.803711            
5.392691            
8.112000            
5.430269            
3.629769            
8.060877            
6.026223            
4.823376            
4.956819            
5.839668            
8.266489            
5.346267            
4.462455            
5.483659            
3.915467            
4.563905            
7.419922            
4.616043            
6.057918            
6.305350            
8.302179            
4.672538            
4.943494            
4.584964            
6.143327            
4.114329            
6.689743            
6.216206            
4.081123            
5.357396            
4.974300            
4.303032            
6.969658            
3.602039            
5.343457            
4.340958            
4.877292            
6.094176            
9.123074            
3.637238            
4.247538            
2.941609            
5.434404            
8.319959            
4.352760            
3.876652            
5.603974            
5.061620            
9.849759            
4.988588            
5.795765            
5.993455            
3.170382            
3.780802            
5.873724            
5.996209            
5.862867            
10.277861           
6.003041            
3.638139            
5.964040            
5.715850            
5.097823            
5.294385            
5.640770            
4.486969            
5.982433            
4.867182            
5.231393            
6.276949            
6.325349            
4.411474            
4.104792            
7.184272            
4.483404            
7.667957            
4.130182            
4.705960            
4.126567            
4.802468            
5.188934            
4.145395            
4.494109            
9.193751            
4.401908            
4.790681            
4.865012            
5.022229            
4.628199            
4.677684            
5.067340            
3.929192            
4.157160            
4.308823            
6.085535            
6.349688            
7.063762            
6.412982            
4.482745            
4.799357            
8.855756            
7.329315            
7.248685            
4.589727            
6.058375            
5.395227            
5.088034            
4.781103            
4.313916            
4.884470            
4.292324            
3.637238            
5.915106            
5.197609            
5.703122            
11.454588           
7.533965            
6.400650            
4.159408            
6.889041            
6.353629            
4.577459            
5.737694            
4.554181            
5.430427            
3.115592            
5.032964            
6.703016            
7.513322            
7.955949            
4.473773            
5.630590            
3.729384            
6.822684            
3.395253            
8.713449            
5.322723            
5.756816            
4.989891            
7.938038            
6.811436            
7.523399            
4.547114            
4.723497            
4.705101            
5.669888            
5.236099            
4.817604            
4.417144            
5.683931            
7.350862            
3.486384            
6.001049            
5.086200            
5.057472            
4.876311            
3.115319            
5.584621            
3.662707            
4.207614            
5.095895            
5.542893            
6.388603            
3.607369            
5.943357            
5.590943            
5.945722            
8.195877            
4.445029            
6.765180            
4.381659            
4.497207            
2.929197            
4.505375            
7.157080            
4.676937            
6.170612            
6.848735            
5.731138            
6.046964            
4.438187            
7.296888            
4.264218            
5.325332            
3.089017            
5.156504            
5.449946            
3.421796            
4.752629            
6.718664            
3.512984            
4.068716            
5.306636            
5.157076            
7.079723            
4.791340            
3.303661            
6.001653            
5.430548            
4.598585            
6.142939            
5.022081            
3.800579            
4.772928            
6.344817            
6.204404            
5.195230            
5.605965            
4.864077            
6.140611            
4.474053            
6.040411            
5.224546            
4.391984            
5.735438            
5.970957            
5.914881            
3.282123            
5.186017            
4.735498            
4.177092            
7.066871            
4.506699            
8.289328            
7.920026            
7.873641            
5.679596            
6.207811            
4.091527            
6.066202            
6.020998            
5.243334            
3.863183            
3.712203            
4.719082            
6.486920            
5.126566            
4.435901            
6.382110            
6.198120            
6.016590            
6.142939            
4.645174            
7.987019            
6.803314            
4.482745            
4.167153            
5.199197            
5.612735            
5.231078            
5.950810            
4.670246            
5.346492            
5.633020            
4.376081            
8.060741            
5.615352            
4.154774            
5.810360            
5.174378            
4.506699            
4.418808            
6.483729            
5.727615            
3.812397            
9.399200            
5.610649            
8.644521            
6.417793            
5.684346            
4.308718            
5.387593            
5.282259            
4.694019            
4.537653            
6.093476            
3.979972            
8.167790            
3.513697            
3.885188            
5.827298            
4.185507            
6.709673            
5.074757            
6.224425            
5.129818            
7.741123            
5.104687            
4.679443            
4.981447            
4.918533            
5.114140            
4.736398            
4.962231            
9.651740            
5.275166            
6.723798            
7.431770            
2.770425            
5.727156            
3.933886            
3.783660            
7.627268            
10.434157           
7.188859            
6.674948            
5.683198            
4.985545            
7.183551            
5.090774            
4.672538            
7.298546            
2.933924            
4.334026            
6.138378            
4.502654            
5.621868            
5.076450            
4.920092            
5.019159            
4.809656            
8.360069            
6.553820            
6.183916            
5.365238            
6.961267            
4.781103            
4.119518            
3.694630            
6.877232            
12.931934           
5.094580            
6.271949            
5.396037            
7.640184            
7.006714            
4.859020            
5.853472            
4.739308            
5.272085            
5.947353            
5.326846            
4.121440            
6.509871            
7.141596            
5.614142            
6.907271            
3.096980            
4.452368            
4.107667            
4.550173            
6.769818            
4.807554            
4.080753            
7.340869            
5.229076            
5.813667            
4.477045            
3.857866            
5.116205            
4.410153            
5.924664            
5.619671            
3.990096            
5.576223            
5.778063            
10.900672           
8.330777            
4.554588            
4.021377            
6.195436            
4.637836            
4.227157            
6.187395            
4.826624            
4.416574            
4.990814            
3.960086            
4.497685            
3.633066            
5.429375            
5.352359            
4.158244            
5.537441            
5.362517            
4.418059            
4.274095            
7.830988            
4.747313            
6.049420            
4.416128            
5.185487            
4.493128            
5.338811            
5.229559            
5.802191            
2.403363            
9.688159            
10.266189           
6.946762            
7.510753            
5.081978            
5.483362            
3.714326            
4.825007            
5.571307            
7.449424            
10.924246           
6.925178            
3.936658            
4.524733            
5.508060            
5.304583            
3.629540            
6.388124            
6.373593            
5.033972            
6.500850            
4.265511            
5.536041            
4.820171            
5.236042            
5.169817            
5.334119            
4.895919            
5.543501            
6.360716            
8.061932            
7.029030            
6.474678            
7.934210            
7.528369            
6.012256            
3.111451            
3.773127            
8.482867            
4.082322            
4.855811            
5.114141            
4.938334            
5.161911            
4.136381            
4.400856            
5.371920            
3.833733            
5.291609            
5.913315            
3.772491            
3.716264            
4.624862            
2.992948            
3.658160            
5.894133            
5.791356            
7.981326            
4.951788            
3.915888            
5.694185            
5.743744            
5.611006            
4.122934            
6.179166            
5.944088            
4.693933            
6.552997            
5.720626            
4.642162            
3.884966            
5.624078            
4.780541            
6.197098            
6.595053            
9.551155            
4.735864            
3.722506            
5.743295            
3.386473            
5.611006            
4.200354            
6.185235            
3.439606            
9.615513            
6.539839            
5.933367            
5.284096            
4.231503            
5.715850            
4.235425            
4.731752            
9.191121            
5.332774            
3.151180            
5.586618            
5.853798            
5.782179            
5.726629            
5.214640            
3.938356            
4.814720            
5.222162            
6.356730            
6.748847            
5.807488            
4.940649            
9.321868            
4.666728            
5.563362            
3.602039            
4.566356            
5.392189            
4.057769            
5.444543            
6.517190            
3.413607            
5.888912            
4.051437            
7.422794            
3.431502            
5.684346            
5.224667            
5.314684            
3.528454            
5.016344            
6.643878            
8.074120            
4.917050            
3.907950            
3.552409            
3.300040            
4.987878            
4.574184            
7.393368            
10.033032           
5.986862            
10.184267           
3.232627            
4.418557            
5.545647            
8.954686            
5.818316            
7.398473            
7.243276            
5.294385            
7.778333            
5.760714            
5.844573            
5.147936            
4.819645            
4.941033            
5.178266            
7.753109            
6.404752            
7.103519            
5.190543            
6.609201            
3.476230            
3.951067            
4.045943            
4.708462            
2.870867            
6.847653            
6.305213            
4.321669            
4.722846            
7.627572            
5.188581            
7.143176            
5.746002            
6.824302            
3.620202            
6.380994            
5.532696            
4.410192            
5.657798            
4.410192            
5.633020            
5.019542            
6.696381            
6.202303            
5.492901            
5.520171            
6.134383            
5.318112            
4.022155            
3.528423            
4.813467            
4.808678            
4.458148            
8.889037            
6.857248            
5.345679            
5.378968            
7.343663            
5.751509            
5.340792            
4.536146            
5.664550            
5.215513            
4.295196            
7.361029            
5.554833            
4.713690            
4.670972            
5.075914            
5.089549            
6.038392            
8.957422            
6.901353            
6.498121            
6.578413            
6.141483            
5.891865            
4.725160            
4.499512            
5.048224            
3.703100            
6.374870            
5.811715            
5.859940            
5.093426            
5.005752            
3.848374            
4.500098            
5.301652            
4.552639            
7.875450            
4.859021            
6.145534            
4.079189            
4.200316            
7.976287            
5.430548            
3.211119            
4.998595            
4.612472            
7.612036            
3.614736            
8.520384            
6.087430            
3.642062            
4.814025            
5.176671            
6.333120            
5.726902            
8.201133            
4.073061            
3.856789            
4.676442            
4.554987            
6.521556            
10.422936           
5.123954            
6.281842            
5.890545            
4.046283            
5.322339            
4.636185            
7.827341            
5.221103            
5.131942            
9.078667            
3.310741            
4.198293            
5.958736            
6.539623            
4.112876            
7.379563            
6.723363            
3.878101            
5.318733            
5.936606            
5.957674            
3.502671            
6.099256            
5.288865            
4.416262            
5.075901            
9.418142            
6.854136            
4.621733            
4.458148            
5.853472            
7.681909            
3.622839            
4.658602            
6.566156            
6.288769            
5.876374            
5.162940            
4.614611            
5.444267            
3.920638            
5.143746            
4.774579            
9.008536            
5.753711            
6.178251            
4.537437            
4.832853            
5.566101            
3.994591            
4.343857            
5.873724            
4.659954            
5.144454            
4.945954            
4.746110            
5.064042            
6.140205            
5.538704            
5.006015            
6.339428            
4.648550            
4.098618            
4.503491            
8.458875            
5.757693            
4.842168            
5.231393            
6.016199            
5.441213            
5.351454            
5.608462            
5.958406            
6.299125            
5.295538            
5.390593            
5.502276            
6.927402            
6.089123            
4.026809            
4.870033            
5.905180            
6.291176            
