226                             1                   1e-17               425                 88.93               4.78                20.08               3905619.00          2                   1.08                1.84                1.85                47613.00            22.462656           120.475133          F 
229                             1                   1e-17               425                 88.93               4.78                20.08               3905619.00          2                   0.41                4.94                4.95                17795.00            22.441421           120.512509          F 
219                             1                   1e-17               425                 88.93               4.78                20.08               3905619.00          0                   0.24                0                   0                   10639.00            22.479807           120.518056          F 
221                             1                   1e-17               425                 88.93               4.78                20.08               3905619.00          1                   0.35                2.83                2.83                15519.00            22.515282           120.500660          F 
223                             1                   1e-17               425                 88.93               4.78                20.08               3905619.00          1                   0.79                1.26                1.26                34880.00            22.517190           120.450143          F 
216                             1                   1e-17               425                 88.93               4.78                20.08               3905619.00          1                   0.44                2.30                2.30                19121.00            22.429806           120.547612          F 
284                             1                   1e-17               425                 88.93               4.78                20.08               3905619.00          9                   1.59                5.66                5.74                69870.00            22.508137           120.399052          F 
224                             1                   1e-17               425                 88.93               4.78                20.08               3905619.00          0                   0.23                0                   0                   9981.00             22.486763           120.584626          F 
232                             1                   1e-17               425                 88.93               4.78                20.08               3905619.00          3                   1.23                2.44                2.45                53893.00            22.536429           120.556806          F 
238                             1                   1e-17               425                 88.93               4.78                20.08               3905619.00          1                   1.15                0.87                0.87                50514.00            22.588495           120.476619          F 
227                             1                   1e-17               425                 88.93               4.78                20.08               3905619.00          3                   0.55                5.42                5.44                24323.00            22.403342           120.597584          F 
237                             1                   1e-17               425                 88.93               4.78                20.08               3905619.00          0                   0.39                0                   0                   17119.00            22.588556           120.526638          F 
279                             1                   1e-17               425                 88.93               4.78                20.08               3905619.00          3                   3.59                0.84                0.83                157742.00           22.551402           120.359261          F 
247                             1                   1e-17               425                 88.93               4.78                20.08               3905619.00          4                   2.56                1.56                1.57                112421.00           22.592836           120.411147          F 
235                             1                   1e-17               425                 88.93               4.78                20.08               3905619.00          0                   0.28                0                   0                   12364.00            22.340003           120.371047          F 
239                             1                   1e-17               425                 88.93               4.78                20.08               3905619.00          0                   0.47                0                   0                   20593.00            22.582335           120.601817          F 
280                             1                   1e-17               425                 88.93               4.78                20.08               3905619.00          21                  8.19                2.57                2.63                359519.00           22.613793           120.355436          F 
246                             1                   1e-17               425                 88.93               4.78                20.08               3905619.00          0                   0.25                0                   0                   11036.00            22.648764           120.529969          F 
217                             1                   1e-17               425                 88.93               4.78                20.08               3905619.00          0                   0.17                0                   0                   7433.00             22.501572           120.685723          F 
220                             1                   1e-17               425                 88.93               4.78                20.08               3905619.00          4                   4.54                0.88                0.88                199606.00           22.664738           120.479995          F 
277                             1                   1e-17               425                 88.93               4.78                20.08               3905619.00          18                  4.94                3.65                3.74                216846.00           22.585656           120.289154          F 
225                             1                   1e-17               425                 88.93               4.78                20.08               3905619.00          0                   0.11                0                   0                   4909.00             22.403998           120.697580          F 
276                             1                   1e-17               425                 88.93               4.78                20.08               3905619.00          7                   3.86                1.81                1.82                169648.00           22.623594           120.320910          F 
218                             1                   1e-17               425                 88.93               4.78                20.08               3905619.00          0                   1.23                0                   0                   54115.00            22.651169           120.588822          F 
251                             1                   1e-17               425                 88.93               4.78                20.08               3905619.00          5                   1.01                4.94                4.98                44469.00            22.662493           120.372778          F 
274                             1                   1e-17               425                 88.93               4.78                20.08               3905619.00          1                   1.16                0.86                0.86                51032.00            22.629929           120.306734          F 
275                             1                   1e-17               425                 88.93               4.78                20.08               3905619.00          2                   0.61                3.27                3.28                26831.00            22.626991           120.294422          F 
273                             1                   1e-17               425                 88.93               4.78                20.08               3905619.00          17                  7.76                2.19                2.23                340913.00           22.649899           120.317919          F 
269                             1                   1e-17               425                 88.93               4.78                20.08               3905619.00          1                   0.55                1.83                1.83                24059.00            22.624246           120.284233          F 
242                             1                   1e-17               425                 88.93               4.78                20.08               3905619.00          2                   0.68                2.96                2.97                29677.00            22.694550           120.555979          F 
230                             1                   1e-17               425                 88.93               4.78                20.08               3905619.00          1                   0.12                8.15                8.16                5392.00             22.604085           120.691793          F 
248                             1                   1e-17               425                 88.93               4.78                20.08               3905619.00          9                   0.97                9.32                9.47                42390.00            22.711004           120.425407          F 
228                             1                   1e-17               425                 88.93               4.78                20.08               3905619.00          1                   0.13                7.99                8.00                5498.00             22.270870           120.656767          F 
249                             1                   1e-17               425                 88.93               4.78                20.08               3905619.00          7                   0.79                8.88                8.99                34604.00            22.701208           120.360526          F 
270                             1                   1e-17               425                 88.93               4.78                20.08               3905619.00          8                   3.19                2.51                2.53                140133.00           22.650195           120.274163          F 
215                             1                   1e-17               425                 88.93               4.78                20.08               3905619.00          1                   0.50                1.99                1.99                22061.00            22.731668           120.484504          F 
271                             1                   1e-17               425                 88.93               4.78                20.08               3905619.00          53                  4.48                11.82               13.03               196872.00           22.683957           120.295159          F 
236                             1                   1e-17               425                 88.93               4.78                20.08               3905619.00          1                   0.18                5.51                5.52                7968.00             22.671078           120.679924          F 
245                             1                   1e-17               425                 88.93               4.78                20.08               3905619.00          1                   0.59                1.71                1.71                25719.00            22.742536           120.569394          F 
250                             1                   1e-17               425                 88.93               4.78                20.08               3905619.00          1                   2.00                0.50                0.50                87694.00            22.739835           120.370799          F 
272                             1                   1e-17               425                 88.93               4.78                20.08               3905619.00          54                  4.23                12.77               14.11               185687.00           22.721100           120.300758          F 
234                             1                   1e-17               425                 88.93               4.78                20.08               3905619.00          2                   0.11                17.73               17.79               4954.00             22.260849           120.735645          F 
252                             1                   1e-17               425                 88.93               4.78                20.08               3905619.00          7                   0.86                8.17                8.26                37650.00            22.752524           120.300653          F 
241                             1                   1e-17               425                 88.93               4.78                20.08               3905619.00          2                   0.59                3.37                3.38                26044.00            22.798548           120.506128          F 
253                             1                   1e-17               425                 88.93               4.78                20.08               3905619.00          4                   0.68                5.89                5.93                29820.00            22.787696           120.370799          F 
119                             1                   1e-17               425                 88.93               4.78                20.08               3905619.00          0                   0.082               0                   0                   3580.00             22.384307           120.835524          F 
261                             1                   1e-17               425                 88.93               4.78                20.08               3905619.00          19                  0.82                23.22               24.04               35940.00            22.748209           120.259399          F 
244                             1                   1e-17               425                 88.93               4.78                20.08               3905619.00          0                   0.56                0                   0                   24384.00            22.809920           120.601768          F 
120                             1                   1e-17               425                 88.93               4.78                20.08               3905619.00          0                   0.085               0                   0                   3739.00             22.581617           120.857038          F 
281                             1                   1e-17               425                 88.93               4.78                20.08               3905619.00          6                   2.21                2.71                2.73                97103.00            22.805059           120.297891          F 
260                             1                   1e-17               425                 88.93               4.78                20.08               3905619.00          3                   0.44                6.84                6.88                19252.00            22.779445           120.239457          F 
214                             1                   1e-17               425                 88.93               4.78                20.08               3905619.00          1                   0.18                5.71                5.71                7697.00             22.797868           120.686522          F 
110                             1                   1e-17               425                 88.93               4.78                20.08               3905619.00          0                   0.14                0                   0                   6046.00             22.383595           120.899170          F 
282                             1                   1e-17               425                 88.93               4.78                20.08               3905619.00          0                   0.83                0                   0                   36652.00            22.864970           120.475455          F 
254                             1                   1e-17               425                 88.93               4.78                20.08               3905619.00          1                   0.16                6.13                6.14                7159.00             22.863943           120.395984          F 
243                             1                   1e-17               425                 88.93               4.78                20.08               3905619.00          0                   0.076               0                   0                   3354.00             22.759905           120.800810          F 
259                             1                   1e-17               425                 88.93               4.78                20.08               3905619.00          1                   0.32                3.16                3.16                13909.00            22.822246           120.228051          F 
255                             1                   1e-17               425                 88.93               4.78                20.08               3905619.00          2                   0.65                3.06                3.07                28658.00            22.870229           120.321097          F 
256                             1                   1e-17               425                 88.93               4.78                20.08               3905619.00          7                   1.20                5.85                5.92                52538.00            22.857242           120.265987          F 
233                             1                   1e-17               425                 88.93               4.78                20.08               3905619.00          0                   0.11                0                   0                   4981.00             22.155529           120.817361          F 
283                             1                   1e-17               425                 88.93               4.78                20.08               3905619.00          2                   0.90                2.22                2.22                39589.00            22.900055           120.563463          F 
240                             1                   1e-17               425                 88.93               4.78                20.08               3905619.00          11                  0.20                56.32               57.50               8577.00             22.079156           120.743263          F 
111                             1                   1e-17               425                 88.93               4.78                20.08               3905619.00          0                   0.25                0                   0                   11147.00            22.590981           120.979764          F 
257                             1                   1e-17               425                 88.93               4.78                20.08               3905619.00          4                   0.68                5.90                5.93                29794.00            22.893250           120.225937          F 
258                             1                   1e-17               425                 88.93               4.78                20.08               3905619.00          42                  0.69                61.30               66.49               30089.00            22.882414           120.198052          F 
265                             1                   1e-17               425                 88.93               4.78                20.08               3905619.00          0                   0.33                0                   0                   14437.00            22.956688           120.471927          F 
173                             1                   1e-17               425                 88.93               4.78                20.08               3905619.00          0                   0.091               0                   0                   3995.00             22.954823           120.386937          F 
170                             1                   1e-17               425                 88.93               4.78                20.08               3905619.00          0                   0.78                0                   0                   34353.00            22.955779           120.334282          F 
165                             1                   1e-17               425                 88.93               4.78                20.08               3905619.00          1                   1.56                0.64                0.64                68403.00            22.946795           120.293063          F 
266                             1                   1e-17               425                 88.93               4.78                20.08               3905619.00          0                   0.045               0                   0                   1994.00             22.919933           120.752384          F 
140                             1                   1e-17               425                 88.93               4.78                20.08               3905619.00          16                  1.73                9.26                9.52                75878.00            22.941309           120.241879          F 
231                             1                   1e-17               425                 88.93               4.78                20.08               3905619.00          0                   0.18                0                   0                   7968.00             22.049300           120.843568          F 
264                             1                   1e-17               425                 88.93               4.78                20.08               3905619.00          1                   0.27                3.72                3.73                11795.00            22.996947           120.562197          F 
222                             1                   1e-17               425                 88.93               4.78                20.08               3905619.00          13                  0.70                18.53               18.97               30818.00            21.985316           120.763254          F 
146                             1                   1e-17               425                 88.93               4.78                20.08               3905619.00          35                  2.84                12.31               13.11               124824.00           22.955619           120.190374          F 
259                             2                   1e-17               254                 23.37               10.87               19.95               1026417.00          1                   0.32                3.16                3.16                13909.00            22.822246           120.228051          T 
260                             2                   1e-17               254                 23.37               10.87               19.95               1026417.00          3                   0.44                6.84                6.88                19252.00            22.779445           120.239457          T 
256                             2                   1e-17               254                 23.37               10.87               19.95               1026417.00          7                   1.20                5.85                5.92                52538.00            22.857242           120.265987          T 
258                             2                   1e-17               254                 23.37               10.87               19.95               1026417.00          42                  0.69                61.30               66.49               30089.00            22.882414           120.198052          T 
281                             2                   1e-17               254                 23.37               10.87               19.95               1026417.00          6                   2.21                2.71                2.73                97103.00            22.805059           120.297891          T 
257                             2                   1e-17               254                 23.37               10.87               19.95               1026417.00          4                   0.68                5.90                5.93                29794.00            22.893250           120.225937          T 
261                             2                   1e-17               254                 23.37               10.87               19.95               1026417.00          19                  0.82                23.22               24.04               35940.00            22.748209           120.259399          T 
252                             2                   1e-17               254                 23.37               10.87               19.95               1026417.00          7                   0.86                8.17                8.26                37650.00            22.752524           120.300653          T 
255                             2                   1e-17               254                 23.37               10.87               19.95               1026417.00          2                   0.65                3.06                3.07                28658.00            22.870229           120.321097          T 
140                             2                   1e-17               254                 23.37               10.87               19.95               1026417.00          16                  1.73                9.26                9.52                75878.00            22.941309           120.241879          T 
272                             2                   1e-17               254                 23.37               10.87               19.95               1026417.00          54                  4.23                12.77               14.11               185687.00           22.721100           120.300758          T 
253                             2                   1e-17               254                 23.37               10.87               19.95               1026417.00          4                   0.68                5.89                5.93                29820.00            22.787696           120.370799          T 
146                             2                   1e-17               254                 23.37               10.87               19.95               1026417.00          35                  2.84                12.31               13.11               124824.00           22.955619           120.190374          T 
165                             2                   1e-17               254                 23.37               10.87               19.95               1026417.00          1                   1.56                0.64                0.64                68403.00            22.946795           120.293063          T 
271                             2                   1e-17               254                 23.37               10.87               19.95               1026417.00          53                  4.48                11.82               13.03               196872.00           22.683957           120.295159          T 
222                             3                   1e-17               24                  0.90                26.76               27.98               39395.00            13                  0.70                18.53               18.97               30818.00            21.985316           120.763254          T 
240                             3                   1e-17               24                  0.90                26.76               27.98               39395.00            11                  0.20                56.32               57.50               8577.00             22.079156           120.743263          T 
276                             4                   0.000000000770      80                  31.27               2.56                2.84                1373450.00          7                   3.86                1.81                1.82                169648.00           22.623594           120.320910          T 
274                             4                   0.000000000770      80                  31.27               2.56                2.84                1373450.00          1                   1.16                0.86                0.86                51032.00            22.629929           120.306734          T 
275                             4                   0.000000000770      80                  31.27               2.56                2.84                1373450.00          2                   0.61                3.27                3.28                26831.00            22.626991           120.294422          T 
273                             4                   0.000000000770      80                  31.27               2.56                2.84                1373450.00          17                  7.76                2.19                2.23                340913.00           22.649899           120.317919          T 
280                             4                   0.000000000770      80                  31.27               2.56                2.84                1373450.00          21                  8.19                2.57                2.63                359519.00           22.613793           120.355436          T 
269                             4                   0.000000000770      80                  31.27               2.56                2.84                1373450.00          1                   0.55                1.83                1.83                24059.00            22.624246           120.284233          T 
277                             4                   0.000000000770      80                  31.27               2.56                2.84                1373450.00          18                  4.94                3.65                3.74                216846.00           22.585656           120.289154          T 
270                             4                   0.000000000770      80                  31.27               2.56                2.84                1373450.00          8                   3.19                2.51                2.53                140133.00           22.650195           120.274163          T 
251                             4                   0.000000000770      80                  31.27               2.56                2.84                1373450.00          5                   1.01                4.94                4.98                44469.00            22.662493           120.372778          T 
217                             5                   0.00311             53                  26.02               2.04                2.15                1142728.00          0                   0.17                0                   0                   7433.00             22.501572           120.685723          T 
224                             5                   0.00311             53                  26.02               2.04                2.15                1142728.00          0                   0.23                0                   0                   9981.00             22.486763           120.584626          T 
225                             5                   0.00311             53                  26.02               2.04                2.15                1142728.00          0                   0.11                0                   0                   4909.00             22.403998           120.697580          T 
230                             5                   0.00311             53                  26.02               2.04                2.15                1142728.00          1                   0.12                8.15                8.16                5392.00             22.604085           120.691793          T 
239                             5                   0.00311             53                  26.02               2.04                2.15                1142728.00          0                   0.47                0                   0                   20593.00            22.582335           120.601817          T 
232                             5                   0.00311             53                  26.02               2.04                2.15                1142728.00          3                   1.23                2.44                2.45                53893.00            22.536429           120.556806          T 
227                             5                   0.00311             53                  26.02               2.04                2.15                1142728.00          3                   0.55                5.42                5.44                24323.00            22.403342           120.597584          T 
216                             5                   0.00311             53                  26.02               2.04                2.15                1142728.00          1                   0.44                2.30                2.30                19121.00            22.429806           120.547612          T 
219                             5                   0.00311             53                  26.02               2.04                2.15                1142728.00          0                   0.24                0                   0                   10639.00            22.479807           120.518056          T 
236                             5                   0.00311             53                  26.02               2.04                2.15                1142728.00          1                   0.18                5.51                5.52                7968.00             22.671078           120.679924          T 
237                             5                   0.00311             53                  26.02               2.04                2.15                1142728.00          0                   0.39                0                   0                   17119.00            22.588556           120.526638          T 
229                             5                   0.00311             53                  26.02               2.04                2.15                1142728.00          2                   0.41                4.94                4.95                17795.00            22.441421           120.512509          T 
221                             5                   0.00311             53                  26.02               2.04                2.15                1142728.00          1                   0.35                2.83                2.83                15519.00            22.515282           120.500660          T 
218                             5                   0.00311             53                  26.02               2.04                2.15                1142728.00          0                   1.23                0                   0                   54115.00            22.651169           120.588822          T 
120                             5                   0.00311             53                  26.02               2.04                2.15                1142728.00          0                   0.085               0                   0                   3739.00             22.581617           120.857038          T 
119                             5                   0.00311             53                  26.02               2.04                2.15                1142728.00          0                   0.082               0                   0                   3580.00             22.384307           120.835524          T 
226                             5                   0.00311             53                  26.02               2.04                2.15                1142728.00          2                   1.08                1.84                1.85                47613.00            22.462656           120.475133          T 
246                             5                   0.00311             53                  26.02               2.04                2.15                1142728.00          0                   0.25                0                   0                   11036.00            22.648764           120.529969          T 
238                             5                   0.00311             53                  26.02               2.04                2.15                1142728.00          1                   1.15                0.87                0.87                50514.00            22.588495           120.476619          T 
223                             5                   0.00311             53                  26.02               2.04                2.15                1142728.00          1                   0.79                1.26                1.26                34880.00            22.517190           120.450143          T 
242                             5                   0.00311             53                  26.02               2.04                2.15                1142728.00          2                   0.68                2.96                2.97                29677.00            22.694550           120.555979          T 
110                             5                   0.00311             53                  26.02               2.04                2.15                1142728.00          0                   0.14                0                   0                   6046.00             22.383595           120.899170          T 
228                             5                   0.00311             53                  26.02               2.04                2.15                1142728.00          1                   0.13                7.99                8.00                5498.00             22.270870           120.656767          T 
234                             5                   0.00311             53                  26.02               2.04                2.15                1142728.00          2                   0.11                17.73               17.79               4954.00             22.260849           120.735645          T 
220                             5                   0.00311             53                  26.02               2.04                2.15                1142728.00          4                   4.54                0.88                0.88                199606.00           22.664738           120.479995          T 
245                             5                   0.00311             53                  26.02               2.04                2.15                1142728.00          1                   0.59                1.71                1.71                25719.00            22.742536           120.569394          T 
284                             5                   0.00311             53                  26.02               2.04                2.15                1142728.00          9                   1.59                5.66                5.74                69870.00            22.508137           120.399052          T 
247                             5                   0.00311             53                  26.02               2.04                2.15                1142728.00          4                   2.56                1.56                1.57                112421.00           22.592836           120.411147          T 
243                             5                   0.00311             53                  26.02               2.04                2.15                1142728.00          0                   0.076               0                   0                   3354.00             22.759905           120.800810          T 
111                             5                   0.00311             53                  26.02               2.04                2.15                1142728.00          0                   0.25                0                   0                   11147.00            22.590981           120.979764          T 
215                             5                   0.00311             53                  26.02               2.04                2.15                1142728.00          1                   0.50                1.99                1.99                22061.00            22.731668           120.484504          T 
214                             5                   0.00311             53                  26.02               2.04                2.15                1142728.00          1                   0.18                5.71                5.71                7697.00             22.797868           120.686522          T 
279                             5                   0.00311             53                  26.02               2.04                2.15                1142728.00          3                   3.59                0.84                0.83                157742.00           22.551402           120.359261          T 
244                             5                   0.00311             53                  26.02               2.04                2.15                1142728.00          0                   0.56                0                   0                   24384.00            22.809920           120.601768          T 
248                             5                   0.00311             53                  26.02               2.04                2.15                1142728.00          9                   0.97                9.32                9.47                42390.00            22.711004           120.425407          T 
263                             6                   0.211               3                   0.14                21.86               21.98               6026.00             3                   0.14                21.86               21.98               6026.00             23.116550           120.623289          F 
