6.333566            
4.954152            
5.470931            
7.236273            
5.816550            
4.447919            
5.991426            
4.146657            
4.498762            
5.109435            
6.790235            
7.428843            
3.912861            
4.958991            
4.074000            
4.379099            
4.050170            
3.755616            
4.670529            
5.084839            
5.279313            
4.993057            
5.205618            
3.240497            
5.486882            
4.420952            
4.757085            
5.944417            
5.656633            
6.581058            
6.396956            
3.338174            
10.405719           
6.314166            
5.039782            
4.249881            
4.488719            
5.381617            
5.463196            
7.078294            
5.192643            
4.463183            
3.945784            
5.929718            
5.028269            
4.183802            
3.891257            
5.112063            
5.096140            
4.060607            
7.517718            
6.484060            
4.492556            
5.010235            
5.092291            
5.183270            
5.535028            
8.078731            
5.731658            
3.476048            
3.546362            
6.789942            
8.352238            
6.136983            
4.243419            
4.572542            
3.834476            
7.444908            
3.748702            
6.338887            
9.702547            
3.336280            
4.498401            
4.650697            
5.670725            
6.297184            
4.442408            
8.585374            
3.753992            
4.660294            
6.244993            
4.125233            
3.989326            
5.624827            
4.547686            
5.682422            
7.348577            
5.185432            
5.704603            
6.052035            
4.890754            
4.193473            
6.825235            
4.671005            
3.919763            
5.359920            
6.109842            
4.339345            
5.534361            
7.815832            
4.637495            
4.540296            
4.621374            
3.814689            
6.571130            
5.748992            
7.667330            
7.018349            
7.539933            
7.401608            
4.890508            
8.660624            
7.534161            
6.640331            
4.537952            
6.238644            
4.465446            
6.595516            
6.144609            
4.957461            
5.324186            
4.803398            
3.632427            
6.589270            
5.111899            
4.310461            
4.944426            
4.330879            
4.250119            
4.688934            
5.532598            
8.232167            
4.915920            
6.200871            
5.632119            
5.807763            
5.013511            
4.691181            
5.734225            
4.317849            
4.736136            
4.559198            
4.758529            
4.860085            
6.143876            
6.534680            
6.822851            
6.897228            
4.360468            
5.362832            
5.623074            
7.217277            
4.666021            
8.336004            
4.790311            
5.073699            
6.743162            
3.245157            
5.857591            
6.600578            
5.731119            
3.891735            
7.669591            
10.727770           
3.381978            
3.293245            
8.790496            
5.373916            
6.236253            
6.325551            
4.993178            
2.914087            
7.412879            
4.541176            
4.660598            
6.997103            
4.332989            
5.068094            
5.442897            
4.584992            
5.972337            
7.305100            
6.916302            
3.663519            
6.548727            
5.906296            
7.636016            
4.066396            
4.545984            
3.996656            
8.282992            
4.398931            
3.653336            
6.346161            
3.825087            
8.532466            
6.260464            
8.587894            
4.193473            
6.609356            
5.266041            
3.098957            
6.103700            
3.737669            
4.772160            
5.869354            
6.322530            
2.600901            
7.425536            
5.549330            
7.592302            
4.797644            
4.269895            
4.023333            
3.350054            
5.802066            
5.973564            
4.630851            
3.425541            
4.008380            
9.706886            
4.680982            
4.188207            
6.381646            
4.716975            
3.391238            
4.165694            
4.052794            
4.678724            
6.391065            
5.250506            
5.207596            
7.268737            
5.553427            
7.022110            
5.433435            
4.807398            
4.860560            
4.542628            
4.547686            
5.135550            
3.582020            
5.497220            
5.224090            
6.262610            
3.569454            
6.852372            
6.575470            
8.513181            
6.252949            
6.935108            
8.923238            
6.193142            
3.558719            
5.826083            
4.250119            
6.560555            
4.953156            
4.097912            
6.406900            
3.661843            
6.816025            
4.677622            
4.217547            
5.792027            
4.961382            
5.687869            
3.910400            
5.017152            
5.538553            
6.767066            
4.532538            
4.533374            
5.467097            
5.273863            
6.301132            
5.043308            
5.112063            
6.451614            
6.938739            
3.372280            
4.863170            
4.228699            
5.390474            
7.210639            
9.802588            
3.396303            
6.157512            
4.056687            
4.217547            
4.627438            
4.065491            
7.254300            
4.158750            
7.495409            
4.626033            
4.540370            
10.117143           
6.598469            
5.129661            
3.325315            
3.903053            
9.341848            
7.476520            
7.342365            
5.610525            
3.303536            
6.990532            
4.620349            
3.987311            
5.666843            
4.163082            
4.641957            
3.645487            
5.971883            
6.930703            
5.547763            
6.156976            
3.678445            
5.993243            
6.159078            
4.379099            
4.907691            
6.257426            
6.097992            
5.032970            
5.968412            
5.538711            
6.181404            
5.577165            
4.679864            
5.938730            
3.283984            
4.293285            
4.402400            
3.152133            
5.593771            
5.630903            
4.919961            
4.890508            
4.463183            
6.022765            
7.067573            
6.066012            
5.442389            
5.712956            
5.503536            
7.552218            
7.772986            
4.993057            
5.840742            
5.013897            
5.308039            
5.284522            
4.995086            
4.548481            
4.277448            
5.645928            
7.186799            
4.973617            
4.472205            
4.519050            
5.433751            
7.373341            
5.807763            
6.938803            
3.846504            
5.038047            
6.043010            
6.698061            
4.956161            
4.523319            
3.270873            
5.974857            
6.338942            
4.872144            
6.191448            
4.514033            
4.006150            
5.689121            
4.905649            
4.358891            
5.125122            
4.213909            
6.066163            
4.637652            
6.399968            
5.453432            
4.308786            
7.493448            
4.452415            
5.276859            
6.553596            
8.569253            
4.375128            
6.821154            
5.485591            
6.362259            
6.502120            
5.243725            
5.143898            
4.240289            
4.410589            
6.555779            
4.503489            
5.476803            
3.826616            
7.526959            
9.710817            
3.807344            
8.020144            
3.720874            
4.509046            
9.037013            
4.161977            
5.261098            
5.883886            
6.705399            
3.825839            
6.276401            
6.262541            
5.704130            
5.264944            
4.556894            
3.789238            
7.835781            
5.078134            
5.508732            
4.307519            
5.513820            
5.462208            
5.147445            
5.464848            
4.822793            
3.964320            
4.024372            
4.773584            
4.104834            
5.119368            
5.385034            
7.935042            
3.606145            
7.557132            
5.344407            
4.361756            
8.107059            
5.072007            
6.092142            
4.962259            
5.493611            
4.489189            
4.503234            
4.759534            
5.665678            
6.666316            
5.361018            
6.246622            
4.793740            
3.645161            
6.110724            
4.831485            
3.920084            
5.592547            
8.006843            
4.948400            
3.056345            
5.410835            
5.010366            
3.778549            
5.993949            
6.678517            
6.378406            
3.739565            
6.220139            
4.120343            
4.433990            
4.667139            
5.310848            
4.797489            
3.440822            
3.737669            
5.940019            
4.388849            
4.817995            
4.959111            
4.387730            
5.315412            
6.917688            
11.362910           
4.336866            
4.421425            
4.262676            
5.759684            
6.335532            
6.285990            
4.011399            
5.355074            
7.052243            
5.328045            
6.255932            
4.404967            
7.579163            
5.123683            
7.218564            
10.206673           
3.960208            
10.837470           
4.234313            
8.694582            
6.096512            
5.413334            
5.563850            
6.598574            
4.687118            
3.474855            
3.708051            
6.115201            
4.876712            
5.356751            
5.198727            
6.502723            
8.873985            
5.395908            
5.757745            
4.285786            
4.404967            
7.515818            
5.244465            
5.785048            
3.869506            
6.368589            
5.584942            
6.424777            
5.068497            
4.328065            
4.475389            
5.077321            
5.241170            
4.938949            
5.483772            
6.573836            
5.571231            
4.190899            
3.728835            
5.059039            
4.988164            
4.163772            
4.986092            
8.264317            
6.071622            
6.015095            
6.295521            
6.730722            
6.406904            
4.238405            
4.939143            
4.792929            
5.412299            
4.925525            
6.649007            
5.811858            
3.846504            
8.312324            
5.066800            
9.526665            
4.964975            
4.819378            
4.097386            
5.170744            
5.337807            
3.520892            
4.163714            
4.036384            
5.334610            
6.065362            
3.478669            
4.339473            
6.275451            
4.291654            
5.519141            
5.642028            
11.147486           
5.707146            
5.048395            
5.947416            
6.488200            
5.472376            
4.778177            
5.342602            
8.312912            
5.817061            
4.557798            
4.376952            
4.834782            
6.973471            
8.548823            
4.824749            
7.121836            
4.729196            
4.187607            
6.024253            
5.786575            
5.752864            
6.960083            
5.163500            
5.935156            
4.639592            
4.660954            
4.061769            
5.367905            
6.958684            
5.185080            
4.541628            
4.808854            
6.193142            
4.920418            
4.029523            
4.988353            
6.406364            
5.513820            
4.858037            
4.981281            
4.009275            
6.237475            
3.683032            
8.381293            
3.967645            
4.013760            
4.234947            
5.534131            
4.238824            
5.865120            
4.869644            
4.402995            
6.368382            
4.111004            
5.022330            
5.557931            
8.927444            
3.849935            
3.983775            
3.248665            
4.143211            
4.658933            
6.350088            
6.895215            
5.002940            
8.312912            
6.725565            
4.762161            
5.525518            
6.741133            
4.839225            
5.265650            
3.988306            
4.111258            
5.382104            
4.447706            
5.002738            
5.022330            
4.195278            
5.777373            
7.421984            
4.278959            
6.189776            
8.053673            
5.714209            
3.208899            
3.497910            
5.310354            
4.900179            
6.882869            
5.205618            
5.967776            
5.331885            
7.512926            
7.143112            
5.082618            
5.291043            
7.869203            
5.964989            
6.065362            
4.361574            
6.666316            
8.636377            
7.527205            
5.422357            
7.409119            
7.097140            
4.623118            
4.529986            
4.544109            
7.803942            
4.291654            
6.649378            
4.532163            
6.765116            
4.264149            
7.298228            
5.993947            
4.354480            
4.152825            
7.657598            
4.194603            
3.276474            
4.854082            
4.731876            
5.017152            
3.764939            
8.203302            
4.589847            
6.026314            
5.552540            
7.935042            
11.561855           
5.220350            
6.487722            
8.897385            
7.416960            
5.712627            
5.148735            
4.632896            
4.722588            
5.815646            
6.682413            
4.260473            
3.834476            
3.475143            
4.794903            
6.376850            
7.257422            
4.535893            
5.140510            
8.192045            
6.653411            
5.137665            
7.449007            
6.216852            
4.823777            
5.263534            
4.990323            
7.040587            
5.662975            
5.115297            
5.945451            
3.787883            
4.739193            
4.664856            
3.686531            
5.623074            
5.966286            
5.100917            
5.502995            
5.207967            
5.143311            
4.761385            
6.035293            
5.208406            
5.257536            
6.483077            
5.725796            
6.626918            
3.480922            
5.593961            
5.600787            
5.429995            
5.277481            
3.988522            
4.069930            
5.178949            
8.792675            
4.506732            
5.074774            
7.592545            
6.125677            
4.942652            
8.118173            
5.531204            
5.207596            
4.902195            
4.576944            
4.758210            
6.420559            
6.990757            
5.772155            
5.325423            
5.279986            
4.118986            
6.355633            
4.836695            
5.995332            
5.538711            
3.685212            
5.906030            
5.215589            
4.097430            
6.317813            
5.673457            
5.041104            
5.564152            
6.233627            
5.773648            
4.269664            
6.651334            
6.035293            
3.303536            
6.818761            
5.422357            
7.943834            
5.947416            
3.387982            
5.199857            
3.676168            
3.354779            
4.513013            
4.218362            
3.955060            
4.532538            
6.666316            
5.991731            
4.262676            
5.446425            
3.636066            
4.867140            
5.263925            
4.069608            
4.874368            
4.574642            
3.722590            
6.851769            
4.961382            
8.339581            
5.172495            
4.485264            
7.014163            
5.584398            
5.738693            
4.258790            
5.387665            
4.757085            
4.097912            
6.047970            
5.623567            
5.125878            
4.737774            
8.553129            
7.400532            
4.958232            
5.327174            
4.411828            
5.122459            
4.222861            
6.550832            
3.521700            
5.351904            
6.192279            
3.894166            
3.927346            
6.666316            
4.665674            
5.174364            
5.332502            
7.122649            
3.341132            
4.202965            
4.945931            
5.824881            
6.752058            
3.937237            
3.808710            
7.717533            
5.346268            
4.009185            
5.637153            
5.662240            
4.541176            
5.940116            
4.068308            
4.798516            
5.427553            
4.249005            
4.765244            
2.850420            
3.862606            
4.557424            
4.698221            
5.532104            
6.575406            
4.784347            
3.591659            
6.203489            
5.400336            
5.705649            
5.532499            
3.681918            
4.190430            
8.149778            
4.237041            
4.442616            
5.164441            
4.458045            
4.672513            
4.047908            
5.209187            
3.320861            
6.255932            
4.691181            
6.263642            
5.018792            
5.142710            
4.954829            
5.963857            
7.121093            
4.009266            
7.296298            
3.573624            
5.841891            
7.543989            
4.765244            
3.061115            
6.035293            
3.835411            
5.113554            
4.671025            
4.429225            
5.142503            
4.395692            
6.036046            
4.192621            
8.143266            
5.728175            
6.320680            
5.567725            
13.913388           
5.470931            
7.608793            
6.416781            
4.008380            
5.707630            
4.322369            
3.246012            
5.462124            
4.770940            
8.331374            
5.282688            
4.022278            
4.370202            
6.574631            
4.557148            
5.724951            
7.266609            
7.145773            
4.162562            
6.219261            
5.926922            
7.682531            
5.549330            
6.194965            
8.099420            
4.402069            
3.682067            
6.209067            
4.205514            
4.570278            
4.505285            
4.456766            
4.922587            
7.234243            
4.869775            
6.813417            
6.085703            
3.325315            
6.025881            
5.382277            
5.984658            
6.990131            
4.627438            
5.333169            
4.493075            
5.495609            
5.422570            
7.497507            
11.033636           
3.878041            
3.835411            
4.542609            
4.823777            
4.745082            
8.700153            
3.675178            
6.901413            
4.393563            
5.646017            
5.916811            
4.397898            
5.542868            
6.989122            
5.934865            
4.557424            
