231                             1                   1e-17               328                 70.47               4.65                22.55               4124733.00          0                   0.14                0                   0                   8126.00             22.049300           120.843568          F 
240                             1                   1e-17               328                 70.47               4.65                22.55               4124733.00          10                  0.16                64.17               65.81               9121.00             22.079156           120.743263          F 
222                             1                   1e-17               328                 70.47               4.65                22.55               4124733.00          5                   0.53                9.48                9.59                30859.00            21.985316           120.763254          F 
233                             1                   1e-17               328                 70.47               4.65                22.55               4124733.00          0                   0.083               0                   0                   4864.00             22.155529           120.817361          F 
234                             1                   1e-17               328                 70.47               4.65                22.55               4124733.00          2                   0.083               23.98               24.10               4882.00             22.260849           120.735645          F 
228                             1                   1e-17               328                 70.47               4.65                22.55               4124733.00          0                   0.098               0                   0                   5749.00             22.270870           120.656767          F 
119                             1                   1e-17               328                 70.47               4.65                22.55               4124733.00          0                   0.064               0                   0                   3721.00             22.384307           120.835524          F 
110                             1                   1e-17               328                 70.47               4.65                22.55               4124733.00          0                   0.11                0                   0                   6565.00             22.383595           120.899170          F 
225                             1                   1e-17               328                 70.47               4.65                22.55               4124733.00          0                   0.083               0                   0                   4866.00             22.403998           120.697580          F 
227                             1                   1e-17               328                 70.47               4.65                22.55               4124733.00          3                   0.44                6.89                6.94                25482.00            22.403342           120.597584          F 
216                             1                   1e-17               328                 70.47               4.65                22.55               4124733.00          1                   0.35                2.89                2.90                20247.00            22.429806           120.547612          F 
217                             1                   1e-17               328                 70.47               4.65                22.55               4124733.00          0                   0.13                0                   0                   7648.00             22.501572           120.685723          F 
229                             1                   1e-17               328                 70.47               4.65                22.55               4124733.00          2                   0.33                6.09                6.11                19235.00            22.441421           120.512509          F 
224                             1                   1e-17               328                 70.47               4.65                22.55               4124733.00          0                   0.17                0                   0                   10232.00            22.486763           120.584626          F 
235                             1                   1e-17               328                 70.47               4.65                22.55               4124733.00          0                   0.22                0                   0                   12675.00            22.340003           120.371047          F 
219                             1                   1e-17               328                 70.47               4.65                22.55               4124733.00          0                   0.19                0                   0                   11130.00            22.479807           120.518056          F 
120                             1                   1e-17               328                 70.47               4.65                22.55               4124733.00          0                   0.063               0                   0                   3669.00             22.581617           120.857038          F 
226                             1                   1e-17               328                 70.47               4.65                22.55               4124733.00          2                   0.82                2.43                2.43                48262.00            22.462656           120.475133          F 
232                             1                   1e-17               328                 70.47               4.65                22.55               4124733.00          2                   0.94                2.14                2.14                54738.00            22.536429           120.556806          F 
111                             1                   1e-17               328                 70.47               4.65                22.55               4124733.00          0                   0.20                0                   0                   11507.00            22.590981           120.979764          F 
221                             1                   1e-17               328                 70.47               4.65                22.55               4124733.00          0                   0.28                0                   0                   16374.00            22.515282           120.500660          F 
230                             1                   1e-17               328                 70.47               4.65                22.55               4124733.00          1                   0.090               11.07               11.09               5289.00             22.604085           120.691793          F 
239                             1                   1e-17               328                 70.47               4.65                22.55               4124733.00          0                   0.36                0                   0                   20918.00            22.582335           120.601817          F 
223                             1                   1e-17               328                 70.47               4.65                22.55               4124733.00          1                   0.63                1.60                1.60                36692.00            22.517190           120.450143          F 
237                             1                   1e-17               328                 70.47               4.65                22.55               4124733.00          0                   0.30                0                   0                   17719.00            22.588556           120.526638          F 
284                             1                   1e-17               328                 70.47               4.65                22.55               4124733.00          7                   1.20                5.81                5.90                70476.00            22.508137           120.399052          F 
238                             1                   1e-17               328                 70.47               4.65                22.55               4124733.00          0                   0.89                0                   0                   52085.00            22.588495           120.476619          F 
236                             1                   1e-17               328                 70.47               4.65                22.55               4124733.00          1                   0.14                7.20                7.22                8126.00             22.671078           120.679924          F 
218                             1                   1e-17               328                 70.47               4.65                22.55               4124733.00          0                   0.96                0                   0                   56148.00            22.651169           120.588822          F 
118                             1                   1e-17               328                 70.47               4.65                22.55               4124733.00          0                   0.085               0                   0                   4976.00             22.046168           121.550833          F 
246                             1                   1e-17               328                 70.47               4.65                22.55               4124733.00          0                   0.19                0                   0                   11313.00            22.648764           120.529969          F 
279                             1                   1e-17               328                 70.47               4.65                22.55               4124733.00          1                   2.67                0.37                0.37                156171.00           22.551402           120.359261          F 
247                             1                   1e-17               328                 70.47               4.65                22.55               4124733.00          3                   1.90                1.58                1.58                111191.00           22.592836           120.411147          F 
242                             1                   1e-17               328                 70.47               4.65                22.55               4124733.00          1                   0.52                1.92                1.93                30429.00            22.694550           120.555979          F 
220                             1                   1e-17               328                 70.47               4.65                22.55               4124733.00          2                   3.48                0.57                0.57                203866.00           22.664738           120.479995          F 
243                             1                   1e-17               328                 70.47               4.65                22.55               4124733.00          0                   0.059               0                   0                   3435.00             22.759905           120.800810          F 
280                             1                   1e-17               328                 70.47               4.65                22.55               4124733.00          11                  6.05                1.82                1.84                354093.00           22.613793           120.355436          F 
108                             1                   1e-17               328                 70.47               4.65                22.55               4124733.00          0                   0.30                0                   0                   17700.00            22.764945           121.001552          F 
245                             1                   1e-17               328                 70.47               4.65                22.55               4124733.00          1                   0.45                2.20                2.20                26629.00            22.742536           120.569394          F 
277                             1                   1e-17               328                 70.47               4.65                22.55               4124733.00          13                  3.81                3.41                3.50                222910.00           22.585656           120.289154          F 
109                             1                   1e-17               328                 70.47               4.65                22.55               4124733.00          2                   1.83                1.09                1.10                106929.00           22.751657           121.110365          F 
276                             1                   1e-17               328                 70.47               4.65                22.55               4124733.00          5                   3.00                1.66                1.67                175854.00           22.623594           120.320910          F 
251                             1                   1e-17               328                 70.47               4.65                22.55               4124733.00          3                   0.75                4.02                4.04                43735.00            22.662493           120.372778          F 
215                             1                   1e-17               328                 70.47               4.65                22.55               4124733.00          0                   0.38                0                   0                   22172.00            22.731668           120.484504          F 
214                             1                   1e-17               328                 70.47               4.65                22.55               4124733.00          1                   0.13                7.52                7.54                7784.00             22.797868           120.686522          F 
274                             1                   1e-17               328                 70.47               4.65                22.55               4124733.00          0                   0.90                0                   0                   52534.00            22.629929           120.306734          F 
248                             1                   1e-17               328                 70.47               4.65                22.55               4124733.00          5                   0.74                6.78                6.85                43190.00            22.711004           120.425407          F 
275                             1                   1e-17               328                 70.47               4.65                22.55               4124733.00          1                   0.48                2.10                2.11                27832.00            22.626991           120.294422          F 
273                             1                   1e-17               328                 70.47               4.65                22.55               4124733.00          12                  5.94                2.02                2.05                347619.00           22.649899           120.317919          F 
269                             1                   1e-17               328                 70.47               4.65                22.55               4124733.00          0                   0.43                0                   0                   25400.00            22.624246           120.284233          F 
249                             1                   1e-17               328                 70.47               4.65                22.55               4124733.00          4                   0.59                6.80                6.85                34455.00            22.701208           120.360526          F 
244                             1                   1e-17               328                 70.47               4.65                22.55               4124733.00          0                   0.44                0                   0                   25520.00            22.809920           120.601768          F 
270                             1                   1e-17               328                 70.47               4.65                22.55               4124733.00          5                   2.32                2.16                2.17                135667.00           22.650195           120.274163          F 
241                             1                   1e-17               328                 70.47               4.65                22.55               4124733.00          2                   0.46                4.37                4.38                26814.00            22.798548           120.506128          F 
271                             1                   1e-17               328                 70.47               4.65                22.55               4124733.00          44                  3.34                13.16               14.69               195643.00           22.683957           120.295159          F 
250                             1                   1e-17               328                 70.47               4.65                22.55               4124733.00          1                   1.38                0.72                0.72                80994.00            22.739835           120.370799          F 
272                             1                   1e-17               328                 70.47               4.65                22.55               4124733.00          41                  3.05                13.44               14.88               178532.00           22.721100           120.300758          F 
117                             1                   1e-17               328                 70.47               4.65                22.55               4124733.00          0                   0.065               0                   0                   3808.00             22.660175           121.490195          F 
253                             1                   1e-17               328                 70.47               4.65                22.55               4124733.00          3                   0.52                5.78                5.81                30397.00            22.787696           120.370799          F 
112                             1                   1e-17               328                 70.47               4.65                22.55               4124733.00          0                   0.062               0                   0                   3614.00             22.903432           120.983190          F 
252                             1                   1e-17               328                 70.47               4.65                22.55               4124733.00          3                   0.64                4.72                4.75                37198.00            22.752524           120.300653          F 
266                             1                   1e-17               328                 70.47               4.65                22.55               4124733.00          0                   0.033               0                   0                   1915.00             22.919933           120.752384          F 
261                             1                   1e-17               328                 70.47               4.65                22.55               4124733.00          18                  0.62                28.96               30.29               36384.00            22.748209           120.259399          F 
282                             1                   1e-17               328                 70.47               4.65                22.55               4124733.00          0                   0.65                0                   0                   38100.00            22.864970           120.475455          F 
283                             1                   1e-17               328                 70.47               4.65                22.55               4124733.00          1                   0.70                1.42                1.42                41258.00            22.900055           120.563463          F 
281                             1                   1e-17               328                 70.47               4.65                22.55               4124733.00          6                   1.67                3.59                3.63                97751.00            22.805059           120.297891          F 
254                             1                   1e-17               328                 70.47               4.65                22.55               4124733.00          1                   0.13                7.62                7.64                7680.00             22.863943           120.395984          F 
260                             1                   1e-17               328                 70.47               4.65                22.55               4124733.00          2                   0.34                5.90                5.92                19854.00            22.779445           120.239457          F 
123                             1                   1e-17               328                 70.47               4.65                22.55               4124733.00          0                   0.14                0                   0                   8202.00             22.951257           121.156038          F 
255                             1                   1e-17               328                 70.47               4.65                22.55               4124733.00          1                   0.51                1.98                1.98                29566.00            22.870229           120.321097          F 
259                             1                   1e-17               328                 70.47               4.65                22.55               4124733.00          0                   0.24                0                   0                   14148.00            22.822246           120.228051          F 
256                             1                   1e-17               328                 70.47               4.65                22.55               4124733.00          5                   0.91                5.52                5.57                53064.00            22.857242           120.265987          F 
265                             1                   1e-17               328                 70.47               4.65                22.55               4124733.00          0                   0.26                0                   0                   15178.00            22.956688           120.471927          F 
262                             1                   1e-17               328                 70.47               4.65                22.55               4124733.00          1                   0.23                4.28                4.29                13663.00            23.011954           120.658563          F 
264                             1                   1e-17               328                 70.47               4.65                22.55               4124733.00          1                   0.21                4.67                4.68                12531.00            22.996947           120.562197          F 
173                             1                   1e-17               328                 70.47               4.65                22.55               4124733.00          0                   0.073               0                   0                   4292.00             22.954823           120.386937          F 
114                             1                   1e-17               328                 70.47               4.65                22.55               4124733.00          0                   0.15                0                   0                   9000.00             22.980069           121.251792          F 
257                             1                   1e-17               328                 70.47               4.65                22.55               4124733.00          4                   0.50                7.96                8.04                29399.00            22.893250           120.225937          F 
170                             1                   1e-17               328                 70.47               4.65                22.55               4124733.00          0                   0.60                0                   0                   34865.00            22.955779           120.334282          F 
258                             1                   1e-17               328                 70.47               4.65                22.55               4124733.00          41                  0.52                78.20               87.14               30690.00            22.882414           120.198052          F 
165                             1                   1e-17               328                 70.47               4.65                22.55               4124733.00          1                   1.15                0.87                0.87                67504.00            22.946795           120.293063          F 
122                             1                   1e-17               328                 70.47               4.65                22.55               4124733.00          0                   0.16                0                   0                   9111.00             23.037807           121.176620          F 
140                             1                   1e-17               328                 70.47               4.65                22.55               4124733.00          14                  1.25                11.21               11.59               73099.00            22.941309           120.241879          F 
156                             1                   1e-17               328                 70.47               4.65                22.55               4124733.00          0                   0.089               0                   0                   5181.00             23.026046           120.412392          F 
116                             1                   1e-17               328                 70.47               4.65                22.55               4124733.00          0                   0.075               0                   0                   4378.00             23.114785           121.017567          F 
263                             1                   1e-17               328                 70.47               4.65                22.55               4124733.00          2                   0.11                18.23               18.32               6420.00             23.116550           120.623289          F 
146                             1                   1e-17               328                 70.47               4.65                22.55               4124733.00          29                  2.15                13.50               14.50               125691.00           22.955619           120.190374          F 
259                             2                   1e-17               212                 17.41               12.18               25.13               1018920.00          0                   0.24                0                   0                   14148.00            22.822246           120.228051          T 
260                             2                   1e-17               212                 17.41               12.18               25.13               1018920.00          2                   0.34                5.90                5.92                19854.00            22.779445           120.239457          T 
256                             2                   1e-17               212                 17.41               12.18               25.13               1018920.00          5                   0.91                5.52                5.57                53064.00            22.857242           120.265987          T 
258                             2                   1e-17               212                 17.41               12.18               25.13               1018920.00          41                  0.52                78.20               87.14               30690.00            22.882414           120.198052          T 
281                             2                   1e-17               212                 17.41               12.18               25.13               1018920.00          6                   1.67                3.59                3.63                97751.00            22.805059           120.297891          T 
257                             2                   1e-17               212                 17.41               12.18               25.13               1018920.00          4                   0.50                7.96                8.04                29399.00            22.893250           120.225937          T 
261                             2                   1e-17               212                 17.41               12.18               25.13               1018920.00          18                  0.62                28.96               30.29               36384.00            22.748209           120.259399          T 
252                             2                   1e-17               212                 17.41               12.18               25.13               1018920.00          3                   0.64                4.72                4.75                37198.00            22.752524           120.300653          T 
255                             2                   1e-17               212                 17.41               12.18               25.13               1018920.00          1                   0.51                1.98                1.98                29566.00            22.870229           120.321097          T 
140                             2                   1e-17               212                 17.41               12.18               25.13               1018920.00          14                  1.25                11.21               11.59               73099.00            22.941309           120.241879          T 
272                             2                   1e-17               212                 17.41               12.18               25.13               1018920.00          41                  3.05                13.44               14.88               178532.00           22.721100           120.300758          T 
253                             2                   1e-17               212                 17.41               12.18               25.13               1018920.00          3                   0.52                5.78                5.81                30397.00            22.787696           120.370799          T 
146                             2                   1e-17               212                 17.41               12.18               25.13               1018920.00          29                  2.15                13.50               14.50               125691.00           22.955619           120.190374          T 
165                             2                   1e-17               212                 17.41               12.18               25.13               1018920.00          1                   1.15                0.87                0.87                67504.00            22.946795           120.293063          T 
271                             2                   1e-17               212                 17.41               12.18               25.13               1018920.00          44                  3.34                13.16               14.69               195643.00           22.683957           120.295159          T 
234                             3                   0.00000000000111    107                 46.02               2.33                2.82                2693718.00          2                   0.083               23.98               24.10               4882.00             22.260849           120.735645          T 
228                             3                   0.00000000000111    107                 46.02               2.33                2.82                2693718.00          0                   0.098               0                   0                   5749.00             22.270870           120.656767          T 
233                             3                   0.00000000000111    107                 46.02               2.33                2.82                2693718.00          0                   0.083               0                   0                   4864.00             22.155529           120.817361          T 
225                             3                   0.00000000000111    107                 46.02               2.33                2.82                2693718.00          0                   0.083               0                   0                   4866.00             22.403998           120.697580          T 
119                             3                   0.00000000000111    107                 46.02               2.33                2.82                2693718.00          0                   0.064               0                   0                   3721.00             22.384307           120.835524          T 
240                             3                   0.00000000000111    107                 46.02               2.33                2.82                2693718.00          10                  0.16                64.17               65.81               9121.00             22.079156           120.743263          T 
227                             3                   0.00000000000111    107                 46.02               2.33                2.82                2693718.00          3                   0.44                6.89                6.94                25482.00            22.403342           120.597584          T 
110                             3                   0.00000000000111    107                 46.02               2.33                2.82                2693718.00          0                   0.11                0                   0                   6565.00             22.383595           120.899170          T 
231                             3                   0.00000000000111    107                 46.02               2.33                2.82                2693718.00          0                   0.14                0                   0                   8126.00             22.049300           120.843568          T 
216                             3                   0.00000000000111    107                 46.02               2.33                2.82                2693718.00          1                   0.35                2.89                2.90                20247.00            22.429806           120.547612          T 
217                             3                   0.00000000000111    107                 46.02               2.33                2.82                2693718.00          0                   0.13                0                   0                   7648.00             22.501572           120.685723          T 
224                             3                   0.00000000000111    107                 46.02               2.33                2.82                2693718.00          0                   0.17                0                   0                   10232.00            22.486763           120.584626          T 
229                             3                   0.00000000000111    107                 46.02               2.33                2.82                2693718.00          2                   0.33                6.09                6.11                19235.00            22.441421           120.512509          T 
222                             3                   0.00000000000111    107                 46.02               2.33                2.82                2693718.00          5                   0.53                9.48                9.59                30859.00            21.985316           120.763254          T 
219                             3                   0.00000000000111    107                 46.02               2.33                2.82                2693718.00          0                   0.19                0                   0                   11130.00            22.479807           120.518056          T 
226                             3                   0.00000000000111    107                 46.02               2.33                2.82                2693718.00          2                   0.82                2.43                2.43                48262.00            22.462656           120.475133          T 
232                             3                   0.00000000000111    107                 46.02               2.33                2.82                2693718.00          2                   0.94                2.14                2.14                54738.00            22.536429           120.556806          T 
221                             3                   0.00000000000111    107                 46.02               2.33                2.82                2693718.00          0                   0.28                0                   0                   16374.00            22.515282           120.500660          T 
120                             3                   0.00000000000111    107                 46.02               2.33                2.82                2693718.00          0                   0.063               0                   0                   3669.00             22.581617           120.857038          T 
239                             3                   0.00000000000111    107                 46.02               2.33                2.82                2693718.00          0                   0.36                0                   0                   20918.00            22.582335           120.601817          T 
230                             3                   0.00000000000111    107                 46.02               2.33                2.82                2693718.00          1                   0.090               11.07               11.09               5289.00             22.604085           120.691793          T 
235                             3                   0.00000000000111    107                 46.02               2.33                2.82                2693718.00          0                   0.22                0                   0                   12675.00            22.340003           120.371047          T 
223                             3                   0.00000000000111    107                 46.02               2.33                2.82                2693718.00          1                   0.63                1.60                1.60                36692.00            22.517190           120.450143          T 
237                             3                   0.00000000000111    107                 46.02               2.33                2.82                2693718.00          0                   0.30                0                   0                   17719.00            22.588556           120.526638          T 
284                             3                   0.00000000000111    107                 46.02               2.33                2.82                2693718.00          7                   1.20                5.81                5.90                70476.00            22.508137           120.399052          T 
111                             3                   0.00000000000111    107                 46.02               2.33                2.82                2693718.00          0                   0.20                0                   0                   11507.00            22.590981           120.979764          T 
238                             3                   0.00000000000111    107                 46.02               2.33                2.82                2693718.00          0                   0.89                0                   0                   52085.00            22.588495           120.476619          T 
218                             3                   0.00000000000111    107                 46.02               2.33                2.82                2693718.00          0                   0.96                0                   0                   56148.00            22.651169           120.588822          T 
236                             3                   0.00000000000111    107                 46.02               2.33                2.82                2693718.00          1                   0.14                7.20                7.22                8126.00             22.671078           120.679924          T 
246                             3                   0.00000000000111    107                 46.02               2.33                2.82                2693718.00          0                   0.19                0                   0                   11313.00            22.648764           120.529969          T 
247                             3                   0.00000000000111    107                 46.02               2.33                2.82                2693718.00          3                   1.90                1.58                1.58                111191.00           22.592836           120.411147          T 
279                             3                   0.00000000000111    107                 46.02               2.33                2.82                2693718.00          1                   2.67                0.37                0.37                156171.00           22.551402           120.359261          T 
242                             3                   0.00000000000111    107                 46.02               2.33                2.82                2693718.00          1                   0.52                1.92                1.93                30429.00            22.694550           120.555979          T 
220                             3                   0.00000000000111    107                 46.02               2.33                2.82                2693718.00          2                   3.48                0.57                0.57                203866.00           22.664738           120.479995          T 
280                             3                   0.00000000000111    107                 46.02               2.33                2.82                2693718.00          11                  6.05                1.82                1.84                354093.00           22.613793           120.355436          T 
243                             3                   0.00000000000111    107                 46.02               2.33                2.82                2693718.00          0                   0.059               0                   0                   3435.00             22.759905           120.800810          T 
245                             3                   0.00000000000111    107                 46.02               2.33                2.82                2693718.00          1                   0.45                2.20                2.20                26629.00            22.742536           120.569394          T 
251                             3                   0.00000000000111    107                 46.02               2.33                2.82                2693718.00          3                   0.75                4.02                4.04                43735.00            22.662493           120.372778          T 
215                             3                   0.00000000000111    107                 46.02               2.33                2.82                2693718.00          0                   0.38                0                   0                   22172.00            22.731668           120.484504          T 
277                             3                   0.00000000000111    107                 46.02               2.33                2.82                2693718.00          13                  3.81                3.41                3.50                222910.00           22.585656           120.289154          T 
276                             3                   0.00000000000111    107                 46.02               2.33                2.82                2693718.00          5                   3.00                1.66                1.67                175854.00           22.623594           120.320910          T 
248                             3                   0.00000000000111    107                 46.02               2.33                2.82                2693718.00          5                   0.74                6.78                6.85                43190.00            22.711004           120.425407          T 
214                             3                   0.00000000000111    107                 46.02               2.33                2.82                2693718.00          1                   0.13                7.52                7.54                7784.00             22.797868           120.686522          T 
274                             3                   0.00000000000111    107                 46.02               2.33                2.82                2693718.00          0                   0.90                0                   0                   52534.00            22.629929           120.306734          T 
275                             3                   0.00000000000111    107                 46.02               2.33                2.82                2693718.00          1                   0.48                2.10                2.11                27832.00            22.626991           120.294422          T 
273                             3                   0.00000000000111    107                 46.02               2.33                2.82                2693718.00          12                  5.94                2.02                2.05                347619.00           22.649899           120.317919          T 
269                             3                   0.00000000000111    107                 46.02               2.33                2.82                2693718.00          0                   0.43                0                   0                   25400.00            22.624246           120.284233          T 
249                             3                   0.00000000000111    107                 46.02               2.33                2.82                2693718.00          4                   0.59                6.80                6.85                34455.00            22.701208           120.360526          T 
108                             3                   0.00000000000111    107                 46.02               2.33                2.82                2693718.00          0                   0.30                0                   0                   17700.00            22.764945           121.001552          T 
244                             3                   0.00000000000111    107                 46.02               2.33                2.82                2693718.00          0                   0.44                0                   0                   25520.00            22.809920           120.601768          T 
270                             3                   0.00000000000111    107                 46.02               2.33                2.82                2693718.00          5                   2.32                2.16                2.17                135667.00           22.650195           120.274163          T 
241                             3                   0.00000000000111    107                 46.02               2.33                2.82                2693718.00          2                   0.46                4.37                4.38                26814.00            22.798548           120.506128          T 
