226                             1                   1e-17               605                 130.64              4.63                16.51               3823984.00          2                   1.57                1.27                1.28                45936.00            22.462656           120.475133          F 
229                             1                   1e-17               605                 130.64              4.63                16.51               3823984.00          2                   0.55                3.64                3.65                16087.00            22.441421           120.512509          F 
219                             1                   1e-17               605                 130.64              4.63                16.51               3823984.00          0                   0.34                0                   0                   9882.00             22.479807           120.518056          F 
221                             1                   1e-17               605                 130.64              4.63                16.51               3823984.00          1                   0.51                1.96                1.96                14932.00            22.515282           120.500660          F 
223                             1                   1e-17               605                 130.64              4.63                16.51               3823984.00          2                   1.10                1.82                1.82                32198.00            22.517190           120.450143          F 
216                             1                   1e-17               605                 130.64              4.63                16.51               3823984.00          1                   0.60                1.66                1.66                17591.00            22.429806           120.547612          F 
284                             1                   1e-17               605                 130.64              4.63                16.51               3823984.00          14                  2.32                6.03                6.13                67903.00            22.508137           120.399052          F 
224                             1                   1e-17               605                 130.64              4.63                16.51               3823984.00          1                   0.31                3.19                3.19                9174.00             22.486763           120.584626          F 
232                             1                   1e-17               605                 130.64              4.63                16.51               3823984.00          3                   1.82                1.65                1.65                53325.00            22.536429           120.556806          F 
238                             1                   1e-17               605                 130.64              4.63                16.51               3823984.00          1                   1.67                0.60                0.60                48946.00            22.588495           120.476619          F 
227                             1                   1e-17               605                 130.64              4.63                16.51               3823984.00          5                   0.77                6.48                6.51                22593.00            22.403342           120.597584          F 
237                             1                   1e-17               605                 130.64              4.63                16.51               3823984.00          1                   0.53                1.88                1.88                15581.00            22.588556           120.526638          F 
279                             1                   1e-17               605                 130.64              4.63                16.51               3823984.00          6                   5.27                1.14                1.14                154354.00           22.551402           120.359261          F 
247                             1                   1e-17               605                 130.64              4.63                16.51               3823984.00          4                   3.83                1.04                1.04                112213.00           22.592836           120.411147          F 
235                             1                   1e-17               605                 130.64              4.63                16.51               3823984.00          0                   0.42                0                   0                   12190.00            22.340003           120.371047          F 
239                             1                   1e-17               605                 130.64              4.63                16.51               3823984.00          1                   0.65                1.54                1.54                19010.00            22.582335           120.601817          F 
280                             1                   1e-17               605                 130.64              4.63                16.51               3823984.00          32                  12.13               2.64                2.71                355175.00           22.613793           120.355436          F 
246                             1                   1e-17               605                 130.64              4.63                16.51               3823984.00          0                   0.36                0                   0                   10483.00            22.648764           120.529969          F 
217                             1                   1e-17               605                 130.64              4.63                16.51               3823984.00          0                   0.25                0                   0                   7355.00             22.501572           120.685723          F 
220                             1                   1e-17               605                 130.64              4.63                16.51               3823984.00          6                   6.58                0.91                0.91                192657.00           22.664738           120.479995          F 
277                             1                   1e-17               605                 130.64              4.63                16.51               3823984.00          31                  6.97                4.45                4.59                203877.00           22.585656           120.289154          F 
225                             1                   1e-17               605                 130.64              4.63                16.51               3823984.00          1                   0.17                6.02                6.03                4860.00             22.403998           120.697580          F 
276                             1                   1e-17               605                 130.64              4.63                16.51               3823984.00          13                  5.58                2.33                2.35                163295.00           22.623594           120.320910          F 
218                             1                   1e-17               605                 130.64              4.63                16.51               3823984.00          0                   1.80                0                   0                   52646.00            22.651169           120.588822          F 
251                             1                   1e-17               605                 130.64              4.63                16.51               3823984.00          10                  1.51                6.62                6.69                44233.00            22.662493           120.372778          F 
274                             1                   1e-17               605                 130.64              4.63                16.51               3823984.00          1                   1.69                0.59                0.59                49573.00            22.629929           120.306734          F 
275                             1                   1e-17               605                 130.64              4.63                16.51               3823984.00          2                   0.93                2.15                2.16                27199.00            22.626991           120.294422          F 
273                             1                   1e-17               605                 130.64              4.63                16.51               3823984.00          18                  11.28               1.60                1.61                330287.00           22.649899           120.317919          F 
269                             1                   1e-17               605                 130.64              4.63                16.51               3823984.00          1                   0.76                1.31                1.31                22275.00            22.624246           120.284233          F 
242                             1                   1e-17               605                 130.64              4.63                16.51               3823984.00          2                   1.00                2.00                2.01                29229.00            22.694550           120.555979          F 
230                             1                   1e-17               605                 130.64              4.63                16.51               3823984.00          1                   0.18                5.53                5.53                5294.00             22.604085           120.691793          F 
248                             1                   1e-17               605                 130.64              4.63                16.51               3823984.00          15                  1.37                10.93               11.12               40163.00            22.711004           120.425407          F 
228                             1                   1e-17               605                 130.64              4.63                16.51               3823984.00          1                   0.17                5.89                5.90                4966.00             22.270870           120.656767          F 
249                             1                   1e-17               605                 130.64              4.63                16.51               3823984.00          11                  1.15                9.54                9.66                33754.00            22.701208           120.360526          F 
270                             1                   1e-17               605                 130.64              4.63                16.51               3823984.00          14                  4.83                2.90                2.93                141277.00           22.650195           120.274163          F 
215                             1                   1e-17               605                 130.64              4.63                16.51               3823984.00          1                   0.74                1.36                1.36                21552.00            22.731668           120.484504          F 
271                             1                   1e-17               605                 130.64              4.63                16.51               3823984.00          61                  6.76                9.03                9.70                197784.00           22.683957           120.295159          F 
236                             1                   1e-17               605                 130.64              4.63                16.51               3823984.00          2                   0.24                8.29                8.31                7063.00             22.671078           120.679924          F 
245                             1                   1e-17               605                 130.64              4.63                16.51               3823984.00          1                   0.80                1.24                1.24                23529.00            22.742536           120.569394          F 
250                             1                   1e-17               605                 130.64              4.63                16.51               3823984.00          7                   3.38                2.07                2.08                98956.00            22.739835           120.370799          F 
272                             1                   1e-17               605                 130.64              4.63                16.51               3823984.00          84                  6.64                12.65               14.03               194404.00           22.721100           120.300758          F 
234                             1                   1e-17               605                 130.64              4.63                16.51               3823984.00          2                   0.17                11.93               11.96               4905.00             22.260849           120.735645          F 
252                             1                   1e-17               605                 130.64              4.63                16.51               3823984.00          9                   1.46                6.17                6.23                42671.00            22.752524           120.300653          F 
241                             1                   1e-17               605                 130.64              4.63                16.51               3823984.00          2                   0.87                2.31                2.31                25347.00            22.798548           120.506128          F 
253                             1                   1e-17               605                 130.64              4.63                16.51               3823984.00          7                   0.98                7.17                7.23                28576.00            22.787696           120.370799          F 
119                             1                   1e-17               605                 130.64              4.63                16.51               3823984.00          0                   0.12                0                   0                   3409.00             22.384307           120.835524          F 
261                             1                   1e-17               605                 130.64              4.63                16.51               3823984.00          36                  1.19                30.29               31.69               34792.00            22.748209           120.259399          F 
244                             1                   1e-17               605                 130.64              4.63                16.51               3823984.00          0                   0.76                0                   0                   22336.00            22.809920           120.601768          F 
120                             1                   1e-17               605                 130.64              4.63                16.51               3823984.00          0                   0.13                0                   0                   3687.00             22.581617           120.857038          F 
281                             1                   1e-17               605                 130.64              4.63                16.51               3823984.00          10                  3.25                3.08                3.10                95176.00            22.805059           120.297891          F 
260                             1                   1e-17               605                 130.64              4.63                16.51               3823984.00          9                   0.62                14.58               14.74               18069.00            22.779445           120.239457          F 
214                             1                   1e-17               605                 130.64              4.63                16.51               3823984.00          2                   0.26                7.62                7.64                7683.00             22.797868           120.686522          F 
110                             1                   1e-17               605                 130.64              4.63                16.51               3823984.00          0                   0.19                0                   0                   5465.00             22.383595           120.899170          F 
282                             1                   1e-17               605                 130.64              4.63                16.51               3823984.00          0                   1.16                0                   0                   33818.00            22.864970           120.475455          F 
254                             1                   1e-17               605                 130.64              4.63                16.51               3823984.00          1                   0.22                4.65                4.65                6298.00             22.863943           120.395984          F 
243                             1                   1e-17               605                 130.64              4.63                16.51               3823984.00          0                   0.11                0                   0                   3235.00             22.759905           120.800810          F 
259                             1                   1e-17               605                 130.64              4.63                16.51               3823984.00          4                   0.47                8.47                8.51                13823.00            22.822246           120.228051          F 
255                             1                   1e-17               605                 130.64              4.63                16.51               3823984.00          2                   0.93                2.16                2.16                27131.00            22.870229           120.321097          F 
256                             1                   1e-17               605                 130.64              4.63                16.51               3823984.00          8                   1.70                4.71                4.75                49715.00            22.857242           120.265987          F 
233                             1                   1e-17               605                 130.64              4.63                16.51               3823984.00          0                   0.16                0                   0                   4707.00             22.155529           120.817361          F 
283                             1                   1e-17               605                 130.64              4.63                16.51               3823984.00          2                   1.25                1.60                1.60                36545.00            22.900055           120.563463          F 
240                             1                   1e-17               605                 130.64              4.63                16.51               3823984.00          15                  0.27                55.99               57.05               7842.00             22.079156           120.743263          F 
111                             1                   1e-17               605                 130.64              4.63                16.51               3823984.00          0                   0.36                0                   0                   10569.00            22.590981           120.979764          F 
257                             1                   1e-17               605                 130.64              4.63                16.51               3823984.00          7                   1.00                6.97                7.02                29396.00            22.893250           120.225937          F 
258                             1                   1e-17               605                 130.64              4.63                16.51               3823984.00          44                  0.99                44.47               47.04               28959.00            22.882414           120.198052          F 
265                             1                   1e-17               605                 130.64              4.63                16.51               3823984.00          0                   0.44                0                   0                   12893.00            22.956688           120.471927          F 
173                             1                   1e-17               605                 130.64              4.63                16.51               3823984.00          0                   0.11                0                   0                   3352.00             22.954823           120.386937          F 
170                             1                   1e-17               605                 130.64              4.63                16.51               3823984.00          0                   1.13                0                   0                   33048.00            22.955779           120.334282          F 
165                             1                   1e-17               605                 130.64              4.63                16.51               3823984.00          2                   2.39                0.84                0.84                69818.00            22.946795           120.293063          F 
266                             1                   1e-17               605                 130.64              4.63                16.51               3823984.00          0                   0.064               0                   0                   1869.00             22.919933           120.752384          F 
140                             1                   1e-17               605                 130.64              4.63                16.51               3823984.00          18                  2.65                6.79                6.93                77574.00            22.941309           120.241879          F 
231                             1                   1e-17               605                 130.64              4.63                16.51               3823984.00          0                   0.24                0                   0                   7063.00             22.049300           120.843568          F 
264                             1                   1e-17               605                 130.64              4.63                16.51               3823984.00          2                   0.37                5.46                5.48                10714.00            22.996947           120.562197          F 
222                             1                   1e-17               605                 130.64              4.63                16.51               3823984.00          25                  1.00                24.91               25.69               29375.00            21.985316           120.763254          F 
146                             1                   1e-17               605                 130.64              4.63                16.51               3823984.00          39                  4.11                9.49                9.93                120323.00           22.955619           120.190374          F 
259                             2                   1e-17               340                 35.13               9.68                16.24               1028211.00          4                   0.47                8.47                8.51                13823.00            22.822246           120.228051          T 
260                             2                   1e-17               340                 35.13               9.68                16.24               1028211.00          9                   0.62                14.58               14.74               18069.00            22.779445           120.239457          T 
256                             2                   1e-17               340                 35.13               9.68                16.24               1028211.00          8                   1.70                4.71                4.75                49715.00            22.857242           120.265987          T 
258                             2                   1e-17               340                 35.13               9.68                16.24               1028211.00          44                  0.99                44.47               47.04               28959.00            22.882414           120.198052          T 
281                             2                   1e-17               340                 35.13               9.68                16.24               1028211.00          10                  3.25                3.08                3.10                95176.00            22.805059           120.297891          T 
257                             2                   1e-17               340                 35.13               9.68                16.24               1028211.00          7                   1.00                6.97                7.02                29396.00            22.893250           120.225937          T 
261                             2                   1e-17               340                 35.13               9.68                16.24               1028211.00          36                  1.19                30.29               31.69               34792.00            22.748209           120.259399          T 
252                             2                   1e-17               340                 35.13               9.68                16.24               1028211.00          9                   1.46                6.17                6.23                42671.00            22.752524           120.300653          T 
255                             2                   1e-17               340                 35.13               9.68                16.24               1028211.00          2                   0.93                2.16                2.16                27131.00            22.870229           120.321097          T 
140                             2                   1e-17               340                 35.13               9.68                16.24               1028211.00          18                  2.65                6.79                6.93                77574.00            22.941309           120.241879          T 
272                             2                   1e-17               340                 35.13               9.68                16.24               1028211.00          84                  6.64                12.65               14.03               194404.00           22.721100           120.300758          T 
253                             2                   1e-17               340                 35.13               9.68                16.24               1028211.00          7                   0.98                7.17                7.23                28576.00            22.787696           120.370799          T 
146                             2                   1e-17               340                 35.13               9.68                16.24               1028211.00          39                  4.11                9.49                9.93                120323.00           22.955619           120.190374          T 
165                             2                   1e-17               340                 35.13               9.68                16.24               1028211.00          2                   2.39                0.84                0.84                69818.00            22.946795           120.293063          T 
271                             2                   1e-17               340                 35.13               9.68                16.24               1028211.00          61                  6.76                9.03                9.70                197784.00           22.683957           120.295159          T 
222                             3                   1e-17               40                  1.27                31.46               33.08               37217.00            25                  1.00                24.91               25.69               29375.00            21.985316           120.763254          T 
240                             3                   1e-17               40                  1.27                31.46               33.08               37217.00            15                  0.27                55.99               57.05               7842.00             22.079156           120.743263          T 
276                             4                   1.11022e-16         122                 45.68               2.67                2.98                1337191.00          13                  5.58                2.33                2.35                163295.00           22.623594           120.320910          T 
274                             4                   1.11022e-16         122                 45.68               2.67                2.98                1337191.00          1                   1.69                0.59                0.59                49573.00            22.629929           120.306734          T 
275                             4                   1.11022e-16         122                 45.68               2.67                2.98                1337191.00          2                   0.93                2.15                2.16                27199.00            22.626991           120.294422          T 
273                             4                   1.11022e-16         122                 45.68               2.67                2.98                1337191.00          18                  11.28               1.60                1.61                330287.00           22.649899           120.317919          T 
280                             4                   1.11022e-16         122                 45.68               2.67                2.98                1337191.00          32                  12.13               2.64                2.71                355175.00           22.613793           120.355436          T 
269                             4                   1.11022e-16         122                 45.68               2.67                2.98                1337191.00          1                   0.76                1.31                1.31                22275.00            22.624246           120.284233          T 
277                             4                   1.11022e-16         122                 45.68               2.67                2.98                1337191.00          31                  6.97                4.45                4.59                203877.00           22.585656           120.289154          T 
270                             4                   1.11022e-16         122                 45.68               2.67                2.98                1337191.00          14                  4.83                2.90                2.93                141277.00           22.650195           120.274163          T 
251                             4                   1.11022e-16         122                 45.68               2.67                2.98                1337191.00          10                  1.51                6.62                6.69                44233.00            22.662493           120.372778          T 
217                             5                   0.0000168           78                  37.61               2.07                2.19                1100811.00          0                   0.25                0                   0                   7355.00             22.501572           120.685723          T 
224                             5                   0.0000168           78                  37.61               2.07                2.19                1100811.00          1                   0.31                3.19                3.19                9174.00             22.486763           120.584626          T 
225                             5                   0.0000168           78                  37.61               2.07                2.19                1100811.00          1                   0.17                6.02                6.03                4860.00             22.403998           120.697580          T 
230                             5                   0.0000168           78                  37.61               2.07                2.19                1100811.00          1                   0.18                5.53                5.53                5294.00             22.604085           120.691793          T 
239                             5                   0.0000168           78                  37.61               2.07                2.19                1100811.00          1                   0.65                1.54                1.54                19010.00            22.582335           120.601817          T 
232                             5                   0.0000168           78                  37.61               2.07                2.19                1100811.00          3                   1.82                1.65                1.65                53325.00            22.536429           120.556806          T 
227                             5                   0.0000168           78                  37.61               2.07                2.19                1100811.00          5                   0.77                6.48                6.51                22593.00            22.403342           120.597584          T 
216                             5                   0.0000168           78                  37.61               2.07                2.19                1100811.00          1                   0.60                1.66                1.66                17591.00            22.429806           120.547612          T 
219                             5                   0.0000168           78                  37.61               2.07                2.19                1100811.00          0                   0.34                0                   0                   9882.00             22.479807           120.518056          T 
236                             5                   0.0000168           78                  37.61               2.07                2.19                1100811.00          2                   0.24                8.29                8.31                7063.00             22.671078           120.679924          T 
237                             5                   0.0000168           78                  37.61               2.07                2.19                1100811.00          1                   0.53                1.88                1.88                15581.00            22.588556           120.526638          T 
229                             5                   0.0000168           78                  37.61               2.07                2.19                1100811.00          2                   0.55                3.64                3.65                16087.00            22.441421           120.512509          T 
221                             5                   0.0000168           78                  37.61               2.07                2.19                1100811.00          1                   0.51                1.96                1.96                14932.00            22.515282           120.500660          T 
218                             5                   0.0000168           78                  37.61               2.07                2.19                1100811.00          0                   1.80                0                   0                   52646.00            22.651169           120.588822          T 
120                             5                   0.0000168           78                  37.61               2.07                2.19                1100811.00          0                   0.13                0                   0                   3687.00             22.581617           120.857038          T 
119                             5                   0.0000168           78                  37.61               2.07                2.19                1100811.00          0                   0.12                0                   0                   3409.00             22.384307           120.835524          T 
226                             5                   0.0000168           78                  37.61               2.07                2.19                1100811.00          2                   1.57                1.27                1.28                45936.00            22.462656           120.475133          T 
246                             5                   0.0000168           78                  37.61               2.07                2.19                1100811.00          0                   0.36                0                   0                   10483.00            22.648764           120.529969          T 
238                             5                   0.0000168           78                  37.61               2.07                2.19                1100811.00          1                   1.67                0.60                0.60                48946.00            22.588495           120.476619          T 
223                             5                   0.0000168           78                  37.61               2.07                2.19                1100811.00          2                   1.10                1.82                1.82                32198.00            22.517190           120.450143          T 
242                             5                   0.0000168           78                  37.61               2.07                2.19                1100811.00          2                   1.00                2.00                2.01                29229.00            22.694550           120.555979          T 
110                             5                   0.0000168           78                  37.61               2.07                2.19                1100811.00          0                   0.19                0                   0                   5465.00             22.383595           120.899170          T 
228                             5                   0.0000168           78                  37.61               2.07                2.19                1100811.00          1                   0.17                5.89                5.90                4966.00             22.270870           120.656767          T 
234                             5                   0.0000168           78                  37.61               2.07                2.19                1100811.00          2                   0.17                11.93               11.96               4905.00             22.260849           120.735645          T 
220                             5                   0.0000168           78                  37.61               2.07                2.19                1100811.00          6                   6.58                0.91                0.91                192657.00           22.664738           120.479995          T 
245                             5                   0.0000168           78                  37.61               2.07                2.19                1100811.00          1                   0.80                1.24                1.24                23529.00            22.742536           120.569394          T 
284                             5                   0.0000168           78                  37.61               2.07                2.19                1100811.00          14                  2.32                6.03                6.13                67903.00            22.508137           120.399052          T 
247                             5                   0.0000168           78                  37.61               2.07                2.19                1100811.00          4                   3.83                1.04                1.04                112213.00           22.592836           120.411147          T 
243                             5                   0.0000168           78                  37.61               2.07                2.19                1100811.00          0                   0.11                0                   0                   3235.00             22.759905           120.800810          T 
111                             5                   0.0000168           78                  37.61               2.07                2.19                1100811.00          0                   0.36                0                   0                   10569.00            22.590981           120.979764          T 
215                             5                   0.0000168           78                  37.61               2.07                2.19                1100811.00          1                   0.74                1.36                1.36                21552.00            22.731668           120.484504          T 
214                             5                   0.0000168           78                  37.61               2.07                2.19                1100811.00          2                   0.26                7.62                7.64                7683.00             22.797868           120.686522          T 
279                             5                   0.0000168           78                  37.61               2.07                2.19                1100811.00          6                   5.27                1.14                1.14                154354.00           22.551402           120.359261          T 
244                             5                   0.0000168           78                  37.61               2.07                2.19                1100811.00          0                   0.76                0                   0                   22336.00            22.809920           120.601768          T 
248                             5                   0.0000168           78                  37.61               2.07                2.19                1100811.00          15                  1.37                10.93               11.12               40163.00            22.711004           120.425407          T 
145                             6                   0.301               10                  2.61                3.83                3.87                76413.00            0                   0.27                0                   0                   7786.00             23.115111           120.544122          F 
164                             6                   0.301               10                  2.61                3.83                3.87                76413.00            0                   0.29                0                   0                   8532.00             23.178859           120.517030          F 
263                             6                   0.301               10                  2.61                3.83                3.87                76413.00            3                   0.18                16.23               16.28               5412.00             23.116550           120.623289          F 
167                             6                   0.301               10                  2.61                3.83                3.87                76413.00            2                   0.44                4.56                4.57                12830.00            23.114809           120.460962          F 
264                             6                   0.301               10                  2.61                3.83                3.87                76413.00            2                   0.37                5.46                5.48                10714.00            22.996947           120.562197          F 
148                             6                   0.301               10                  2.61                3.83                3.87                76413.00            0                   0.29                0                   0                   8588.00             23.144822           120.398815          F 
262                             6                   0.301               10                  2.61                3.83                3.87                76413.00            1                   0.39                2.54                2.54                11511.00            23.011954           120.658563          F 
156                             6                   0.301               10                  2.61                3.83                3.87                76413.00            0                   0.14                0                   0                   4124.00             23.026046           120.412392          F 
155                             6                   0.301               10                  2.61                3.83                3.87                76413.00            2                   0.24                8.46                8.48                6916.00             23.096893           120.370977          F 
